lep_pt	genWeights	sumWeight	N_exp
152.72833	0.49554962	80409.86	35563
163.98969	0.49554962	80409.86	35563
343.50214	-0.49554962	80409.86	35563
134.6943	-0.49554962	80409.86	35563
95.441864	0.49554962	80409.86	35563
121.69908	0.49554962	80409.86	35563
106.11264	0.49554962	80409.86	35563
133.75063	0.49554962	80409.86	35563
458.62823	0.49554962	80409.86	35563
198.74681	-0.49554962	80409.86	35563
116.21836	0.49554962	80409.86	35563
184.92668	-0.49554962	80409.86	35563
317.01077	-0.49554962	80409.86	35563
398.38867	0.49554962	80409.86	35563
164.27977	-0.49554962	80409.86	35563
60.984077	-0.49554962	80409.86	35563
208.37993	-0.49554962	80409.86	35563
81.72686	-0.49554962	80409.86	35563
67.75573	-0.49554962	80409.86	35563
39.743347	0.49554962	80409.86	35563
164.95865	0.49554962	80409.86	35563
143.68326	0.49554962	80409.86	35563
255.0828	0.49554962	80409.86	35563
139.42966	0.49554962	80409.86	35563
82.93779	0.49554962	80409.86	35563
77.14539	0.49554962	80409.86	35563
189.82562	-0.49554962	80409.86	35563
191.27171	-0.49554962	80409.86	35563
123.36849	-0.49554962	80409.86	35563
82.222206	0.49554962	80409.86	35563
52.28119	0.49554962	80409.86	35563
119.678024	0.49554962	80409.86	35563
74.9801	0.49554962	80409.86	35563
164.08324	0.49554962	80409.86	35563
66.1002	0.49554962	80409.86	35563
78.47838	0.49554962	80409.86	35563
455.68063	0.49554962	80409.86	35563
328.98306	0.49554962	80409.86	35563
102.59297	0.49554962	80409.86	35563
82.16579	0.49554962	80409.86	35563
126.5076	0.49554962	80409.86	35563
145.74593	-0.49554962	80409.86	35563
363.8491	-0.49554962	80409.86	35563
86.51582	0.49554962	80409.86	35563
209.09293	0.49554962	80409.86	35563
213.92068	0.49554962	80409.86	35563
48.129536	0.49554962	80409.86	35563
467.2108	0.49554962	80409.86	35563
132.76477	0.49554962	80409.86	35563
106.10519	0.49554962	80409.86	35563
152.27571	0.49554962	80409.86	35563
70.7717	-0.49554962	80409.86	35563
176.46773	0.49554962	80409.86	35563
295.8189	0.49554962	80409.86	35563
149.46968	-0.49554962	80409.86	35563
47.732	0.49554962	80409.86	35563
242.17555	-0.49554962	80409.86	35563
106.98873	0.49554962	80409.86	35563
179.14738	0.49554962	80409.86	35563
215.36931	0.49554962	80409.86	35563
112.94855	-0.49554962	80409.86	35563
110.34471	0.49554962	80409.86	35563
388.04358	0.49554962	80409.86	35563
156.3493	0.49554962	80409.86	35563
46.767433	0.49554962	80409.86	35563
42.04033	0.49554962	80409.86	35563
140.48938	-0.49554962	80409.86	35563
120.421875	0.49554962	80409.86	35563
194.9115	0.49554962	80409.86	35563
92.00034	0.49554962	80409.86	35563
179.62585	0.49554962	80409.86	35563
294.3358	-0.49554962	80409.86	35563
141.55554	0.49554962	80409.86	35563
253.59657	0.49554962	80409.86	35563
179.15219	0.49554962	80409.86	35563
219.2072	0.49554962	80409.86	35563
147.29378	0.49554962	80409.86	35563
285.47205	0.49554962	80409.86	35563
60.486893	0.49554962	80409.86	35563
175.54164	0.49554962	80409.86	35563
60.91072	0.49554962	80409.86	35563
76.501076	0.49554962	80409.86	35563
171.8234	0.49554962	80409.86	35563
255.92014	0.49554962	80409.86	35563
193.64629	0.49554962	80409.86	35563
228.39082	0.49554962	80409.86	35563
380.98532	0.49554962	80409.86	35563
55.12875	0.49554962	80409.86	35563
88.2395	0.49554962	80409.86	35563
145.43373	0.49554962	80409.86	35563
154.15092	-0.49554962	80409.86	35563
66.955185	0.49554962	80409.86	35563
83.93897	-0.49554962	80409.86	35563
166.57098	0.49554962	80409.86	35563
77.73744	0.49554962	80409.86	35563
478.15262	0.49554962	80409.86	35563
207.30428	0.49554962	80409.86	35563
209.39133	0.49554962	80409.86	35563
168.697	-0.49554962	80409.86	35563
415.78903	-0.49554962	80409.86	35563
87.80101	0.49554962	80409.86	35563
94.2463	0.49554962	80409.86	35563
209.94263	0.49554962	80409.86	35563
580.25256	-0.49554962	80409.86	35563
419.06042	0.49554962	80409.86	35563
50.251324	0.49554962	80409.86	35563
161.80702	0.49554962	80409.86	35563
60.296658	0.49554962	80409.86	35563
63.26284	0.49554962	80409.86	35563
606.7573	0.49554962	80409.86	35563
89.585236	0.49554962	80409.86	35563
293.77353	0.49554962	80409.86	35563
132.77875	0.49554962	80409.86	35563
63.7162	0.49554962	80409.86	35563
222.13943	-0.49554962	80409.86	35563
160.74358	0.49554962	80409.86	35563
149.85713	-0.49554962	80409.86	35563
125.39967	0.49554962	80409.86	35563
110.9959	0.49554962	80409.86	35563
233.38158	0.49554962	80409.86	35563
84.80779	0.49554962	80409.86	35563
420.34653	-0.49554962	80409.86	35563
184.87587	0.49554962	80409.86	35563
59.754982	0.49554962	80409.86	35563
185.70024	0.49554962	80409.86	35563
101.921616	0.49554962	80409.86	35563
186.08168	0.49554962	80409.86	35563
143.74878	-0.49554962	80409.86	35563
74.95308	0.49554962	80409.86	35563
215.90053	-0.49554962	80409.86	35563
206.01717	0.49554962	80409.86	35563
168.64453	0.49554962	80409.86	35563
340.0765	0.49554962	80409.86	35563
208.9076	0.49554962	80409.86	35563
159.34172	0.49554962	80409.86	35563
138.7791	-0.49554962	80409.86	35563
66.53991	0.49554962	80409.86	35563
51.894924	0.49554962	80409.86	35563
217.1921	-0.49554962	80409.86	35563
102.3077	0.49554962	80409.86	35563
56.064682	0.49554962	80409.86	35563
161.39937	0.49554962	80409.86	35563
47.723732	0.49554962	80409.86	35563
50.97627	-0.49554962	80409.86	35563
142.08728	0.49554962	80409.86	35563
308.70938	-0.49554962	80409.86	35563
268.58813	0.49554962	80409.86	35563
79.166245	0.49554962	80409.86	35563
250.9286	0.49554962	80409.86	35563
161.0096	-0.49554962	80409.86	35563
182.0031	-0.49554962	80409.86	35563
81.35691	0.49554962	80409.86	35563
42.40582	0.49554962	80409.86	35563
80.106964	0.49554962	80409.86	35563
319.90167	0.49554962	80409.86	35563
109.55906	0.49554962	80409.86	35563
406.0961	0.49554962	80409.86	35563
288.2377	0.49554962	80409.86	35563
262.7861	0.49554962	80409.86	35563
55.636166	0.49554962	80409.86	35563
112.05286	0.49554962	80409.86	35563
184.78918	0.49554962	80409.86	35563
357.61166	0.49554962	80409.86	35563
199.56439	0.49554962	80409.86	35563
976.26575	-0.49554962	80409.86	35563
295.65768	0.49554962	80409.86	35563
218.08688	0.49554962	80409.86	35563
183.87889	0.49554962	80409.86	35563
138.05562	0.49554962	80409.86	35563
219.28763	0.49554962	80409.86	35563
214.03389	0.49554962	80409.86	35563
119.99746	-0.49554962	80409.86	35563
101.64035	0.49554962	80409.86	35563
187.07207	-0.49554962	80409.86	35563
293.69177	-0.49554962	80409.86	35563
404.11404	0.49554962	80409.86	35563
48.481834	-0.49554962	80409.86	35563
260.54297	0.49554962	80409.86	35563
295.8822	0.49554962	80409.86	35563
196.75842	0.49554962	80409.86	35563
114.8881	0.49554962	80409.86	35563
113.09114	0.49554962	80409.86	35563
88.641754	0.49554962	80409.86	35563
153.06386	0.49554962	80409.86	35563
163.12788	0.49554962	80409.86	35563
155.77756	0.49554962	80409.86	35563
128.33739	0.49554962	80409.86	35563
141.49971	0.49554962	80409.86	35563
95.637024	0.49554962	80409.86	35563
344.3834	0.49554962	80409.86	35563
173.77414	0.49554962	80409.86	35563
480.4137	0.49554962	80409.86	35563
176.21664	0.49554962	80409.86	35563
251.71709	0.49554962	80409.86	35563
470.05038	0.49554962	80409.86	35563
235.69965	0.49554962	80409.86	35563
207.88547	0.49554962	80409.86	35563
149.81209	-0.49554962	80409.86	35563
75.51091	0.49554962	80409.86	35563
137.28508	-0.49554962	80409.86	35563
163.54794	0.49554962	80409.86	35563
120.94523	-0.49554962	80409.86	35563
179.7071	0.49554962	80409.86	35563
147.79924	0.49554962	80409.86	35563
93.47023	0.49554962	80409.86	35563
58.954784	0.49554962	80409.86	35563
85.03433	0.49554962	80409.86	35563
114.8957	-0.49554962	80409.86	35563
262.76804	-0.49554962	80409.86	35563
54.46162	0.49554962	80409.86	35563
100.217674	-0.49554962	80409.86	35563
196.40811	0.49554962	80409.86	35563
125.72203	0.49554962	80409.86	35563
84.84701	0.49554962	80409.86	35563
288.35336	0.49554962	80409.86	35563
158.29053	0.49554962	80409.86	35563
193.4861	0.49554962	80409.86	35563
1096.5015	-0.49554962	80409.86	35563
69.045555	-0.49554962	80409.86	35563
61.282352	0.49554962	80409.86	35563
67.557945	-0.49554962	80409.86	35563
49.102535	-0.49554962	80409.86	35563
159.92479	0.49554962	80409.86	35563
239.30507	-0.49554962	80409.86	35563
58.939056	0.49554962	80409.86	35563
434.30603	-0.49554962	80409.86	35563
245.40765	0.49554962	80409.86	35563
101.880806	0.49554962	80409.86	35563
61.90657	0.49554962	80409.86	35563
430.49374	-0.49554962	80409.86	35563
61.210045	-0.49554962	80409.86	35563
85.881195	0.49554962	80409.86	35563
217.3205	0.49554962	80409.86	35563
95.59947	0.49554962	80409.86	35563
103.47651	0.49554962	80409.86	35563
196.93834	-0.49554962	80409.86	35563
198.238	0.49554962	80409.86	35563
43.032307	0.49554962	80409.86	35563
223.69589	0.49554962	80409.86	35563
58.697186	0.49554962	80409.86	35563
212.21074	0.49554962	80409.86	35563
448.08127	-0.49554962	80409.86	35563
93.07851	0.49554962	80409.86	35563
213.87814	0.49554962	80409.86	35563
372.22855	0.49554962	80409.86	35563
147.72649	0.49554962	80409.86	35563
214.87743	-0.49554962	80409.86	35563
194.37721	0.49554962	80409.86	35563
57.86839	0.49554962	80409.86	35563
118.48644	0.49554962	80409.86	35563
101.24734	0.49554962	80409.86	35563
164.64433	0.49554962	80409.86	35563
181.51881	0.49554962	80409.86	35563
143.38834	-0.49554962	80409.86	35563
124.05946	0.49554962	80409.86	35563
394.69412	0.49554962	80409.86	35563
97.10248	0.49554962	80409.86	35563
137.92284	-0.49554962	80409.86	35563
343.58502	0.49554962	80409.86	35563
102.68592	0.49554962	80409.86	35563
147.6215	0.49554962	80409.86	35563
309.42108	0.49554962	80409.86	35563
196.4	0.49554962	80409.86	35563
138.98524	0.49554962	80409.86	35563
234.99371	0.49554962	80409.86	35563
44.75213	0.49554962	80409.86	35563
209.15614	0.49554962	80409.86	35563
189.82251	0.49554962	80409.86	35563
113.59673	0.49554962	80409.86	35563
118.15182	0.49554962	80409.86	35563
54.906643	0.49554962	80409.86	35563
338.41647	0.49554962	80409.86	35563
62.645844	-0.49554962	80409.86	35563
153.85265	0.49554962	80409.86	35563
130.57674	-0.49554962	80409.86	35563
246.48056	0.49554962	80409.86	35563
142.4221	-0.49554962	80409.86	35563
105.6692	-0.49554962	80409.86	35563
177.7003	0.49554962	80409.86	35563
148.74683	-0.49554962	80409.86	35563
247.96877	0.49554962	80409.86	35563
135.60439	0.49554962	80409.86	35563
147.8111	0.49554962	80409.86	35563
424.18277	-0.49554962	80409.86	35563
204.61127	0.49554962	80409.86	35563
235.00795	-0.49554962	80409.86	35563
36.78959	0.49554962	80409.86	35563
100.38562	0.49554962	80409.86	35563
232.77574	0.49554962	80409.86	35563
423.14432	0.49554962	80409.86	35563
67.72371	0.49554962	80409.86	35563
54.622417	0.49554962	80409.86	35563
335.11948	0.49554962	80409.86	35563
49.23956	-0.49554962	80409.86	35563
78.67142	0.49554962	80409.86	35563
165.06935	0.49554962	80409.86	35563
137.53896	0.49554962	80409.86	35563
208.58287	-0.49554962	80409.86	35563
174.2799	0.49554962	80409.86	35563
156.28748	0.49554962	80409.86	35563
193.14796	-0.49554962	80409.86	35563
300.69608	0.49554962	80409.86	35563
371.201	0.49554962	80409.86	35563
38.171738	0.49554962	80409.86	35563
105.33815	0.49554962	80409.86	35563
205.99774	0.49554962	80409.86	35563
155.46132	0.49554962	80409.86	35563
97.49865	0.49554962	80409.86	35563
321.60812	0.49554962	80409.86	35563
73.54389	-0.49554962	80409.86	35563
189.16907	0.49554962	80409.86	35563
273.539	-0.49554962	80409.86	35563
100.31671	0.49554962	80409.86	35563
158.52885	0.49554962	80409.86	35563
101.5503	0.49554962	80409.86	35563
543.99677	0.49554962	80409.86	35563
74.14199	0.49554962	80409.86	35563
89.12094	0.49554962	80409.86	35563
90.9842	0.49554962	80409.86	35563
161.4594	0.49554962	80409.86	35563
70.30734	0.49554962	80409.86	35563
133.38503	-0.49554962	80409.86	35563
204.39403	0.49554962	80409.86	35563
96.76973	0.49554962	80409.86	35563
297.40128	0.49554962	80409.86	35563
140.86157	-0.49554962	80409.86	35563
289.14688	0.49554962	80409.86	35563
50.255936	0.49554962	80409.86	35563
233.18314	0.49554962	80409.86	35563
201.20207	0.49554962	80409.86	35563
64.76322	0.49554962	80409.86	35563
164.14822	0.49554962	80409.86	35563
372.46515	0.49554962	80409.86	35563
235.42546	0.49554962	80409.86	35563
165.96078	0.49554962	80409.86	35563
313.095	0.49554962	80409.86	35563
167.74031	0.49554962	80409.86	35563
629.7162	0.49554962	80409.86	35563
53.359932	0.49554962	80409.86	35563
147.85031	0.49554962	80409.86	35563
110.20651	0.49554962	80409.86	35563
80.50176	-0.49554962	80409.86	35563
79.20389	0.49554962	80409.86	35563
494.86368	0.49554962	80409.86	35563
127.57159	0.49554962	80409.86	35563
158.60345	0.49554962	80409.86	35563
137.66661	0.49554962	80409.86	35563
221.04662	0.49554962	80409.86	35563
168.4176	0.49554962	80409.86	35563
112.28278	-0.49554962	80409.86	35563
107.02378	0.49554962	80409.86	35563
191.7626	0.49554962	80409.86	35563
339.43817	0.49554962	80409.86	35563
324.79907	0.49554962	80409.86	35563
114.457954	0.49554962	80409.86	35563
112.91792	0.49554962	80409.86	35563
196.77246	0.49554962	80409.86	35563
68.90578	0.49554962	80409.86	35563
62.938023	0.49554962	80409.86	35563
164.21594	0.49554962	80409.86	35563
146.9568	-0.49554962	80409.86	35563
440.54834	0.49554962	80409.86	35563
213.83453	0.49554962	80409.86	35563
78.1473	-0.49554962	80409.86	35563
255.80446	0.49554962	80409.86	35563
310.64172	0.49554962	80409.86	35563
37.38804	0.49554962	80409.86	35563
64.658585	0.49554962	80409.86	35563
102.69782	0.49554962	80409.86	35563
150.64636	-0.49554962	80409.86	35563
164.9712	0.49554962	80409.86	35563
119.895424	0.49554962	80409.86	35563
223.95094	0.49554962	80409.86	35563
266.77777	-0.49554962	80409.86	35563
94.7663	0.49554962	80409.86	35563
121.83616	-0.49554962	80409.86	35563
198.47667	-0.49554962	80409.86	35563
204.71454	0.49554962	80409.86	35563
215.89569	0.49554962	80409.86	35563
114.956894	0.49554962	80409.86	35563
43.890793	0.49554962	80409.86	35563
366.87054	0.49554962	80409.86	35563
139.03107	0.49554962	80409.86	35563
243.10329	0.49554962	80409.86	35563
537.3184	0.49554962	80409.86	35563
298.634	0.49554962	80409.86	35563
134.1217	0.49554962	80409.86	35563
95.67649	0.49554962	80409.86	35563
211.49774	0.49554962	80409.86	35563
543.3569	-0.49554962	80409.86	35563
224.03125	0.49554962	80409.86	35563
66.09407	0.49554962	80409.86	35563
257.03738	0.49554962	80409.86	35563
71.031296	0.49554962	80409.86	35563
98.88981	-0.49554962	80409.86	35563
318.99588	-0.49554962	80409.86	35563
108.03429	0.49554962	80409.86	35563
132.83417	0.49554962	80409.86	35563
96.38854	0.49554962	80409.86	35563
380.62323	-0.49554962	80409.86	35563
94.08345	0.49554962	80409.86	35563
217.44897	-0.49554962	80409.86	35563
332.7421	0.49554962	80409.86	35563
475.91217	-0.49554962	80409.86	35563
200.74611	0.49554962	80409.86	35563
289.06512	-0.49554962	80409.86	35563
99.57073	0.49554962	80409.86	35563
182.0131	0.49554962	80409.86	35563
270.11465	0.49554962	80409.86	35563
70.88682	0.49554962	80409.86	35563
334.45557	0.49554962	80409.86	35563
77.35994	0.49554962	80409.86	35563
74.99817	0.49554962	80409.86	35563
54.05134	0.49554962	80409.86	35563
352.96396	0.49554962	80409.86	35563
48.44042	0.49554962	80409.86	35563
293.56024	0.49554962	80409.86	35563
47.695988	0.49554962	80409.86	35563
254.74243	0.49554962	80409.86	35563
281.99875	-0.49554962	80409.86	35563
49.7218	-0.49554962	80409.86	35563
73.551895	0.49554962	80409.86	35563
193.20073	0.49554962	80409.86	35563
56.417458	0.49554962	80409.86	35563
135.64485	-0.49554962	80409.86	35563
97.28779	0.49554962	80409.86	35563
82.1185	0.49554962	80409.86	35563
229.89099	-0.49554962	80409.86	35563
232.7447	0.49554962	80409.86	35563
154.60463	0.49554962	80409.86	35563
244.41626	0.49554962	80409.86	35563
134.36931	0.49554962	80409.86	35563
354.06366	0.49554962	80409.86	35563
551.6716	0.49554962	80409.86	35563
213.48256	0.49554962	80409.86	35563
159.5274	0.49554962	80409.86	35563
181.91403	0.49554962	80409.86	35563
72.883064	0.49554962	80409.86	35563
116.06376	0.49554962	80409.86	35563
39.783504	0.49554962	80409.86	35563
209.7025	-0.49554962	80409.86	35563
80.704956	0.49554962	80409.86	35563
226.13245	-0.49554962	80409.86	35563
173.99828	0.49554962	80409.86	35563
215.58994	0.49554962	80409.86	35563
59.878685	0.49554962	80409.86	35563
61.37708	-0.49554962	80409.86	35563
265.5992	0.49554962	80409.86	35563
77.09024	0.49554962	80409.86	35563
87.78652	0.49554962	80409.86	35563
68.48654	0.49554962	80409.86	35563
331.9446	0.49554962	80409.86	35563
62.063187	0.49554962	80409.86	35563
264.14154	0.49554962	80409.86	35563
86.15096	-0.49554962	80409.86	35563
242.82944	0.49554962	80409.86	35563
189.09216	0.49554962	80409.86	35563
250.28754	-0.49554962	80409.86	35563
53.326603	-0.49554962	80409.86	35563
197.65474	0.49554962	80409.86	35563
254.5934	0.49554962	80409.86	35563
94.379715	0.49554962	80409.86	35563
326.96677	0.49554962	80409.86	35563
237.22836	-0.49554962	80409.86	35563
379.24115	-0.49554962	80409.86	35563
106.01915	0.49554962	80409.86	35563
107.021416	0.49554962	80409.86	35563
86.01894	-0.49554962	80409.86	35563
265.31082	-0.49554962	80409.86	35563
207.97614	0.49554962	80409.86	35563
358.28824	0.49554962	80409.86	35563
327.1574	-0.49554962	80409.86	35563
137.84831	0.49554962	80409.86	35563
498.00803	-0.49554962	80409.86	35563
92.26673	-0.49554962	80409.86	35563
243.09496	0.49554962	80409.86	35563
301.6452	-0.49554962	80409.86	35563
350.52884	0.49554962	80409.86	35563
50.554127	0.49554962	80409.86	35563
84.06726	0.49554962	80409.86	35563
85.96319	0.49554962	80409.86	35563
232.13364	0.49554962	80409.86	35563
155.4223	0.49554962	80409.86	35563
313.46677	0.49554962	80409.86	35563
133.90155	-0.49554962	80409.86	35563
189.42505	0.49554962	80409.86	35563
152.96077	0.49554962	80409.86	35563
83.73217	0.49554962	80409.86	35563
146.26189	0.49554962	80409.86	35563
246.17767	0.49554962	80409.86	35563
322.4128	0.49554962	80409.86	35563
96.78746	-0.49554962	80409.86	35563
136.13295	-0.49554962	80409.86	35563
119.26835	0.49554962	80409.86	35563
76.86063	0.49554962	80409.86	35563
78.91057	0.49554962	80409.86	35563
174.23288	-0.49554962	80409.86	35563
20.091032	0.49554962	80409.86	35563
341.8499	0.49554962	80409.86	35563
37.858875	-0.49554962	80409.86	35563
190.16359	0.49554962	80409.86	35563
144.2456	-0.49554962	80409.86	35563
67.102745	0.49554962	80409.86	35563
98.03229	0.49554962	80409.86	35563
238.71321	0.49554962	80409.86	35563
293.86606	-0.49554962	80409.86	35563
136.88414	-0.49554962	80409.86	35563
174.25543	0.49554962	80409.86	35563
59.291553	-0.49554962	80409.86	35563
171.65025	-0.49554962	80409.86	35563
150.30505	0.49554962	80409.86	35563
245.0792	0.49554962	80409.86	35563
290.39273	0.49554962	80409.86	35563
138.27728	0.49554962	80409.86	35563
61.107548	0.49554962	80409.86	35563
86.713715	0.49554962	80409.86	35563
354.68365	0.49554962	80409.86	35563
85.90785	0.49554962	80409.86	35563
189.26767	0.49554962	80409.86	35563
154.8901	0.49554962	80409.86	35563
294.0876	0.49554962	80409.86	35563
130.70552	0.49554962	80409.86	35563
80.553116	-0.49554962	80409.86	35563
171.28786	0.49554962	80409.86	35563
70.087265	0.49554962	80409.86	35563
172.00264	0.49554962	80409.86	35563
177.66956	0.49554962	80409.86	35563
39.212357	-0.49554962	80409.86	35563
136.04677	0.49554962	80409.86	35563
91.27102	0.49554962	80409.86	35563
86.9799	-0.49554962	80409.86	35563
230.8787	0.49554962	80409.86	35563
54.043293	0.49554962	80409.86	35563
128.77419	-0.49554962	80409.86	35563
268.35645	0.49554962	80409.86	35563
300.2041	0.49554962	80409.86	35563
69.807335	0.49554962	80409.86	35563
90.26828	0.49554962	80409.86	35563
86.44697	0.49554962	80409.86	35563
109.82353	-0.49554962	80409.86	35563
107.01181	0.49554962	80409.86	35563
266.1962	0.49554962	80409.86	35563
113.37484	0.49554962	80409.86	35563
188.48871	0.49554962	80409.86	35563
536.53186	0.49554962	80409.86	35563
132.88918	-0.49554962	80409.86	35563
161.96625	-0.49554962	80409.86	35563
74.36903	-0.49554962	80409.86	35563
422.75757	-0.49554962	80409.86	35563
274.12018	0.49554962	80409.86	35563
79.75656	0.49554962	80409.86	35563
156.07718	0.49554962	80409.86	35563
151.70384	-0.49554962	80409.86	35563
152.09149	0.49554962	80409.86	35563
100.76892	0.49554962	80409.86	35563
252.95827	0.49554962	80409.86	35563
204.65839	0.49554962	80409.86	35563
450.96143	0.49554962	80409.86	35563
220.8901	0.49554962	80409.86	35563
137.456	0.49554962	80409.86	35563
128.29651	-0.49554962	80409.86	35563
90.12164	0.49554962	80409.86	35563
220.71373	-0.49554962	80409.86	35563
46.574997	0.49554962	80409.86	35563
43.796886	-0.49554962	80409.86	35563
509.76892	0.49554962	80409.86	35563
152.68051	0.49554962	80409.86	35563
130.45073	-0.49554962	80409.86	35563
253.47472	0.49554962	80409.86	35563
351.8183	-0.49554962	80409.86	35563
69.63623	0.49554962	80409.86	35563
80.77886	0.49554962	80409.86	35563
87.533356	-0.49554962	80409.86	35563
106.17238	0.49554962	80409.86	35563
140.4307	-0.49554962	80409.86	35563
71.7227	-0.49554962	80409.86	35563
339.53128	0.49554962	80409.86	35563
244.48257	-0.49554962	80409.86	35563
214.39836	0.49554962	80409.86	35563
37.63251	-0.49554962	80409.86	35563
100.658516	0.49554962	80409.86	35563
242.14685	0.49554962	80409.86	35563
95.69862	-0.49554962	80409.86	35563
108.57408	0.49554962	80409.86	35563
77.18645	0.49554962	80409.86	35563
131.76831	0.49554962	80409.86	35563
59.22449	-0.49554962	80409.86	35563
483.35867	0.49554962	80409.86	35563
188.05334	0.49554962	80409.86	35563
127.58926	0.49554962	80409.86	35563
52.921837	0.49554962	80409.86	35563
398.27158	0.49554962	80409.86	35563
161.8619	0.49554962	80409.86	35563
187.4427	0.49554962	80409.86	35563
167.29037	-0.49554962	80409.86	35563
63.248222	0.49554962	80409.86	35563
184.45233	0.49554962	80409.86	35563
143.76053	0.49554962	80409.86	35563
270.07687	0.49554962	80409.86	35563
63.969875	-0.49554962	80409.86	35563
277.59384	0.49554962	80409.86	35563
153.03134	0.49554962	80409.86	35563
337.72137	-0.49554962	80409.86	35563
218.29568	0.49554962	80409.86	35563
104.579506	0.49554962	80409.86	35563
102.07571	0.49554962	80409.86	35563
188.31969	0.49554962	80409.86	35563
60.42929	0.49554962	80409.86	35563
43.09613	0.49554962	80409.86	35563
145.05528	0.49554962	80409.86	35563
49.18786	0.49554962	80409.86	35563
159.16595	-0.49554962	80409.86	35563
199.13588	0.49554962	80409.86	35563
256.01077	0.49554962	80409.86	35563
125.11748	0.49554962	80409.86	35563
95.615555	0.49554962	80409.86	35563
341.62997	0.49554962	80409.86	35563
75.001434	0.49554962	80409.86	35563
128.99774	-0.49554962	80409.86	35563
244.91628	0.49554962	80409.86	35563
148.33022	0.49554962	80409.86	35563
201.78583	0.49554962	80409.86	35563
158.02026	-0.49554962	80409.86	35563
134.32501	0.49554962	80409.86	35563
85.112434	0.49554962	80409.86	35563
304.42612	0.49554962	80409.86	35563
104.67729	0.49554962	80409.86	35563
268.19058	0.49554962	80409.86	35563
98.46165	-0.49554962	80409.86	35563
220.47153	0.49554962	80409.86	35563
172.39464	0.49554962	80409.86	35563
315.8005	0.49554962	80409.86	35563
43.5245	0.49554962	80409.86	35563
360.4624	0.49554962	80409.86	35563
488.49863	0.49554962	80409.86	35563
314.41272	0.49554962	80409.86	35563
65.1265	-0.49554962	80409.86	35563
206.70667	0.49554962	80409.86	35563
75.589226	0.49554962	80409.86	35563
258.78394	-0.49554962	80409.86	35563
234.2341	0.49554962	80409.86	35563
176.03906	0.49554962	80409.86	35563
86.17778	0.49554962	80409.86	35563
93.183304	-0.49554962	80409.86	35563
45.272408	-0.49554962	80409.86	35563
216.26456	-0.49554962	80409.86	35563
65.10138	-0.49554962	80409.86	35563
135.26627	0.49554962	80409.86	35563
188.59949	-0.49554962	80409.86	35563
70.317665	0.49554962	80409.86	35563
248.92863	0.49554962	80409.86	35563
98.55899	0.49554962	80409.86	35563
62.89045	0.49554962	80409.86	35563
142.2778	0.49554962	80409.86	35563
297.68808	0.49554962	80409.86	35563
375.41873	0.49554962	80409.86	35563
304.50528	0.49554962	80409.86	35563
120.494804	-0.49554962	80409.86	35563
233.3513	-0.49554962	80409.86	35563
234.1545	0.49554962	80409.86	35563
173.10298	0.49554962	80409.86	35563
271.91357	0.49554962	80409.86	35563
101.777466	-0.49554962	80409.86	35563
125.64952	0.49554962	80409.86	35563
184.48486	-0.49554962	80409.86	35563
176.74622	0.49554962	80409.86	35563
162.45895	0.49554962	80409.86	35563
128.63777	0.49554962	80409.86	35563
75.52838	0.49554962	80409.86	35563
112.47346	0.49554962	80409.86	35563
139.28899	0.49554962	80409.86	35563
57.54785	0.49554962	80409.86	35563
143.4483	0.49554962	80409.86	35563
148.66338	0.49554962	80409.86	35563
113.32452	0.49554962	80409.86	35563
169.0851	0.49554962	80409.86	35563
91.64599	-0.49554962	80409.86	35563
68.86074	0.49554962	80409.86	35563
157.41689	0.49554962	80409.86	35563
151.52556	0.49554962	80409.86	35563
213.48776	-0.49554962	80409.86	35563
80.85127	0.49554962	80409.86	35563
140.34926	0.49554962	80409.86	35563
91.386024	0.49554962	80409.86	35563
98.01407	0.49554962	80409.86	35563
76.24914	0.49554962	80409.86	35563
223.17378	-0.49554962	80409.86	35563
492.27197	0.49554962	80409.86	35563
77.61473	0.49554962	80409.86	35563
127.64452	-0.49554962	80409.86	35563
208.21162	0.49554962	80409.86	35563
223.6709	0.49554962	80409.86	35563
57.48408	-0.49554962	80409.86	35563
136.3046	0.49554962	80409.86	35563
99.94856	0.49554962	80409.86	35563
106.14121	0.49554962	80409.86	35563
214.68575	0.49554962	80409.86	35563
619.4222	-0.49554962	80409.86	35563
77.30138	-0.49554962	80409.86	35563
57.658096	0.49554962	80409.86	35563
254.91586	-0.49554962	80409.86	35563
302.5002	0.49554962	80409.86	35563
534.95624	-0.49554962	80409.86	35563
154.07559	0.49554962	80409.86	35563
87.292725	0.49554962	80409.86	35563
250.24434	0.49554962	80409.86	35563
104.29808	0.49554962	80409.86	35563
217.48071	0.49554962	80409.86	35563
66.5922	0.49554962	80409.86	35563
184.68425	0.49554962	80409.86	35563
36.56689	0.49554962	80409.86	35563
162.90254	0.49554962	80409.86	35563
225.486	-0.49554962	80409.86	35563
226.36801	-0.49554962	80409.86	35563
139.57387	-0.49554962	80409.86	35563
186.44699	0.49554962	80409.86	35563
98.44631	0.49554962	80409.86	35563
289.08438	0.49554962	80409.86	35563
248.91463	0.49554962	80409.86	35563
68.145996	-0.49554962	80409.86	35563
109.975716	0.49554962	80409.86	35563
151.13965	-0.49554962	80409.86	35563
348.89337	0.49554962	80409.86	35563
283.46973	0.49554962	80409.86	35563
103.7081	-0.49554962	80409.86	35563
315.84628	-0.49554962	80409.86	35563
85.12123	0.49554962	80409.86	35563
134.09572	0.49554962	80409.86	35563
131.3102	-0.49554962	80409.86	35563
162.06172	-0.49554962	80409.86	35563
141.18982	-0.49554962	80409.86	35563
218.3248	0.49554962	80409.86	35563
145.69775	0.49554962	80409.86	35563
155.17711	-0.49554962	80409.86	35563
55.471405	0.49554962	80409.86	35563
311.30612	0.49554962	80409.86	35563
110.84083	0.49554962	80409.86	35563
232.14653	0.49554962	80409.86	35563
34.51484	0.49554962	80409.86	35563
182.6238	0.49554962	80409.86	35563
153.60086	0.49554962	80409.86	35563
165.96425	-0.49554962	80409.86	35563
298.97083	-0.49554962	80409.86	35563
99.16688	0.49554962	80409.86	35563
261.50922	-0.49554962	80409.86	35563
224.86554	0.49554962	80409.86	35563
124.367836	0.49554962	80409.86	35563
442.03946	0.49554962	80409.86	35563
308.99298	-0.49554962	80409.86	35563
94.30761	0.49554962	80409.86	35563
107.176216	0.49554962	80409.86	35563
120.821434	0.49554962	80409.86	35563
174.8779	0.49554962	80409.86	35563
192.91458	0.49554962	80409.86	35563
149.22609	0.49554962	80409.86	35563
344.2635	-0.49554962	80409.86	35563
119.9846	0.49554962	80409.86	35563
173.82356	0.49554962	80409.86	35563
89.598045	0.49554962	80409.86	35563
362.05554	-0.49554962	80409.86	35563
262.23428	-0.49554962	80409.86	35563
280.21146	-0.49554962	80409.86	35563
161.37343	-0.49554962	80409.86	35563
119.44078	0.49554962	80409.86	35563
161.74763	0.49554962	80409.86	35563
32.11665	-0.49554962	80409.86	35563
134.9479	0.49554962	80409.86	35563
400.267	0.49554962	80409.86	35563
267.55127	-0.49554962	80409.86	35563
253.89731	-0.49554962	80409.86	35563
67.41468	-0.49554962	80409.86	35563
81.48075	-0.49554962	80409.86	35563
113.22794	0.49554962	80409.86	35563
232.56627	0.49554962	80409.86	35563
473.12003	0.49554962	80409.86	35563
141.95346	0.49554962	80409.86	35563
134.47789	0.49554962	80409.86	35563
115.68841	0.49554962	80409.86	35563
108.775246	0.49554962	80409.86	35563
106.89735	0.49554962	80409.86	35563
76.386284	-0.49554962	80409.86	35563
250.16064	0.49554962	80409.86	35563
147.95988	0.49554962	80409.86	35563
353.9147	0.49554962	80409.86	35563
307.59177	0.49554962	80409.86	35563
97.12205	0.49554962	80409.86	35563
111.03395	-0.49554962	80409.86	35563
260.9276	-0.49554962	80409.86	35563
46.003727	0.49554962	80409.86	35563
104.95748	-0.49554962	80409.86	35563
97.78857	-0.49554962	80409.86	35563
396.35464	0.49554962	80409.86	35563
63.399014	0.49554962	80409.86	35563
79.84076	0.49554962	80409.86	35563
227.2105	0.49554962	80409.86	35563
78.78087	0.49554962	80409.86	35563
64.48046	-0.49554962	80409.86	35563
65.96523	0.49554962	80409.86	35563
161.19092	0.49554962	80409.86	35563
99.72372	-0.49554962	80409.86	35563
196.85583	0.49554962	80409.86	35563
222.77972	0.49554962	80409.86	35563
293.6148	0.49554962	80409.86	35563
760.2492	0.49554962	80409.86	35563
71.04277	0.49554962	80409.86	35563
165.63564	0.49554962	80409.86	35563
75.183304	0.49554962	80409.86	35563
127.81488	0.49554962	80409.86	35563
47.706028	0.49554962	80409.86	35563
119.242874	0.49554962	80409.86	35563
334.7673	0.49554962	80409.86	35563
80.37522	0.49554962	80409.86	35563
125.41439	-0.49554962	80409.86	35563
51.492416	-0.49554962	80409.86	35563
258.49365	0.49554962	80409.86	35563
202.7745	-0.49554962	80409.86	35563
102.63682	0.49554962	80409.86	35563
230.55074	0.49554962	80409.86	35563
322.6582	-0.49554962	80409.86	35563
59.299194	-0.49554962	80409.86	35563
211.27846	-0.49554962	80409.86	35563
127.18863	0.49554962	80409.86	35563
104.07334	0.49554962	80409.86	35563
116.40052	0.49554962	80409.86	35563
251.75354	0.49554962	80409.86	35563
69.90077	-0.49554962	80409.86	35563
65.99811	0.49554962	80409.86	35563
143.09782	0.49554962	80409.86	35563
151.26419	0.49554962	80409.86	35563
466.47455	0.49554962	80409.86	35563
35.779213	0.49554962	80409.86	35563
208.96106	0.49554962	80409.86	35563
105.855194	-0.49554962	80409.86	35563
335.92795	-0.49554962	80409.86	35563
241.38672	0.49554962	80409.86	35563
94.884575	0.49554962	80409.86	35563
318.86115	-0.49554962	80409.86	35563
85.66489	0.49554962	80409.86	35563
142.58427	0.49554962	80409.86	35563
214.87135	-0.49554962	80409.86	35563
145.6521	0.49554962	80409.86	35563
198.65973	0.49554962	80409.86	35563
128.36401	0.49554962	80409.86	35563
258.4151	0.49554962	80409.86	35563
55.633278	0.49554962	80409.86	35563
224.6559	-0.49554962	80409.86	35563
315.70575	-0.49554962	80409.86	35563
159.2622	0.49554962	80409.86	35563
48.724506	0.49554962	80409.86	35563
91.86257	-0.49554962	80409.86	35563
266.70587	-0.49554962	80409.86	35563
230.49406	0.49554962	80409.86	35563
719.8476	0.49554962	80409.86	35563
191.1134	0.49554962	80409.86	35563
131.71349	0.49554962	80409.86	35563
246.94617	0.49554962	80409.86	35563
370.20953	0.49554962	80409.86	35563
198.95265	0.49554962	80409.86	35563
118.95331	0.49554962	80409.86	35563
305.8489	-0.49554962	80409.86	35563
71.611755	0.49554962	80409.86	35563
57.124493	0.49554962	80409.86	35563
169.44406	0.49554962	80409.86	35563
34.212086	0.49554962	80409.86	35563
399.7343	0.49554962	80409.86	35563
128.11234	0.49554962	80409.86	35563
129.3075	0.49554962	80409.86	35563
174.44588	0.49554962	80409.86	35563
141.53105	0.49554962	80409.86	35563
312.69724	0.49554962	80409.86	35563
271.95184	0.49554962	80409.86	35563
46.81571	0.49554962	80409.86	35563
353.87204	0.49554962	80409.86	35563
138.46538	0.49554962	80409.86	35563
366.07892	0.49554962	80409.86	35563
359.26044	0.49554962	80409.86	35563
367.31998	-0.49554962	80409.86	35563
180.27881	0.49554962	80409.86	35563
267.76096	0.49554962	80409.86	35563
336.05466	0.49554962	80409.86	35563
120.698	0.49554962	80409.86	35563
294.90582	0.49554962	80409.86	35563
275.53198	0.49554962	80409.86	35563
145.77611	0.49554962	80409.86	35563
90.56327	0.49554962	80409.86	35563
149.3614	-0.49554962	80409.86	35563
84.13502	0.49554962	80409.86	35563
161.37082	0.49554962	80409.86	35563
832.6991	0.49554962	80409.86	35563
284.54974	-0.49554962	80409.86	35563
174.97186	0.49554962	80409.86	35563
101.130356	-0.49554962	80409.86	35563
373.86987	0.49554962	80409.86	35563
356.35492	0.49554962	80409.86	35563
143.84311	0.49554962	80409.86	35563
111.46116	0.49554962	80409.86	35563
213.98172	-0.49554962	80409.86	35563
94.7461	0.49554962	80409.86	35563
336.89658	0.49554962	80409.86	35563
59.17258	0.49554962	80409.86	35563
480.9034	0.49554962	80409.86	35563
160.95557	-0.49554962	80409.86	35563
206.68294	0.49554962	80409.86	35563
278.33084	0.49554962	80409.86	35563
271.41913	0.49554962	80409.86	35563
91.13579	0.49554962	80409.86	35563
242.54306	0.49554962	80409.86	35563
148.69751	-0.49554962	80409.86	35563
187.07364	0.49554962	80409.86	35563
49.37602	0.49554962	80409.86	35563
438.29306	-0.49554962	80409.86	35563
115.31379	0.49554962	80409.86	35563
304.0544	0.49554962	80409.86	35563
85.83713	0.49554962	80409.86	35563
112.00703	0.49554962	80409.86	35563
98.20977	0.49554962	80409.86	35563
392.15616	0.49554962	80409.86	35563
255.73076	0.49554962	80409.86	35563
268.5292	0.49554962	80409.86	35563
179.68343	0.49554962	80409.86	35563
377.1406	0.49554962	80409.86	35563
241.22029	0.49554962	80409.86	35563
421.65067	-0.49554962	80409.86	35563
214.07458	0.49554962	80409.86	35563
76.03191	0.49554962	80409.86	35563
80.88251	-0.49554962	80409.86	35563
156.95653	0.49554962	80409.86	35563
121.83345	0.49554962	80409.86	35563
318.69473	-0.49554962	80409.86	35563
84.48988	0.49554962	80409.86	35563
218.84027	0.49554962	80409.86	35563
245.49559	0.49554962	80409.86	35563
166.81277	0.49554962	80409.86	35563
258.42093	0.49554962	80409.86	35563
119.48868	0.49554962	80409.86	35563
51.718975	0.49554962	80409.86	35563
58.74174	-0.49554962	80409.86	35563
205.36418	0.49554962	80409.86	35563
355.7591	0.49554962	80409.86	35563
139.4956	0.49554962	80409.86	35563
209.55096	0.49554962	80409.86	35563
71.929436	0.49554962	80409.86	35563
218.92325	-0.49554962	80409.86	35563
153.32155	0.49554962	80409.86	35563
201.57419	0.49554962	80409.86	35563
103.07495	0.49554962	80409.86	35563
64.38934	0.49554962	80409.86	35563
245.84836	0.49554962	80409.86	35563
135.74919	-0.49554962	80409.86	35563
1115.9376	0.49554962	80409.86	35563
96.1288	0.49554962	80409.86	35563
217.5116	-0.49554962	80409.86	35563
97.10776	0.49554962	80409.86	35563
227.6089	0.49554962	80409.86	35563
85.198006	0.49554962	80409.86	35563
94.072235	0.49554962	80409.86	35563
223.83238	0.49554962	80409.86	35563
372.52213	-0.49554962	80409.86	35563
321.2972	-0.49554962	80409.86	35563
76.30501	0.49554962	80409.86	35563
268.5202	0.49554962	80409.86	35563
112.97445	0.49554962	80409.86	35563
116.25613	-0.49554962	80409.86	35563
230.22849	0.49554962	80409.86	35563
149.9864	0.49554962	80409.86	35563
499.46664	-0.49554962	80409.86	35563
186.00523	-0.49554962	80409.86	35563
88.622734	0.49554962	80409.86	35563
58.862278	0.49554962	80409.86	35563
138.70232	-0.49554962	80409.86	35563
302.36124	0.49554962	80409.86	35563
145.07144	0.49554962	80409.86	35563
102.77801	0.49554962	80409.86	35563
79.37714	0.49554962	80409.86	35563
128.80624	0.49554962	80409.86	35563
119.13211	-0.49554962	80409.86	35563
130.6801	-0.49554962	80409.86	35563
123.97043	0.49554962	80409.86	35563
155.8375	0.49554962	80409.86	35563
122.82872	0.49554962	80409.86	35563
237.23148	-0.49554962	80409.86	35563
475.68222	0.49554962	80409.86	35563
185.32121	-0.49554962	80409.86	35563
108.82965	-0.49554962	80409.86	35563
162.99014	-0.49554962	80409.86	35563
338.94882	0.49554962	80409.86	35563
186.67215	0.49554962	80409.86	35563
211.28752	0.49554962	80409.86	35563
125.33784	0.49554962	80409.86	35563
120.07084	0.49554962	80409.86	35563
31.867235	0.49554962	80409.86	35563
146.06763	-0.49554962	80409.86	35563
348.4205	0.49554962	80409.86	35563
155.79677	0.49554962	80409.86	35563
58.16583	0.49554962	80409.86	35563
272.67868	-0.49554962	80409.86	35563
142.21576	-0.49554962	80409.86	35563
82.865105	0.49554962	80409.86	35563
192.71178	0.49554962	80409.86	35563
48.55304	0.49554962	80409.86	35563
371.0833	-0.49554962	80409.86	35563
245.89697	0.49554962	80409.86	35563
123.69208	0.49554962	80409.86	35563
115.77611	0.49554962	80409.86	35563
314.1477	0.49554962	80409.86	35563
152.13535	0.49554962	80409.86	35563
331.49176	-0.49554962	80409.86	35563
191.29358	-0.49554962	80409.86	35563
155.81345	-0.49554962	80409.86	35563
86.45788	0.49554962	80409.86	35563
94.65606	0.49554962	80409.86	35563
367.12567	-0.49554962	80409.86	35563
80.7025	0.49554962	80409.86	35563
101.23939	0.49554962	80409.86	35563
68.189445	0.49554962	80409.86	35563
137.64012	0.49554962	80409.86	35563
68.61454	0.49554962	80409.86	35563
213.54524	0.49554962	80409.86	35563
72.95527	0.49554962	80409.86	35563
195.30684	0.49554962	80409.86	35563
531.278	0.49554962	80409.86	35563
366.30704	0.49554962	80409.86	35563
484.41214	-0.49554962	80409.86	35563
58.915253	0.49554962	80409.86	35563
742.5157	-0.49554962	80409.86	35563
90.24319	0.49554962	80409.86	35563
74.95359	0.49554962	80409.86	35563
252.99316	-0.49554962	80409.86	35563
206.16324	0.49554962	80409.86	35563
151.92447	0.49554962	80409.86	35563
179.432	0.49554962	80409.86	35563
56.540764	-0.49554962	80409.86	35563
107.45711	0.49554962	80409.86	35563
61.958855	0.49554962	80409.86	35563
169.01976	0.49554962	80409.86	35563
456.81088	0.49554962	80409.86	35563
237.40335	0.49554962	80409.86	35563
266.25668	0.49554962	80409.86	35563
114.33058	-0.49554962	80409.86	35563
131.05362	0.49554962	80409.86	35563
236.32011	0.49554962	80409.86	35563
149.32016	-0.49554962	80409.86	35563
46.398743	0.49554962	80409.86	35563
279.26852	0.49554962	80409.86	35563
31.236818	0.49554962	80409.86	35563
90.53894	0.49554962	80409.86	35563
291.9955	0.49554962	80409.86	35563
91.8374	0.49554962	80409.86	35563
56.248398	0.49554962	80409.86	35563
282.55875	0.49554962	80409.86	35563
144.7165	0.49554962	80409.86	35563
409.13843	0.49554962	80409.86	35563
158.62004	-0.49554962	80409.86	35563
185.28297	-0.49554962	80409.86	35563
126.57049	0.49554962	80409.86	35563
173.30344	0.49554962	80409.86	35563
56.981655	0.49554962	80409.86	35563
254.04143	0.49554962	80409.86	35563
67.22576	0.49554962	80409.86	35563
82.098885	0.49554962	80409.86	35563
88.21922	-0.49554962	80409.86	35563
77.096344	0.49554962	80409.86	35563
330.11783	0.49554962	80409.86	35563
99.26284	0.49554962	80409.86	35563
252.98314	0.49554962	80409.86	35563
171.0644	0.49554962	80409.86	35563
274.89304	0.49554962	80409.86	35563
421.9118	-0.49554962	80409.86	35563
343.9292	-0.49554962	80409.86	35563
54.40528	0.49554962	80409.86	35563
63.267273	0.49554962	80409.86	35563
127.75843	-0.49554962	80409.86	35563
385.2981	0.49554962	80409.86	35563
41.50531	-0.49554962	80409.86	35563
95.31167	-0.49554962	80409.86	35563
180.98978	0.49554962	80409.86	35563
167.27393	0.49554962	80409.86	35563
60.514427	0.49554962	80409.86	35563
81.28925	0.49554962	80409.86	35563
186.2568	0.49554962	80409.86	35563
76.67039	-0.49554962	80409.86	35563
239.03214	0.49554962	80409.86	35563
56.24821	0.49554962	80409.86	35563
179.18187	0.49554962	80409.86	35563
54.536022	0.49554962	80409.86	35563
72.81918	-0.49554962	80409.86	35563
129.65918	0.49554962	80409.86	35563
230.83467	0.49554962	80409.86	35563
185.07759	0.49554962	80409.86	35563
194.60995	0.49554962	80409.86	35563
578.0259	0.49554962	80409.86	35563
444.56387	0.49554962	80409.86	35563
67.12289	-0.49554962	80409.86	35563
248.43904	-0.49554962	80409.86	35563
369.6938	-0.49554962	80409.86	35563
641.818	0.49554962	80409.86	35563
314.02618	0.49554962	80409.86	35563
190.10204	0.49554962	80409.86	35563
61.46283	-0.49554962	80409.86	35563
78.642	0.49554962	80409.86	35563
149.98346	-0.49554962	80409.86	35563
142.01106	-0.49554962	80409.86	35563
101.13682	-0.49554962	80409.86	35563
163.60675	-0.49554962	80409.86	35563
268.91208	-0.49554962	80409.86	35563
205.5267	0.49554962	80409.86	35563
57.569427	0.49554962	80409.86	35563
228.59898	-0.49554962	80409.86	35563
515.6076	0.49554962	80409.86	35563
74.37262	-0.49554962	80409.86	35563
87.64562	-0.49554962	80409.86	35563
62.616184	0.49554962	80409.86	35563
315.72632	0.49554962	80409.86	35563
150.93916	0.49554962	80409.86	35563
676.2414	0.49554962	80409.86	35563
200.29349	0.49554962	80409.86	35563
124.4642	0.49554962	80409.86	35563
79.374825	-0.49554962	80409.86	35563
79.661736	0.49554962	80409.86	35563
135.83954	0.49554962	80409.86	35563
312.0036	0.49554962	80409.86	35563
64.8242	0.49554962	80409.86	35563
161.09872	0.49554962	80409.86	35563
168.01393	-0.49554962	80409.86	35563
106.02044	0.49554962	80409.86	35563
116.681	0.49554962	80409.86	35563
142.8248	0.49554962	80409.86	35563
128.46486	0.49554962	80409.86	35563
303.63507	0.49554962	80409.86	35563
113.38553	0.49554962	80409.86	35563
109.83971	0.49554962	80409.86	35563
171.52586	-0.49554962	80409.86	35563
203.73802	0.49554962	80409.86	35563
65.421646	0.49554962	80409.86	35563
166.47145	-0.49554962	80409.86	35563
96.20224	0.49554962	80409.86	35563
79.97926	-0.49554962	80409.86	35563
164.77002	-0.49554962	80409.86	35563
32.9321	0.49554962	80409.86	35563
155.16026	0.49554962	80409.86	35563
113.78379	0.49554962	80409.86	35563
69.662285	0.49554962	80409.86	35563
147.00325	0.49554962	80409.86	35563
267.04147	0.49554962	80409.86	35563
142.11905	0.49554962	80409.86	35563
178.43448	0.49554962	80409.86	35563
173.41096	0.49554962	80409.86	35563
99.29089	-0.49554962	80409.86	35563
133.91	-0.49554962	80409.86	35563
199.98996	0.49554962	80409.86	35563
137.26147	0.49554962	80409.86	35563
89.59641	0.49554962	80409.86	35563
93.66481	0.49554962	80409.86	35563
170.92555	0.49554962	80409.86	35563
188.48401	0.49554962	80409.86	35563
506.07556	0.49554962	80409.86	35563
121.069305	0.49554962	80409.86	35563
150.20602	0.49554962	80409.86	35563
68.84803	0.49554962	80409.86	35563
124.85243	0.49554962	80409.86	35563
321.6907	0.49554962	80409.86	35563
324.76364	0.49554962	80409.86	35563
87.30924	0.49554962	80409.86	35563
110.04159	0.49554962	80409.86	35563
121.5459	0.49554962	80409.86	35563
252.91556	-0.49554962	80409.86	35563
59.94407	0.49554962	80409.86	35563
146.05336	0.49554962	80409.86	35563
179.11539	-0.49554962	80409.86	35563
92.099335	0.49554962	80409.86	35563
96.16955	-0.49554962	80409.86	35563
323.60016	0.49554962	80409.86	35563
163.26167	-0.49554962	80409.86	35563
157.50568	-0.49554962	80409.86	35563
225.14992	0.49554962	80409.86	35563
254.80974	0.49554962	80409.86	35563
187.1215	0.49554962	80409.86	35563
249.64601	0.49554962	80409.86	35563
134.70665	0.49554962	80409.86	35563
326.10205	-0.49554962	80409.86	35563
178.4051	0.49554962	80409.86	35563
116.84964	0.49554962	80409.86	35563
97.39927	-0.49554962	80409.86	35563
115.42634	0.49554962	80409.86	35563
257.54303	0.49554962	80409.86	35563
214.44403	-0.49554962	80409.86	35563
361.73828	0.49554962	80409.86	35563
150.89748	0.49554962	80409.86	35563
64.770256	0.49554962	80409.86	35563
216.60226	-0.49554962	80409.86	35563
372.6269	-0.49554962	80409.86	35563
49.742332	-0.49554962	80409.86	35563
131.93895	-0.49554962	80409.86	35563
342.43018	0.49554962	80409.86	35563
82.47877	-0.49554962	80409.86	35563
60.93888	0.49554962	80409.86	35563
134.94131	-0.49554962	80409.86	35563
134.79271	-0.49554962	80409.86	35563
387.06058	-0.49554962	80409.86	35563
118.80041	0.49554962	80409.86	35563
85.22048	0.49554962	80409.86	35563
153.16624	0.49554962	80409.86	35563
69.625534	0.49554962	80409.86	35563
115.75188	0.49554962	80409.86	35563
197.82709	0.49554962	80409.86	35563
104.3519	0.49554962	80409.86	35563
176.70856	-0.49554962	80409.86	35563
229.75856	0.49554962	80409.86	35563
163.13092	-0.49554962	80409.86	35563
289.49442	0.49554962	80409.86	35563
131.74995	-0.49554962	80409.86	35563
81.83186	-0.49554962	80409.86	35563
63.280945	0.49554962	80409.86	35563
411.0893	0.49554962	80409.86	35563
87.91042	0.49554962	80409.86	35563
177.60202	0.49554962	80409.86	35563
64.537964	-0.49554962	80409.86	35563
201.43219	0.49554962	80409.86	35563
208.79137	0.49554962	80409.86	35563
421.4645	0.49554962	80409.86	35563
120.510506	-0.49554962	80409.86	35563
153.86124	-0.49554962	80409.86	35563
120.90992	0.49554962	80409.86	35563
121.418434	0.49554962	80409.86	35563
236.40825	0.49554962	80409.86	35563
398.97647	0.49554962	80409.86	35563
210.25383	0.49554962	80409.86	35563
137.03796	-0.49554962	80409.86	35563
170.81102	0.49554962	80409.86	35563
173.03723	-0.49554962	80409.86	35563
119.11138	0.49554962	80409.86	35563
95.39203	0.49554962	80409.86	35563
330.1773	0.49554962	80409.86	35563
283.69843	-0.49554962	80409.86	35563
46.692314	0.49554962	80409.86	35563
78.67023	0.49554962	80409.86	35563
128.7537	0.49554962	80409.86	35563
198.51256	-0.49554962	80409.86	35563
76.43518	0.49554962	80409.86	35563
161.70471	0.49554962	80409.86	35563
74.654594	0.49554962	80409.86	35563
81.01957	0.49554962	80409.86	35563
149.84882	0.49554962	80409.86	35563
87.77991	0.49554962	80409.86	35563
99.211174	0.49554962	80409.86	35563
211.16136	0.49554962	80409.86	35563
247.65186	0.49554962	80409.86	35563
225.71758	-0.49554962	80409.86	35563
115.69643	-0.49554962	80409.86	35563
133.1768	0.49554962	80409.86	35563
158.3756	0.49554962	80409.86	35563
148.97401	0.49554962	80409.86	35563
80.45354	-0.49554962	80409.86	35563
69.6644	0.49554962	80409.86	35563
101.133415	0.49554962	80409.86	35563
147.871	0.49554962	80409.86	35563
236.51045	-0.49554962	80409.86	35563
73.57151	0.49554962	80409.86	35563
501.07877	-0.49554962	80409.86	35563
63.271557	0.49554962	80409.86	35563
277.14575	0.49554962	80409.86	35563
210.57335	0.49554962	80409.86	35563
156.10378	0.49554962	80409.86	35563
71.672356	0.49554962	80409.86	35563
182.20871	0.49554962	80409.86	35563
108.27702	0.49554962	80409.86	35563
228.07724	-0.49554962	80409.86	35563
108.8741	0.49554962	80409.86	35563
116.90125	0.49554962	80409.86	35563
118.59688	0.49554962	80409.86	35563
207.89333	0.49554962	80409.86	35563
95.74801	0.49554962	80409.86	35563
97.79949	0.49554962	80409.86	35563
86.453156	0.49554962	80409.86	35563
142.82782	0.49554962	80409.86	35563
80.46081	0.49554962	80409.86	35563
235.847	0.49554962	80409.86	35563
128.33833	0.49554962	80409.86	35563
25.382906	0.49554962	80409.86	35563
34.575314	0.49554962	80409.86	35563
85.18137	-0.49554962	80409.86	35563
273.89786	-0.49554962	80409.86	35563
126.58114	-0.49554962	80409.86	35563
260.699	0.49554962	80409.86	35563
415.358	0.49554962	80409.86	35563
90.32113	0.49554962	80409.86	35563
125.03606	-0.49554962	80409.86	35563
72.81709	0.49554962	80409.86	35563
306.09412	0.49554962	80409.86	35563
93.47112	0.49554962	80409.86	35563
502.36954	0.49554962	80409.86	35563
67.38446	0.49554962	80409.86	35563
49.795612	-0.49554962	80409.86	35563
132.35617	-0.49554962	80409.86	35563
197.50392	0.49554962	80409.86	35563
236.62602	0.49554962	80409.86	35563
68.690445	0.49554962	80409.86	35563
103.55945	0.49554962	80409.86	35563
107.956245	0.49554962	80409.86	35563
27.479479	-0.49554962	80409.86	35563
167.77513	0.49554962	80409.86	35563
207.39536	0.49554962	80409.86	35563
246.9736	-0.49554962	80409.86	35563
221.94443	-0.49554962	80409.86	35563
116.3455	0.49554962	80409.86	35563
106.69588	0.49554962	80409.86	35563
151.63364	0.49554962	80409.86	35563
106.85967	-0.49554962	80409.86	35563
226.01166	0.49554962	80409.86	35563
91.456764	0.49554962	80409.86	35563
307.07367	-0.49554962	80409.86	35563
88.680435	0.49554962	80409.86	35563
143.58899	0.49554962	80409.86	35563
275.12344	0.49554962	80409.86	35563
107.69983	-0.49554962	80409.86	35563
304.60727	0.49554962	80409.86	35563
230.34906	0.49554962	80409.86	35563
238.53252	0.49554962	80409.86	35563
218.18541	0.49554962	80409.86	35563
39.31665	-0.49554962	80409.86	35563
82.1761	0.49554962	80409.86	35563
160.66374	0.49554962	80409.86	35563
153.40439	0.49554962	80409.86	35563
47.439896	-0.49554962	80409.86	35563
164.33578	-0.49554962	80409.86	35563
84.077705	0.49554962	80409.86	35563
169.33743	-0.49554962	80409.86	35563
78.32251	0.49554962	80409.86	35563
74.168495	-0.49554962	80409.86	35563
399.8267	0.49554962	80409.86	35563
200.48572	0.49554962	80409.86	35563
91.608574	0.49554962	80409.86	35563
114.754715	-0.49554962	80409.86	35563
181.60501	0.49554962	80409.86	35563
50.792194	0.49554962	80409.86	35563
152.4114	0.49554962	80409.86	35563
209.09708	-0.49554962	80409.86	35563
113.04849	0.49554962	80409.86	35563
94.00535	0.49554962	80409.86	35563
61.044617	0.49554962	80409.86	35563
212.04234	0.49554962	80409.86	35563
51.417328	0.49554962	80409.86	35563
47.057934	0.49554962	80409.86	35563
73.07384	-0.49554962	80409.86	35563
122.224556	0.49554962	80409.86	35563
115.34358	0.49554962	80409.86	35563
69.662544	-0.49554962	80409.86	35563
198.74643	0.49554962	80409.86	35563
185.23657	0.49554962	80409.86	35563
121.70214	0.49554962	80409.86	35563
72.234314	0.49554962	80409.86	35563
207.24464	-0.49554962	80409.86	35563
334.2182	0.49554962	80409.86	35563
129.00293	-0.49554962	80409.86	35563
55.57771	0.49554962	80409.86	35563
381.0294	0.49554962	80409.86	35563
73.68776	0.49554962	80409.86	35563
176.8837	0.49554962	80409.86	35563
161.5051	0.49554962	80409.86	35563
403.0681	-0.49554962	80409.86	35563
141.05782	-0.49554962	80409.86	35563
294.95743	-0.49554962	80409.86	35563
59.975246	0.49554962	80409.86	35563
118.54932	0.49554962	80409.86	35563
69.31649	0.49554962	80409.86	35563
164.42445	0.49554962	80409.86	35563
120.44471	0.49554962	80409.86	35563
124.423706	-0.49554962	80409.86	35563
326.32397	-0.49554962	80409.86	35563
264.49707	-0.49554962	80409.86	35563
58.635506	0.49554962	80409.86	35563
103.73498	0.49554962	80409.86	35563
162.82344	0.49554962	80409.86	35563
154.67593	0.49554962	80409.86	35563
156.02496	-0.49554962	80409.86	35563
378.75238	0.49554962	80409.86	35563
255.7843	-0.49554962	80409.86	35563
148.0842	0.49554962	80409.86	35563
228.93378	-0.49554962	80409.86	35563
122.4786	0.49554962	80409.86	35563
178.55325	0.49554962	80409.86	35563
61.17845	0.49554962	80409.86	35563
82.51936	-0.49554962	80409.86	35563
197.36082	0.49554962	80409.86	35563
164.13742	0.49554962	80409.86	35563
270.53546	0.49554962	80409.86	35563
111.70187	0.49554962	80409.86	35563
146.68263	0.49554962	80409.86	35563
94.88172	-0.49554962	80409.86	35563
55.66833	0.49554962	80409.86	35563
514.7066	-0.49554962	80409.86	35563
143.60014	-0.49554962	80409.86	35563
61.667442	-0.49554962	80409.86	35563
381.98334	0.49554962	80409.86	35563
79.80252	0.49554962	80409.86	35563
183.18936	-0.49554962	80409.86	35563
231.22282	0.49554962	80409.86	35563
46.94317	0.49554962	80409.86	35563
41.862904	0.49554962	80409.86	35563
197.06322	0.49554962	80409.86	35563
125.592575	0.49554962	80409.86	35563
92.9338	0.49554962	80409.86	35563
144.26785	0.49554962	80409.86	35563
159.5022	-0.49554962	80409.86	35563
419.8442	0.49554962	80409.86	35563
107.983696	0.49554962	80409.86	35563
120.27122	0.49554962	80409.86	35563
249.55937	0.49554962	80409.86	35563
397.63217	-0.49554962	80409.86	35563
92.08804	0.49554962	80409.86	35563
82.13552	-0.49554962	80409.86	35563
86.679115	0.49554962	80409.86	35563
390.76074	0.49554962	80409.86	35563
93.80926	0.49554962	80409.86	35563
284.2095	0.49554962	80409.86	35563
155.43034	-0.49554962	80409.86	35563
195.17091	-0.49554962	80409.86	35563
145.31061	0.49554962	80409.86	35563
507.93552	-0.49554962	80409.86	35563
159.74086	-0.49554962	80409.86	35563
221.77237	0.49554962	80409.86	35563
85.44205	0.49554962	80409.86	35563
64.69915	0.49554962	80409.86	35563
575.92615	0.49554962	80409.86	35563
38.386135	0.49554962	80409.86	35563
201.40163	0.49554962	80409.86	35563
104.9391	-0.49554962	80409.86	35563
100.249725	-0.49554962	80409.86	35563
323.31104	0.49554962	80409.86	35563
411.48584	0.49554962	80409.86	35563
79.44494	-0.49554962	80409.86	35563
214.86496	0.49554962	80409.86	35563
437.23065	0.49554962	80409.86	35563
55.499554	0.49554962	80409.86	35563
82.44479	-0.49554962	80409.86	35563
78.555084	-0.49554962	80409.86	35563
383.31082	0.49554962	80409.86	35563
77.52072	0.49554962	80409.86	35563
102.67861	-0.49554962	80409.86	35563
322.4056	-0.49554962	80409.86	35563
169.6356	0.49554962	80409.86	35563
40.55405	0.49554962	80409.86	35563
281.2464	0.49554962	80409.86	35563
166.00752	0.49554962	80409.86	35563
488.98602	-0.49554962	80409.86	35563
614.93243	0.49554962	80409.86	35563
388.39786	0.49554962	80409.86	35563
227.82613	0.49554962	80409.86	35563
175.72656	0.49554962	80409.86	35563
316.1248	0.49554962	80409.86	35563
132.8415	0.49554962	80409.86	35563
77.16099	0.49554962	80409.86	35563
125.974365	0.49554962	80409.86	35563
313.3549	0.49554962	80409.86	35563
154.03116	0.49554962	80409.86	35563
97.88246	0.49554962	80409.86	35563
84.76805	0.49554962	80409.86	35563
149.47726	0.49554962	80409.86	35563
112.32351	-0.49554962	80409.86	35563
120.45526	0.49554962	80409.86	35563
79.652176	-0.49554962	80409.86	35563
302.97107	0.49554962	80409.86	35563
46.674118	-0.49554962	80409.86	35563
150.2456	0.49554962	80409.86	35563
138.75815	0.49554962	80409.86	35563
174.581	0.49554962	80409.86	35563
374.76093	0.49554962	80409.86	35563
177.93681	0.49554962	80409.86	35563
175.42474	0.49554962	80409.86	35563
229.56969	0.49554962	80409.86	35563
102.21874	-0.49554962	80409.86	35563
223.17819	0.49554962	80409.86	35563
198.00285	0.49554962	80409.86	35563
190.05197	0.49554962	80409.86	35563
361.04028	0.49554962	80409.86	35563
74.31832	0.49554962	80409.86	35563
90.0137	-0.49554962	80409.86	35563
392.60306	0.49554962	80409.86	35563
153.93268	-0.49554962	80409.86	35563
150.62291	0.49554962	80409.86	35563
127.43887	0.49554962	80409.86	35563
453.66437	0.49554962	80409.86	35563
322.49997	0.49554962	80409.86	35563
214.19061	-0.49554962	80409.86	35563
93.15484	0.49554962	80409.86	35563
140.4608	-0.49554962	80409.86	35563
162.203	0.49554962	80409.86	35563
70.65766	0.49554962	80409.86	35563
92.686935	-0.49554962	80409.86	35563
84.940506	-0.49554962	80409.86	35563
366.57327	0.49554962	80409.86	35563
49.83759	0.49554962	80409.86	35563
85.06323	-0.49554962	80409.86	35563
226.47647	0.49554962	80409.86	35563
88.812325	-0.49554962	80409.86	35563
270.45282	-0.49554962	80409.86	35563
392.52606	0.49554962	80409.86	35563
131.29308	0.49554962	80409.86	35563
73.132195	-0.49554962	80409.86	35563
211.34985	-0.49554962	80409.86	35563
128.89816	0.49554962	80409.86	35563
148.38228	0.49554962	80409.86	35563
87.00414	0.49554962	80409.86	35563
91.91687	0.49554962	80409.86	35563
60.758278	0.49554962	80409.86	35563
145.67104	0.49554962	80409.86	35563
324.62286	0.49554962	80409.86	35563
58.611053	-0.49554962	80409.86	35563
121.2518	0.49554962	80409.86	35563
257.91837	0.49554962	80409.86	35563
620.03845	0.49554962	80409.86	35563
258.17477	-0.49554962	80409.86	35563
264.315	-0.49554962	80409.86	35563
66.83881	-0.49554962	80409.86	35563
277.72635	0.49554962	80409.86	35563
61.964226	0.49554962	80409.86	35563
55.357647	0.49554962	80409.86	35563
81.98545	0.49554962	80409.86	35563
245.02095	0.49554962	80409.86	35563
202.4613	0.49554962	80409.86	35563
162.70267	0.49554962	80409.86	35563
287.35468	0.49554962	80409.86	35563
487.21805	-0.49554962	80409.86	35563
131.65909	0.49554962	80409.86	35563
78.95685	0.49554962	80409.86	35563
146.46733	-0.49554962	80409.86	35563
116.091705	-0.49554962	80409.86	35563
152.45877	0.49554962	80409.86	35563
92.69104	-0.49554962	80409.86	35563
67.1889	-0.49554962	80409.86	35563
346.08463	0.49554962	80409.86	35563
226.7628	0.49554962	80409.86	35563
159.87602	-0.49554962	80409.86	35563
143.19986	0.49554962	80409.86	35563
65.73023	0.49554962	80409.86	35563
169.60522	0.49554962	80409.86	35563
207.85532	0.49554962	80409.86	35563
159.91919	0.49554962	80409.86	35563
375.3044	-0.49554962	80409.86	35563
234.22287	0.49554962	80409.86	35563
70.841805	0.49554962	80409.86	35563
137.04893	0.49554962	80409.86	35563
92.76308	0.49554962	80409.86	35563
159.4526	-0.49554962	80409.86	35563
301.8892	0.49554962	80409.86	35563
538.6707	0.49554962	80409.86	35563
112.19438	0.49554962	80409.86	35563
50.287235	0.49554962	80409.86	35563
214.35431	0.49554962	80409.86	35563
297.36194	-0.49554962	80409.86	35563
231.83182	-0.49554962	80409.86	35563
132.15327	-0.49554962	80409.86	35563
78.61108	0.49554962	80409.86	35563
105.436424	0.49554962	80409.86	35563
68.78105	-0.49554962	80409.86	35563
225.25983	0.49554962	80409.86	35563
42.614902	0.49554962	80409.86	35563
149.43233	-0.49554962	80409.86	35563
162.43999	0.49554962	80409.86	35563
100.6439	-0.49554962	80409.86	35563
164.15494	-0.49554962	80409.86	35563
258.93164	0.49554962	80409.86	35563
605.42346	0.49554962	80409.86	35563
196.02899	0.49554962	80409.86	35563
142.56401	0.49554962	80409.86	35563
210.62032	0.49554962	80409.86	35563
173.45453	0.49554962	80409.86	35563
214.97993	0.49554962	80409.86	35563
158.07872	-0.49554962	80409.86	35563
158.38058	0.49554962	80409.86	35563
42.479992	0.49554962	80409.86	35563
64.10165	0.49554962	80409.86	35563
111.791084	0.49554962	80409.86	35563
266.67755	0.49554962	80409.86	35563
188.34213	0.49554962	80409.86	35563
415.38675	0.49554962	80409.86	35563
564.0972	-0.49554962	80409.86	35563
358.61346	-0.49554962	80409.86	35563
77.97944	-0.49554962	80409.86	35563
237.52516	-0.49554962	80409.86	35563
184.32979	0.49554962	80409.86	35563
137.98494	0.49554962	80409.86	35563
111.45254	0.49554962	80409.86	35563
332.4668	0.49554962	80409.86	35563
109.2289	0.49554962	80409.86	35563
139.28271	0.49554962	80409.86	35563
172.71172	-0.49554962	80409.86	35563
128.56053	0.49554962	80409.86	35563
153.73445	0.49554962	80409.86	35563
168.14679	0.49554962	80409.86	35563
202.98547	0.49554962	80409.86	35563
268.7753	-0.49554962	80409.86	35563
185.63922	0.49554962	80409.86	35563
136.41084	0.49554962	80409.86	35563
255.89954	0.49554962	80409.86	35563
278.06317	0.49554962	80409.86	35563
96.36412	0.49554962	80409.86	35563
252.30501	0.49554962	80409.86	35563
429.47757	-0.49554962	80409.86	35563
295.18103	0.49554962	80409.86	35563
239.14505	0.49554962	80409.86	35563
131.78474	0.49554962	80409.86	35563
137.40154	0.49554962	80409.86	35563
201.84442	0.49554962	80409.86	35563
71.852905	0.49554962	80409.86	35563
134.33902	0.49554962	80409.86	35563
165.46753	-0.49554962	80409.86	35563
233.41351	0.49554962	80409.86	35563
363.02917	0.49554962	80409.86	35563
183.05959	-0.49554962	80409.86	35563
113.04576	0.49554962	80409.86	35563
54.71641	-0.49554962	80409.86	35563
238.0885	-0.49554962	80409.86	35563
122.84966	0.49554962	80409.86	35563
164.5148	-0.49554962	80409.86	35563
184.03256	0.49554962	80409.86	35563
255.24236	-0.49554962	80409.86	35563
690.6818	0.49554962	80409.86	35563
131.0402	0.49554962	80409.86	35563
485.22336	0.49554962	80409.86	35563
177.70695	-0.49554962	80409.86	35563
138.44223	0.49554962	80409.86	35563
224.06622	0.49554962	80409.86	35563
130.32469	0.49554962	80409.86	35563
327.63394	-0.49554962	80409.86	35563
70.30259	0.49554962	80409.86	35563
123.9485	0.49554962	80409.86	35563
685.05634	0.49554962	80409.86	35563
173.21251	0.49554962	80409.86	35563
214.6192	0.49554962	80409.86	35563
400.40125	0.49554962	80409.86	35563
485.69888	0.49554962	80409.86	35563
52.676414	0.49554962	80409.86	35563
341.84613	0.49554962	80409.86	35563
223.72343	0.49554962	80409.86	35563
69.66393	0.49554962	80409.86	35563
47.66152	0.49554962	80409.86	35563
29.062244	-0.49554962	80409.86	35563
106.58182	0.49554962	80409.86	35563
243.33739	0.49554962	80409.86	35563
134.21223	0.49554962	80409.86	35563
62.51104	0.49554962	80409.86	35563
63.286335	0.49554962	80409.86	35563
67.637695	0.49554962	80409.86	35563
144.0169	0.49554962	80409.86	35563
199.69551	0.49554962	80409.86	35563
139.79443	-0.49554962	80409.86	35563
268.07852	0.49554962	80409.86	35563
71.78401	0.49554962	80409.86	35563
298.9017	0.49554962	80409.86	35563
90.2013	0.49554962	80409.86	35563
165.59496	0.49554962	80409.86	35563
122.58423	0.49554962	80409.86	35563
256.25064	0.49554962	80409.86	35563
92.65785	0.49554962	80409.86	35563
76.03457	0.49554962	80409.86	35563
59.369915	0.49554962	80409.86	35563
99.500786	0.49554962	80409.86	35563
190.80751	0.49554962	80409.86	35563
321.24588	0.49554962	80409.86	35563
64.4797	0.49554962	80409.86	35563
59.24502	0.49554962	80409.86	35563
37.323345	0.49554962	80409.86	35563
232.53642	-0.49554962	80409.86	35563
67.14603	0.49554962	80409.86	35563
290.33167	0.49554962	80409.86	35563
142.40761	-0.49554962	80409.86	35563
201.47942	0.49554962	80409.86	35563
114.70869	0.49554962	80409.86	35563
75.79597	0.49554962	80409.86	35563
323.18347	0.49554962	80409.86	35563
132.85861	0.49554962	80409.86	35563
354.46368	0.49554962	80409.86	35563
89.87901	0.49554962	80409.86	35563
136.46152	0.49554962	80409.86	35563
52.369343	-0.49554962	80409.86	35563
188.88205	0.49554962	80409.86	35563
64.46591	0.49554962	80409.86	35563
54.958927	0.49554962	80409.86	35563
409.43018	0.49554962	80409.86	35563
247.35527	0.49554962	80409.86	35563
277.53906	-0.49554962	80409.86	35563
217.95702	0.49554962	80409.86	35563
25.777082	0.49554962	80409.86	35563
135.66568	0.49554962	80409.86	35563
155.35712	0.49554962	80409.86	35563
177.61494	0.49554962	80409.86	35563
92.277664	-0.49554962	80409.86	35563
121.97274	0.49554962	80409.86	35563
119.47529	-0.49554962	80409.86	35563
159.64255	0.49554962	80409.86	35563
348.3432	0.49554962	80409.86	35563
136.4148	0.49554962	80409.86	35563
239.2551	-0.49554962	80409.86	35563
353.013	0.49554962	80409.86	35563
69.09302	0.49554962	80409.86	35563
118.84205	0.49554962	80409.86	35563
126.90538	0.49554962	80409.86	35563
42.845863	0.49554962	80409.86	35563
123.56997	0.49554962	80409.86	35563
175.8029	0.49554962	80409.86	35563
192.36769	0.49554962	80409.86	35563
395.112	0.49554962	80409.86	35563
378.9959	0.49554962	80409.86	35563
108.85242	0.49554962	80409.86	35563
112.54505	0.49554962	80409.86	35563
85.94917	-0.49554962	80409.86	35563
62.34086	0.49554962	80409.86	35563
56.494797	-0.49554962	80409.86	35563
208.2305	0.49554962	80409.86	35563
399.44772	-0.49554962	80409.86	35563
88.888115	0.49554962	80409.86	35563
42.06684	-0.49554962	80409.86	35563
76.95161	0.49554962	80409.86	35563
137.8515	-0.49554962	80409.86	35563
83.16592	-0.49554962	80409.86	35563
100.23563	0.49554962	80409.86	35563
180.14455	0.49554962	80409.86	35563
89.75105	0.49554962	80409.86	35563
52.2791	0.49554962	80409.86	35563
122.692726	0.49554962	80409.86	35563
315.8878	0.49554962	80409.86	35563
146.7225	-0.49554962	80409.86	35563
184.06805	-0.49554962	80409.86	35563
193.7315	0.49554962	80409.86	35563
94.877335	0.49554962	80409.86	35563
191.90445	-0.49554962	80409.86	35563
114.39672	0.49554962	80409.86	35563
45.33274	0.49554962	80409.86	35563
115.529396	-0.49554962	80409.86	35563
162.89818	-0.49554962	80409.86	35563
162.05379	0.49554962	80409.86	35563
95.16779	0.49554962	80409.86	35563
59.676243	-0.49554962	80409.86	35563
54.701775	0.49554962	80409.86	35563
130.65343	0.49554962	80409.86	35563
