lep_pt	AK4_pt	genWeights	sumWeight	N_exp
441.57437	154.625	-12.825598	6776442.0	275153
158.83087	64.5625	-12.825598	6776442.0	275153
178.27391	103.8125	12.825598	6776442.0	275153
127.57005	132.75	-12.825598	6776442.0	275153
339.028	56.09375	12.825598	6776442.0	275153
171.61943	81.0625	12.825598	6776442.0	275153
180.5043	78.0	-12.825598	6776442.0	275153
372.61847	93.625	12.825598	6776442.0	275153
111.899826	63.125	12.825598	6776442.0	275153
266.7151	144.75	12.825598	6776442.0	275153
208.36133	121.3125	12.825598	6776442.0	275153
98.76504	95.125	12.825598	6776442.0	275153
159.42361	110.625	12.825598	6776442.0	275153
162.83778	128.375	12.825598	6776442.0	275153
85.743	137.375	12.825598	6776442.0	275153
219.63869	130.875	12.825598	6776442.0	275153
157.42085	78.8125	12.825598	6776442.0	275153
100.265884	70.25	12.825598	6776442.0	275153
94.84717	89.4375	12.825598	6776442.0	275153
126.599945	74.875	-12.825598	6776442.0	275153
430.8464	161.5	12.825598	6776442.0	275153
257.77786	40.625	12.825598	6776442.0	275153
49.503876	94.4375	12.825598	6776442.0	275153
158.01569	102.875	-12.825598	6776442.0	275153
148.45058	166.625	12.825598	6776442.0	275153
304.66168	149.625	12.825598	6776442.0	275153
174.51714	87.125	12.825598	6776442.0	275153
102.14163	83.9375	-12.825598	6776442.0	275153
170.3426	76.1875	-12.825598	6776442.0	275153
279.65457	59.34375	12.825598	6776442.0	275153
75.54895	94.0625	12.825598	6776442.0	275153
99.68778	141.25	12.825598	6776442.0	275153
181.37321	111.375	12.825598	6776442.0	275153
141.32161	60.625	12.825598	6776442.0	275153
255.06706	155.75	-12.825598	6776442.0	275153
136.7001	37.96875	12.825598	6776442.0	275153
177.26074	146.375	12.825598	6776442.0	275153
111.31512	59.40625	12.825598	6776442.0	275153
63.51208	72.25	12.825598	6776442.0	275153
130.45314	152.75	12.825598	6776442.0	275153
216.54437	60.84375	12.825598	6776442.0	275153
141.01535	62.03125	12.825598	6776442.0	275153
219.87103	83.8125	-12.825598	6776442.0	275153
193.69601	228.75	12.825598	6776442.0	275153
147.62498	64.0625	-12.825598	6776442.0	275153
187.3306	115.8125	12.825598	6776442.0	275153
86.77376	129.875	12.825598	6776442.0	275153
191.66806	90.3125	-12.825598	6776442.0	275153
124.29047	83.75	12.825598	6776442.0	275153
176.32234	114.875	12.825598	6776442.0	275153
115.86458	59.625	12.825598	6776442.0	275153
169.56702	93.1875	12.825598	6776442.0	275153
150.27637	77.1875	-12.825598	6776442.0	275153
143.73312	73.0	12.825598	6776442.0	275153
329.7092	269.75	12.825598	6776442.0	275153
154.4744	144.125	12.825598	6776442.0	275153
170.62485	68.9375	-12.825598	6776442.0	275153
128.32187	75.9375	12.825598	6776442.0	275153
52.981674	81.5625	-12.825598	6776442.0	275153
33.001823	107.3125	12.825598	6776442.0	275153
93.3811	71.5	12.825598	6776442.0	275153
109.06551	81.1875	12.825598	6776442.0	275153
56.586	118.875	12.825598	6776442.0	275153
71.50001	95.3125	-12.825598	6776442.0	275153
84.123344	138.375	12.825598	6776442.0	275153
183.94624	130.25	12.825598	6776442.0	275153
139.71718	46.4375	12.825598	6776442.0	275153
373.49405	149.125	12.825598	6776442.0	275153
64.06904	38.5625	12.825598	6776442.0	275153
142.51283	85.125	12.825598	6776442.0	275153
141.8643	34.0625	-12.825598	6776442.0	275153
128.60614	67.6875	12.825598	6776442.0	275153
106.26352	61.875	12.825598	6776442.0	275153
114.947235	56.78125	12.825598	6776442.0	275153
269.35248	115.75	12.825598	6776442.0	275153
128.60995	106.875	-12.825598	6776442.0	275153
152.11852	57.1875	12.825598	6776442.0	275153
34.21846	56.8125	12.825598	6776442.0	275153
109.777435	56.5	12.825598	6776442.0	275153
188.28477	55.96875	-12.825598	6776442.0	275153
88.59152	69.4375	12.825598	6776442.0	275153
60.02223	154.875	12.825598	6776442.0	275153
122.178986	111.5	12.825598	6776442.0	275153
46.301224	90.4375	12.825598	6776442.0	275153
188.57867	66.875	12.825598	6776442.0	275153
282.04843	66.875	12.825598	6776442.0	275153
143.59631	88.0	12.825598	6776442.0	275153
62.673824	62.6875	12.825598	6776442.0	275153
119.099174	78.4375	12.825598	6776442.0	275153
46.7309	43.3125	12.825598	6776442.0	275153
275.18765	31.5625	-12.825598	6776442.0	275153
234.04799	77.625	12.825598	6776442.0	275153
155.47047	104.25	12.825598	6776442.0	275153
80.996574	161.625	12.825598	6776442.0	275153
241.39468	69.875	12.825598	6776442.0	275153
95.47195	150.625	12.825598	6776442.0	275153
106.36944	126.375	12.825598	6776442.0	275153
103.921165	26.53125	12.825598	6776442.0	275153
163.86331	92.6875	12.825598	6776442.0	275153
192.30225	69.5625	12.825598	6776442.0	275153
165.55698	131.5	12.825598	6776442.0	275153
107.03772	153.5	12.825598	6776442.0	275153
180.26924	80.5	12.825598	6776442.0	275153
393.93552	97.3125	-12.825598	6776442.0	275153
175.80344	62.9375	12.825598	6776442.0	275153
69.39336	82.0	-12.825598	6776442.0	275153
69.78082	125.0625	-12.825598	6776442.0	275153
242.7346	94.9375	12.825598	6776442.0	275153
158.4196	97.125	12.825598	6776442.0	275153
147.14348	46.59375	-12.825598	6776442.0	275153
182.3157	90.875	12.825598	6776442.0	275153
76.30679	122.9375	12.825598	6776442.0	275153
116.476295	59.46875	12.825598	6776442.0	275153
149.42859	55.40625	-12.825598	6776442.0	275153
135.5672	115.375	12.825598	6776442.0	275153
172.11858	96.1875	12.825598	6776442.0	275153
110.588936	135.125	12.825598	6776442.0	275153
149.01204	59.4375	12.825598	6776442.0	275153
73.73928	68.4375	12.825598	6776442.0	275153
174.86499	90.875	12.825598	6776442.0	275153
156.86916	102.375	12.825598	6776442.0	275153
154.12657	95.6875	12.825598	6776442.0	275153
156.4755	124.875	12.825598	6776442.0	275153
157.48373	43.4375	12.825598	6776442.0	275153
57.774014	53.125	12.825598	6776442.0	275153
46.550266	73.8125	12.825598	6776442.0	275153
214.38524	103.125	12.825598	6776442.0	275153
65.09648	139.375	12.825598	6776442.0	275153
58.400463	72.875	12.825598	6776442.0	275153
165.27008	38.71875	-12.825598	6776442.0	275153
143.42421	62.125	-12.825598	6776442.0	275153
144.65915	57.8125	12.825598	6776442.0	275153
50.98346	79.9375	-12.825598	6776442.0	275153
86.85506	121.75	-12.825598	6776442.0	275153
42.836266	73.0	12.825598	6776442.0	275153
185.2459	37.1875	12.825598	6776442.0	275153
149.77074	82.0625	12.825598	6776442.0	275153
147.1066	75.3125	12.825598	6776442.0	275153
53.85938	74.8125	-12.825598	6776442.0	275153
95.49239	98.25	12.825598	6776442.0	275153
51.781345	55.375	12.825598	6776442.0	275153
196.72728	92.1875	12.825598	6776442.0	275153
150.40718	70.75	12.825598	6776442.0	275153
158.20703	93.125	12.825598	6776442.0	275153
160.0836	123.625	-12.825598	6776442.0	275153
174.8637	60.03125	12.825598	6776442.0	275153
120.54288	63.9375	12.825598	6776442.0	275153
243.44196	81.125	12.825598	6776442.0	275153
65.755775	94.625	12.825598	6776442.0	275153
137.70746	107.1875	-12.825598	6776442.0	275153
158.29736	124.875	12.825598	6776442.0	275153
271.25238	104.0	12.825598	6776442.0	275153
118.842	95.0	12.825598	6776442.0	275153
58.555435	78.25	12.825598	6776442.0	275153
101.22749	124.75	12.825598	6776442.0	275153
280.19852	56.34375	-12.825598	6776442.0	275153
213.11688	66.625	12.825598	6776442.0	275153
62.980682	35.0625	-12.825598	6776442.0	275153
24.56374	92.125	12.825598	6776442.0	275153
125.64974	103.375	12.825598	6776442.0	275153
127.96511	152.875	12.825598	6776442.0	275153
443.26868	90.25	12.825598	6776442.0	275153
173.47658	105.375	12.825598	6776442.0	275153
161.11432	145.875	12.825598	6776442.0	275153
173.62733	57.875	12.825598	6776442.0	275153
93.83591	102.5	-12.825598	6776442.0	275153
97.118095	56.5625	12.825598	6776442.0	275153
184.58586	167.75	12.825598	6776442.0	275153
137.77895	86.9375	-12.825598	6776442.0	275153
161.85408	106.875	-12.825598	6776442.0	275153
53.936394	86.75	12.825598	6776442.0	275153
111.23117	56.03125	12.825598	6776442.0	275153
56.73352	95.1875	12.825598	6776442.0	275153
84.51593	81.75	12.825598	6776442.0	275153
87.34646	69.625	12.825598	6776442.0	275153
74.3205	89.9375	12.825598	6776442.0	275153
104.92314	30.5625	12.825598	6776442.0	275153
255.54008	32.25	-12.825598	6776442.0	275153
68.86954	83.0	12.825598	6776442.0	275153
101.230576	99.75	12.825598	6776442.0	275153
169.03412	60.96875	12.825598	6776442.0	275153
153.90889	106.0625	12.825598	6776442.0	275153
162.75317	146.0	12.825598	6776442.0	275153
155.943	76.8125	12.825598	6776442.0	275153
146.29324	74.0625	12.825598	6776442.0	275153
38.35633	92.0	12.825598	6776442.0	275153
94.74015	96.875	12.825598	6776442.0	275153
32.672558	97.5625	-12.825598	6776442.0	275153
278.8485	148.75	-12.825598	6776442.0	275153
126.17669	62.96875	12.825598	6776442.0	275153
169.31491	51.6875	-12.825598	6776442.0	275153
91.30096	100.25	12.825598	6776442.0	275153
203.30127	48.03125	-12.825598	6776442.0	275153
58.74407	62.6875	12.825598	6776442.0	275153
97.36774	71.25	12.825598	6776442.0	275153
102.18187	55.75	12.825598	6776442.0	275153
52.443645	76.1875	12.825598	6776442.0	275153
149.94316	57.03125	12.825598	6776442.0	275153
629.12036	55.5	-12.825598	6776442.0	275153
175.01686	71.5	12.825598	6776442.0	275153
111.43527	112.0625	12.825598	6776442.0	275153
103.20103	58.65625	12.825598	6776442.0	275153
87.32467	69.4375	-12.825598	6776442.0	275153
466.8148	83.6875	12.825598	6776442.0	275153
176.96156	74.3125	12.825598	6776442.0	275153
129.56587	37.71875	12.825598	6776442.0	275153
125.73897	66.75	-12.825598	6776442.0	275153
153.81705	84.6875	12.825598	6776442.0	275153
86.01695	86.875	12.825598	6776442.0	275153
192.40994	53.46875	12.825598	6776442.0	275153
101.470245	86.625	12.825598	6776442.0	275153
197.94736	60.75	12.825598	6776442.0	275153
123.412506	98.625	12.825598	6776442.0	275153
197.67474	80.8125	12.825598	6776442.0	275153
81.54497	131.0	12.825598	6776442.0	275153
154.39961	41.46875	12.825598	6776442.0	275153
139.30797	104.6875	12.825598	6776442.0	275153
182.55943	88.625	-12.825598	6776442.0	275153
186.94585	74.0625	-12.825598	6776442.0	275153
203.22917	63.125	-12.825598	6776442.0	275153
180.27669	73.6875	12.825598	6776442.0	275153
212.90208	75.0	12.825598	6776442.0	275153
90.751335	122.375	12.825598	6776442.0	275153
129.53433	30.5625	-12.825598	6776442.0	275153
104.67063	108.4375	12.825598	6776442.0	275153
175.38007	95.375	12.825598	6776442.0	275153
228.03075	123.625	12.825598	6776442.0	275153
149.59209	113.3125	12.825598	6776442.0	275153
161.74191	91.9375	12.825598	6776442.0	275153
142.2685	66.5	12.825598	6776442.0	275153
119.86086	79.9375	12.825598	6776442.0	275153
234.89606	84.0625	12.825598	6776442.0	275153
145.92088	71.4375	-12.825598	6776442.0	275153
64.13278	66.25	12.825598	6776442.0	275153
154.76549	83.9375	-12.825598	6776442.0	275153
152.10205	72.4375	12.825598	6776442.0	275153
63.903244	62.9375	12.825598	6776442.0	275153
470.5212	110.875	12.825598	6776442.0	275153
121.192894	134.25	12.825598	6776442.0	275153
155.02135	154.625	12.825598	6776442.0	275153
128.53546	110.625	-12.825598	6776442.0	275153
116.97904	114.875	12.825598	6776442.0	275153
69.76729	55.21875	12.825598	6776442.0	275153
147.09132	89.6875	12.825598	6776442.0	275153
120.40357	111.0	12.825598	6776442.0	275153
117.35165	79.25	12.825598	6776442.0	275153
167.98305	120.6875	12.825598	6776442.0	275153
172.98463	58.9375	12.825598	6776442.0	275153
143.80586	55.5625	12.825598	6776442.0	275153
34.646545	113.4375	12.825598	6776442.0	275153
92.09474	127.125	12.825598	6776442.0	275153
109.62479	97.75	12.825598	6776442.0	275153
155.27858	63.6875	12.825598	6776442.0	275153
159.69429	90.375	-12.825598	6776442.0	275153
246.9114	84.3125	12.825598	6776442.0	275153
67.52671	90.25	12.825598	6776442.0	275153
53.37262	61.53125	12.825598	6776442.0	275153
126.4902	63.5	12.825598	6776442.0	275153
113.66396	98.5	12.825598	6776442.0	275153
142.98866	73.5625	12.825598	6776442.0	275153
103.82825	79.5	12.825598	6776442.0	275153
163.28735	63.375	-12.825598	6776442.0	275153
148.83955	72.3125	12.825598	6776442.0	275153
74.09732	99.6875	12.825598	6776442.0	275153
150.86038	94.4375	12.825598	6776442.0	275153
71.21813	64.125	12.825598	6776442.0	275153
70.58769	68.5	12.825598	6776442.0	275153
175.79837	77.5625	-12.825598	6776442.0	275153
157.06569	141.75	12.825598	6776442.0	275153
189.92282	139.75	12.825598	6776442.0	275153
57.495453	62.625	12.825598	6776442.0	275153
184.7743	73.25	12.825598	6776442.0	275153
85.32418	85.5625	12.825598	6776442.0	275153
85.30808	99.5	12.825598	6776442.0	275153
139.21745	111.4375	12.825598	6776442.0	275153
599.77167	134.375	12.825598	6776442.0	275153
127.57465	30.0	12.825598	6776442.0	275153
146.84439	56.65625	12.825598	6776442.0	275153
138.10838	68.5	-12.825598	6776442.0	275153
164.85202	30.25	12.825598	6776442.0	275153
130.89587	75.5	12.825598	6776442.0	275153
163.18814	42.0	12.825598	6776442.0	275153
55.174564	82.8125	12.825598	6776442.0	275153
123.85744	141.875	12.825598	6776442.0	275153
90.81314	186.625	12.825598	6776442.0	275153
164.73425	83.25	12.825598	6776442.0	275153
154.71916	138.5	-12.825598	6776442.0	275153
74.88682	135.875	12.825598	6776442.0	275153
89.93188	52.03125	12.825598	6776442.0	275153
115.64728	99.125	-12.825598	6776442.0	275153
240.00655	33.5	12.825598	6776442.0	275153
210.28023	61.59375	12.825598	6776442.0	275153
350.27475	70.5625	-12.825598	6776442.0	275153
175.06815	64.375	12.825598	6776442.0	275153
52.276997	72.25	12.825598	6776442.0	275153
209.29536	113.25	12.825598	6776442.0	275153
82.52383	83.4375	-12.825598	6776442.0	275153
144.31548	62.9375	12.825598	6776442.0	275153
169.00098	62.96875	-12.825598	6776442.0	275153
112.39435	69.0	12.825598	6776442.0	275153
263.03845	35.0	12.825598	6776442.0	275153
208.6508	159.625	-12.825598	6776442.0	275153
161.55962	103.125	12.825598	6776442.0	275153
205.69197	63.46875	12.825598	6776442.0	275153
129.05136	30.703125	12.825598	6776442.0	275153
99.314	110.1875	12.825598	6776442.0	275153
120.24649	103.875	12.825598	6776442.0	275153
128.64365	137.5	12.825598	6776442.0	275153
50.69236	99.4375	12.825598	6776442.0	275153
27.660074	137.875	12.825598	6776442.0	275153
60.40333	86.5	12.825598	6776442.0	275153
137.6861	57.25	12.825598	6776442.0	275153
109.20063	72.4375	-12.825598	6776442.0	275153
281.94937	86.375	-12.825598	6776442.0	275153
250.08783	111.5	12.825598	6776442.0	275153
119.9457	98.0	12.825598	6776442.0	275153
276.0159	67.5625	12.825598	6776442.0	275153
49.82923	65.0	-12.825598	6776442.0	275153
48.39334	66.5625	12.825598	6776442.0	275153
186.3529	85.375	12.825598	6776442.0	275153
67.764656	64.875	12.825598	6776442.0	275153
269.37595	32.4375	12.825598	6776442.0	275153
44.188618	106.5	12.825598	6776442.0	275153
154.4595	60.59375	12.825598	6776442.0	275153
103.0193	101.6875	-12.825598	6776442.0	275153
48.816135	114.0	12.825598	6776442.0	275153
131.28984	61.25	12.825598	6776442.0	275153
143.93643	96.75	12.825598	6776442.0	275153
146.07053	71.25	12.825598	6776442.0	275153
142.13593	90.5	12.825598	6776442.0	275153
257.79233	31.25	12.825598	6776442.0	275153
165.57759	89.625	12.825598	6776442.0	275153
87.44392	75.0	12.825598	6776442.0	275153
130.1465	57.5	-12.825598	6776442.0	275153
156.4848	84.625	-12.825598	6776442.0	275153
271.3786	138.125	12.825598	6776442.0	275153
75.24281	128.375	12.825598	6776442.0	275153
205.94386	74.0	12.825598	6776442.0	275153
178.53943	89.25	12.825598	6776442.0	275153
187.79665	102.5625	12.825598	6776442.0	275153
172.68272	41.9375	-12.825598	6776442.0	275153
315.90338	87.5625	12.825598	6776442.0	275153
116.69168	134.25	12.825598	6776442.0	275153
83.57151	75.8125	12.825598	6776442.0	275153
238.80356	42.34375	12.825598	6776442.0	275153
194.69095	150.125	12.825598	6776442.0	275153
78.68263	130.125	12.825598	6776442.0	275153
110.81155	56.53125	12.825598	6776442.0	275153
231.45874	55.8125	12.825598	6776442.0	275153
160.01266	89.0	12.825598	6776442.0	275153
156.09343	89.75	-12.825598	6776442.0	275153
168.32648	56.0	-12.825598	6776442.0	275153
55.93853	72.625	12.825598	6776442.0	275153
219.1751	60.9375	12.825598	6776442.0	275153
195.25943	81.6875	12.825598	6776442.0	275153
237.32452	55.1875	12.825598	6776442.0	275153
164.30817	68.3125	-12.825598	6776442.0	275153
156.63846	61.75	-12.825598	6776442.0	275153
157.19441	55.75	-12.825598	6776442.0	275153
110.8803	70.625	12.825598	6776442.0	275153
135.40842	107.0625	12.825598	6776442.0	275153
166.70972	76.5	12.825598	6776442.0	275153
174.25368	44.0	12.825598	6776442.0	275153
129.31058	82.625	12.825598	6776442.0	275153
112.16683	66.25	12.825598	6776442.0	275153
76.46209	96.375	12.825598	6776442.0	275153
70.82522	89.0	12.825598	6776442.0	275153
52.20294	76.4375	12.825598	6776442.0	275153
142.36734	110.9375	12.825598	6776442.0	275153
70.68053	63.5625	12.825598	6776442.0	275153
74.197205	112.625	12.825598	6776442.0	275153
59.73059	182.25	12.825598	6776442.0	275153
178.38765	71.25	12.825598	6776442.0	275153
299.0259	86.5	12.825598	6776442.0	275153
204.66856	106.75	12.825598	6776442.0	275153
121.13029	60.53125	12.825598	6776442.0	275153
136.67705	57.5625	12.825598	6776442.0	275153
170.94878	53.40625	12.825598	6776442.0	275153
177.6081	55.5625	12.825598	6776442.0	275153
163.1254	82.625	12.825598	6776442.0	275153
74.75317	150.0	12.825598	6776442.0	275153
129.92137	135.5	12.825598	6776442.0	275153
146.3156	57.4375	12.825598	6776442.0	275153
92.78787	56.9375	12.825598	6776442.0	275153
159.34128	72.0	-12.825598	6776442.0	275153
71.327896	74.875	12.825598	6776442.0	275153
299.96686	95.0	12.825598	6776442.0	275153
45.21695	60.125	12.825598	6776442.0	275153
168.09329	56.78125	12.825598	6776442.0	275153
63.26716	55.90625	12.825598	6776442.0	275153
151.53824	91.4375	12.825598	6776442.0	275153
45.69901	116.625	12.825598	6776442.0	275153
119.67589	113.625	12.825598	6776442.0	275153
37.108665	97.4375	12.825598	6776442.0	275153
243.08029	58.59375	12.825598	6776442.0	275153
341.7375	95.4375	12.825598	6776442.0	275153
181.27345	65.9375	12.825598	6776442.0	275153
194.81839	69.375	12.825598	6776442.0	275153
99.509415	75.875	12.825598	6776442.0	275153
241.77888	83.75	12.825598	6776442.0	275153
47.915054	83.6875	12.825598	6776442.0	275153
155.91197	108.3125	-12.825598	6776442.0	275153
239.50435	137.5	-12.825598	6776442.0	275153
156.84213	62.125	12.825598	6776442.0	275153
180.84932	161.75	12.825598	6776442.0	275153
171.66081	126.375	12.825598	6776442.0	275153
44.653778	83.125	-12.825598	6776442.0	275153
145.51582	143.375	12.825598	6776442.0	275153
96.691376	163.25	12.825598	6776442.0	275153
177.96075	55.75	12.825598	6776442.0	275153
194.71925	85.375	12.825598	6776442.0	275153
115.70968	88.5625	12.825598	6776442.0	275153
155.32718	52.84375	12.825598	6776442.0	275153
91.29068	30.109375	-12.825598	6776442.0	275153
205.50835	151.0	12.825598	6776442.0	275153
183.38727	41.96875	-12.825598	6776442.0	275153
191.15451	139.5	12.825598	6776442.0	275153
156.97255	100.9375	12.825598	6776442.0	275153
103.632065	148.375	12.825598	6776442.0	275153
220.73439	91.3125	12.825598	6776442.0	275153
85.85183	32.40625	12.825598	6776442.0	275153
184.38002	115.5	-12.825598	6776442.0	275153
103.44291	33.96875	12.825598	6776442.0	275153
67.39688	91.1875	-12.825598	6776442.0	275153
72.857735	105.25	12.825598	6776442.0	275153
146.68002	97.625	12.825598	6776442.0	275153
169.7211	258.0	12.825598	6776442.0	275153
126.75466	88.1875	12.825598	6776442.0	275153
219.30153	148.75	12.825598	6776442.0	275153
143.46526	85.6875	12.825598	6776442.0	275153
187.48346	32.5625	12.825598	6776442.0	275153
168.67348	105.1875	12.825598	6776442.0	275153
151.64723	64.875	12.825598	6776442.0	275153
114.49886	44.4375	12.825598	6776442.0	275153
96.19032	68.25	12.825598	6776442.0	275153
53.68653	77.3125	12.825598	6776442.0	275153
303.31268	73.5625	12.825598	6776442.0	275153
79.44529	139.5	12.825598	6776442.0	275153
128.64944	56.0625	12.825598	6776442.0	275153
142.85344	130.125	12.825598	6776442.0	275153
120.12928	86.4375	-12.825598	6776442.0	275153
186.22557	92.9375	-12.825598	6776442.0	275153
210.91476	74.9375	12.825598	6776442.0	275153
158.5603	143.875	12.825598	6776442.0	275153
193.74254	56.15625	-12.825598	6776442.0	275153
245.24129	95.375	-12.825598	6776442.0	275153
65.263664	85.125	12.825598	6776442.0	275153
304.19592	125.0625	12.825598	6776442.0	275153
153.47847	51.5	12.825598	6776442.0	275153
29.13097	59.21875	12.825598	6776442.0	275153
37.290466	59.96875	12.825598	6776442.0	275153
158.00127	99.0	12.825598	6776442.0	275153
36.76323	89.375	12.825598	6776442.0	275153
156.14876	129.75	-12.825598	6776442.0	275153
177.26996	148.0	12.825598	6776442.0	275153
137.36748	140.375	12.825598	6776442.0	275153
70.358734	57.90625	12.825598	6776442.0	275153
169.40646	98.8125	12.825598	6776442.0	275153
113.486946	32.65625	12.825598	6776442.0	275153
67.23177	62.9375	-12.825598	6776442.0	275153
210.74463	80.0625	-12.825598	6776442.0	275153
174.34122	109.6875	12.825598	6776442.0	275153
140.76819	144.625	12.825598	6776442.0	275153
173.58444	118.9375	12.825598	6776442.0	275153
212.903	96.3125	-12.825598	6776442.0	275153
174.30339	73.75	12.825598	6776442.0	275153
678.5494	96.3125	12.825598	6776442.0	275153
77.36212	65.5	12.825598	6776442.0	275153
78.83495	152.5	-12.825598	6776442.0	275153
71.398155	63.6875	12.825598	6776442.0	275153
188.21123	43.78125	12.825598	6776442.0	275153
154.9865	72.3125	12.825598	6776442.0	275153
111.551735	86.8125	12.825598	6776442.0	275153
87.495316	55.75	12.825598	6776442.0	275153
88.93849	116.125	12.825598	6776442.0	275153
58.436905	172.625	12.825598	6776442.0	275153
166.24268	82.125	-12.825598	6776442.0	275153
56.754063	105.4375	12.825598	6776442.0	275153
260.79575	112.9375	12.825598	6776442.0	275153
155.0693	74.3125	12.825598	6776442.0	275153
168.6764	43.15625	12.825598	6776442.0	275153
161.72456	106.1875	-12.825598	6776442.0	275153
148.5415	97.625	12.825598	6776442.0	275153
170.05844	68.8125	12.825598	6776442.0	275153
462.31494	163.625	-12.825598	6776442.0	275153
215.44998	130.625	12.825598	6776442.0	275153
173.15474	51.1875	12.825598	6776442.0	275153
63.95432	75.3125	-12.825598	6776442.0	275153
143.92207	128.375	12.825598	6776442.0	275153
119.22875	42.09375	-12.825598	6776442.0	275153
72.304855	46.21875	-12.825598	6776442.0	275153
83.64992	69.5	12.825598	6776442.0	275153
148.65361	65.625	-12.825598	6776442.0	275153
90.140656	57.5625	12.825598	6776442.0	275153
329.58914	104.3125	12.825598	6776442.0	275153
287.20096	58.375	12.825598	6776442.0	275153
218.05135	67.3125	-12.825598	6776442.0	275153
203.38203	93.0	12.825598	6776442.0	275153
417.3308	62.25	12.825598	6776442.0	275153
169.16342	58.53125	12.825598	6776442.0	275153
153.26024	62.8125	12.825598	6776442.0	275153
195.92323	101.5625	12.825598	6776442.0	275153
99.39736	90.5	12.825598	6776442.0	275153
128.3046	73.375	-12.825598	6776442.0	275153
167.77165	125.1875	-12.825598	6776442.0	275153
134.83583	89.0625	12.825598	6776442.0	275153
187.41563	130.25	12.825598	6776442.0	275153
187.43802	69.1875	12.825598	6776442.0	275153
115.04267	83.625	12.825598	6776442.0	275153
151.78572	65.3125	-12.825598	6776442.0	275153
142.63368	40.125	12.825598	6776442.0	275153
382.0818	109.625	12.825598	6776442.0	275153
49.81609	28.75	-12.825598	6776442.0	275153
161.81892	91.25	12.825598	6776442.0	275153
166.29723	92.0625	12.825598	6776442.0	275153
69.743484	85.625	-12.825598	6776442.0	275153
55.92811	58.84375	12.825598	6776442.0	275153
101.74827	106.625	-12.825598	6776442.0	275153
228.72826	74.1875	12.825598	6776442.0	275153
60.050297	71.5625	12.825598	6776442.0	275153
185.26268	63.375	12.825598	6776442.0	275153
213.19467	150.75	12.825598	6776442.0	275153
45.986847	87.1875	12.825598	6776442.0	275153
290.51593	130.625	-12.825598	6776442.0	275153
132.70512	210.625	12.825598	6776442.0	275153
222.69765	59.46875	12.825598	6776442.0	275153
165.0103	70.0625	12.825598	6776442.0	275153
196.0457	59.6875	-12.825598	6776442.0	275153
169.88188	95.5	12.825598	6776442.0	275153
43.611847	59.90625	12.825598	6776442.0	275153
146.7878	40.3125	-12.825598	6776442.0	275153
177.13548	87.9375	12.825598	6776442.0	275153
124.31276	95.5625	12.825598	6776442.0	275153
166.3708	45.4375	12.825598	6776442.0	275153
132.71912	35.21875	12.825598	6776442.0	275153
144.79887	34.96875	12.825598	6776442.0	275153
163.0455	96.8125	12.825598	6776442.0	275153
145.54587	43.53125	12.825598	6776442.0	275153
201.11938	87.125	12.825598	6776442.0	275153
171.61931	75.8125	12.825598	6776442.0	275153
96.55861	128.0	12.825598	6776442.0	275153
76.85661	140.5	12.825598	6776442.0	275153
122.24091	67.6875	-12.825598	6776442.0	275153
154.20123	91.125	12.825598	6776442.0	275153
157.45085	82.5625	12.825598	6776442.0	275153
135.61916	90.6875	12.825598	6776442.0	275153
236.90274	66.5625	12.825598	6776442.0	275153
294.57288	63.09375	-12.825598	6776442.0	275153
85.71867	58.78125	12.825598	6776442.0	275153
91.73104	99.6875	12.825598	6776442.0	275153
138.50284	93.75	12.825598	6776442.0	275153
207.06847	103.125	12.825598	6776442.0	275153
155.03056	119.0	12.825598	6776442.0	275153
54.49853	90.25	12.825598	6776442.0	275153
168.4359	146.25	-12.825598	6776442.0	275153
254.63922	56.65625	12.825598	6776442.0	275153
42.32526	71.25	-12.825598	6776442.0	275153
151.86302	30.34375	12.825598	6776442.0	275153
118.997314	61.53125	12.825598	6776442.0	275153
89.62123	118.3125	12.825598	6776442.0	275153
64.54146	103.8125	-12.825598	6776442.0	275153
132.79637	66.0625	12.825598	6776442.0	275153
163.12097	104.5625	12.825598	6776442.0	275153
190.06444	75.375	-12.825598	6776442.0	275153
61.651505	156.0	12.825598	6776442.0	275153
232.45872	72.75	12.825598	6776442.0	275153
195.23483	87.3125	12.825598	6776442.0	275153
346.75256	55.34375	12.825598	6776442.0	275153
214.40622	67.3125	12.825598	6776442.0	275153
148.73375	51.40625	12.825598	6776442.0	275153
122.25835	97.375	12.825598	6776442.0	275153
224.63283	103.875	-12.825598	6776442.0	275153
169.11192	59.4375	12.825598	6776442.0	275153
164.89816	66.0	12.825598	6776442.0	275153
265.59286	76.8125	12.825598	6776442.0	275153
81.80238	93.25	12.825598	6776442.0	275153
145.36348	82.4375	-12.825598	6776442.0	275153
194.8	33.09375	12.825598	6776442.0	275153
170.3022	79.8125	12.825598	6776442.0	275153
151.01952	71.5625	-12.825598	6776442.0	275153
67.59127	84.125	12.825598	6776442.0	275153
168.14912	102.625	-12.825598	6776442.0	275153
119.70833	50.5625	12.825598	6776442.0	275153
56.96066	62.96875	12.825598	6776442.0	275153
166.63794	79.375	-12.825598	6776442.0	275153
190.2628	110.0	12.825598	6776442.0	275153
55.816948	87.75	12.825598	6776442.0	275153
103.086266	71.0625	-12.825598	6776442.0	275153
163.81654	126.0625	12.825598	6776442.0	275153
105.9737	100.5	-12.825598	6776442.0	275153
38.292156	50.34375	-12.825598	6776442.0	275153
143.92232	131.75	12.825598	6776442.0	275153
81.403465	112.0	12.825598	6776442.0	275153
145.05408	69.75	12.825598	6776442.0	275153
147.77362	72.375	-12.825598	6776442.0	275153
188.92038	69.75	-12.825598	6776442.0	275153
58.158524	66.0	12.825598	6776442.0	275153
217.88513	49.65625	12.825598	6776442.0	275153
59.021656	140.875	12.825598	6776442.0	275153
205.86388	59.25	12.825598	6776442.0	275153
84.78525	55.59375	12.825598	6776442.0	275153
43.639977	87.9375	12.825598	6776442.0	275153
65.464615	57.3125	12.825598	6776442.0	275153
162.8934	87.5	12.825598	6776442.0	275153
148.42787	127.875	12.825598	6776442.0	275153
82.23099	67.8125	-12.825598	6776442.0	275153
162.0946	57.1875	12.825598	6776442.0	275153
147.78561	65.9375	-12.825598	6776442.0	275153
153.8454	66.625	-12.825598	6776442.0	275153
162.89622	88.75	12.825598	6776442.0	275153
201.03223	83.6875	12.825598	6776442.0	275153
77.953094	80.875	12.825598	6776442.0	275153
166.93823	60.6875	12.825598	6776442.0	275153
148.15218	59.90625	12.825598	6776442.0	275153
91.04866	117.75	12.825598	6776442.0	275153
174.83159	150.625	-12.825598	6776442.0	275153
133.02332	121.5625	12.825598	6776442.0	275153
140.33583	107.9375	12.825598	6776442.0	275153
66.22602	47.46875	12.825598	6776442.0	275153
179.10065	70.9375	12.825598	6776442.0	275153
157.4048	195.875	12.825598	6776442.0	275153
213.99486	111.0	-12.825598	6776442.0	275153
200.49553	125.75	12.825598	6776442.0	275153
62.828655	33.65625	12.825598	6776442.0	275153
191.40237	75.5	-12.825598	6776442.0	275153
296.6145	79.125	-12.825598	6776442.0	275153
90.4005	81.0	12.825598	6776442.0	275153
323.0496	142.5	12.825598	6776442.0	275153
119.296295	139.0	12.825598	6776442.0	275153
135.26773	41.75	-12.825598	6776442.0	275153
217.53438	60.5	12.825598	6776442.0	275153
89.79355	56.03125	12.825598	6776442.0	275153
87.637566	70.6875	12.825598	6776442.0	275153
121.8197	134.5	-12.825598	6776442.0	275153
58.433342	72.25	12.825598	6776442.0	275153
194.3022	140.0	-12.825598	6776442.0	275153
152.22752	123.125	12.825598	6776442.0	275153
92.69257	103.6875	12.825598	6776442.0	275153
135.94064	101.5625	12.825598	6776442.0	275153
51.859264	119.75	-12.825598	6776442.0	275153
128.3912	116.75	12.825598	6776442.0	275153
209.73193	39.875	12.825598	6776442.0	275153
180.23218	60.3125	12.825598	6776442.0	275153
195.3131	32.125	12.825598	6776442.0	275153
125.22428	55.125	-12.825598	6776442.0	275153
192.65417	101.625	12.825598	6776442.0	275153
232.9709	104.25	12.825598	6776442.0	275153
125.214134	62.75	12.825598	6776442.0	275153
156.71725	71.75	12.825598	6776442.0	275153
65.75886	83.875	12.825598	6776442.0	275153
184.91353	118.125	12.825598	6776442.0	275153
104.798676	61.8125	12.825598	6776442.0	275153
206.3781	75.1875	12.825598	6776442.0	275153
479.65146	132.875	-12.825598	6776442.0	275153
81.63408	72.125	12.825598	6776442.0	275153
187.20775	49.875	12.825598	6776442.0	275153
159.29001	171.0	-12.825598	6776442.0	275153
196.72574	58.4375	12.825598	6776442.0	275153
201.19617	88.875	-12.825598	6776442.0	275153
61.529125	81.125	12.825598	6776442.0	275153
336.77637	80.5	-12.825598	6776442.0	275153
100.20615	130.5	12.825598	6776442.0	275153
155.79845	75.3125	12.825598	6776442.0	275153
278.09683	60.8125	12.825598	6776442.0	275153
108.11071	58.75	12.825598	6776442.0	275153
155.37062	86.25	12.825598	6776442.0	275153
76.90725	49.28125	12.825598	6776442.0	275153
151.42099	101.9375	-12.825598	6776442.0	275153
76.361305	71.6875	12.825598	6776442.0	275153
163.45111	111.375	12.825598	6776442.0	275153
140.96475	86.125	12.825598	6776442.0	275153
204.06125	108.125	-12.825598	6776442.0	275153
129.89421	87.0625	12.825598	6776442.0	275153
38.145	76.0	-12.825598	6776442.0	275153
179.56786	134.375	12.825598	6776442.0	275153
85.81247	70.875	12.825598	6776442.0	275153
89.845924	60.78125	12.825598	6776442.0	275153
96.90494	65.875	-12.825598	6776442.0	275153
56.986225	118.9375	-12.825598	6776442.0	275153
176.8446	98.4375	-12.825598	6776442.0	275153
152.61395	73.75	12.825598	6776442.0	275153
119.97428	31.421875	12.825598	6776442.0	275153
418.7418	88.1875	12.825598	6776442.0	275153
258.64273	84.6875	-12.825598	6776442.0	275153
42.068436	157.875	12.825598	6776442.0	275153
92.32144	131.375	-12.825598	6776442.0	275153
171.494	80.875	-12.825598	6776442.0	275153
57.163296	104.0625	-12.825598	6776442.0	275153
79.227036	79.3125	-12.825598	6776442.0	275153
51.08533	126.6875	12.825598	6776442.0	275153
119.542534	31.890625	12.825598	6776442.0	275153
179.84042	30.609375	12.825598	6776442.0	275153
123.94454	65.8125	-12.825598	6776442.0	275153
130.92079	51.9375	12.825598	6776442.0	275153
304.8102	65.375	12.825598	6776442.0	275153
118.73689	73.875	12.825598	6776442.0	275153
169.02312	58.34375	12.825598	6776442.0	275153
144.48882	55.625	12.825598	6776442.0	275153
344.51727	43.15625	-12.825598	6776442.0	275153
85.69472	116.3125	12.825598	6776442.0	275153
79.02841	66.5	12.825598	6776442.0	275153
173.13545	60.65625	12.825598	6776442.0	275153
92.504486	32.34375	-12.825598	6776442.0	275153
61.789913	65.4375	12.825598	6776442.0	275153
236.2855	90.6875	-12.825598	6776442.0	275153
446.72308	272.75	12.825598	6776442.0	275153
117.67071	68.9375	-12.825598	6776442.0	275153
182.34703	55.03125	12.825598	6776442.0	275153
159.38477	84.5	12.825598	6776442.0	275153
168.58908	33.9375	-12.825598	6776442.0	275153
97.34882	68.0625	12.825598	6776442.0	275153
81.135185	56.21875	12.825598	6776442.0	275153
185.45824	133.25	12.825598	6776442.0	275153
173.41069	77.625	12.825598	6776442.0	275153
177.34424	93.8125	12.825598	6776442.0	275153
159.55154	77.4375	12.825598	6776442.0	275153
167.64293	56.03125	-12.825598	6776442.0	275153
188.24638	65.5625	-12.825598	6776442.0	275153
201.98015	139.0	-12.825598	6776442.0	275153
138.28342	89.9375	12.825598	6776442.0	275153
143.3983	70.5	12.825598	6776442.0	275153
113.63575	145.125	12.825598	6776442.0	275153
233.23535	29.421875	12.825598	6776442.0	275153
51.520824	59.6875	12.825598	6776442.0	275153
176.63185	56.84375	12.825598	6776442.0	275153
125.01778	150.875	12.825598	6776442.0	275153
198.3619	73.5625	12.825598	6776442.0	275153
184.43044	68.5625	-12.825598	6776442.0	275153
184.43231	119.8125	-12.825598	6776442.0	275153
92.99824	91.125	12.825598	6776442.0	275153
160.24046	57.6875	12.825598	6776442.0	275153
64.10075	77.1875	12.825598	6776442.0	275153
92.316605	112.625	-12.825598	6776442.0	275153
83.55644	104.75	12.825598	6776442.0	275153
149.10136	31.84375	12.825598	6776442.0	275153
318.39954	58.3125	12.825598	6776442.0	275153
187.59543	151.625	-12.825598	6776442.0	275153
159.41425	110.25	12.825598	6776442.0	275153
178.75354	54.3125	12.825598	6776442.0	275153
78.682335	186.125	12.825598	6776442.0	275153
71.95334	57.65625	12.825598	6776442.0	275153
71.96414	79.375	12.825598	6776442.0	275153
96.50096	31.890625	12.825598	6776442.0	275153
61.28636	59.40625	12.825598	6776442.0	275153
207.03667	103.5	-12.825598	6776442.0	275153
113.86404	155.75	12.825598	6776442.0	275153
130.3771	107.1875	-12.825598	6776442.0	275153
97.86311	63.96875	12.825598	6776442.0	275153
68.033066	90.3125	-12.825598	6776442.0	275153
160.88014	77.375	12.825598	6776442.0	275153
152.84557	58.28125	12.825598	6776442.0	275153
370.44626	90.375	12.825598	6776442.0	275153
69.73354	122.25	12.825598	6776442.0	275153
58.96859	194.5	12.825598	6776442.0	275153
289.35233	74.75	12.825598	6776442.0	275153
149.20985	75.5	12.825598	6776442.0	275153
