lep_pt	AK8_pt	AK4_pt	M_sd	genWeights	sumWeight	N_exp
477.3137	421.75	76.4375	226.5	-0.49554962	177184.75	35563
41.75514	297.25	120.75	102.3125	0.49554962	177184.75	35563
134.0692	210.125	58.09375	84.0625	0.49554962	177184.75	35563
382.40866	327.0	58.8125	128.25	0.49554962	177184.75	35563
71.9375	245.875	65.375	50.46875	-0.49554962	177184.75	35563
77.02119	329.25	104.8125	97.3125	-0.49554962	177184.75	35563
131.58327	313.0	87.3125	128.25	0.49554962	177184.75	35563
122.34183	448.5	65.4375	191.625	0.49554962	177184.75	35563
208.72188	436.5	126.3125	156.75	0.49554962	177184.75	35563
157.74518	1023.5	290.0	404.5	0.49554962	177184.75	35563
52.07961	203.0	133.75	88.1875	-0.49554962	177184.75	35563
340.9372	440.25	69.3125	0.48413086	0.49554962	177184.75	35563
81.96734	335.5	110.9375	107.4375	0.49554962	177184.75	35563
187.51944	487.25	121.4375	179.75	0.49554962	177184.75	35563
83.001236	305.25	87.25	34.5625	0.49554962	177184.75	35563
108.308525	530.0	126.3125	114.5	0.49554962	177184.75	35563
227.2354	339.75	145.125	153.5	-0.49554962	177184.75	35563
688.6547	806.5	127.625	172.5	0.49554962	177184.75	35563
185.95506	360.0	82.6875	141.5	0.49554962	177184.75	35563
202.47353	488.0	65.3125	92.1875	0.49554962	177184.75	35563
292.01773	464.75	160.625	197.0	0.49554962	177184.75	35563
288.17285	225.875	118.0625	114.3125	0.49554962	177184.75	35563
213.68997	233.875	97.125	84.0625	-0.49554962	177184.75	35563
91.403076	398.5	149.5	108.8125	0.49554962	177184.75	35563
69.67573	400.5	129.125	139.375	-0.49554962	177184.75	35563
77.292534	619.5	187.375	162.375	0.49554962	177184.75	35563
495.3917	457.0	82.25	181.5	0.49554962	177184.75	35563
194.00983	354.0	68.5625	157.375	-0.49554962	177184.75	35563
74.1763	503.0	197.125	219.125	0.49554962	177184.75	35563
176.0499	379.5	106.375	156.625	-0.49554962	177184.75	35563
51.13973	515.5	81.1875	79.5625	0.49554962	177184.75	35563
53.71242	403.0	80.8125	78.1875	0.49554962	177184.75	35563
279.5327	1182.0	77.5625	260.5	0.49554962	177184.75	35563
379.94647	332.25	104.0	149.375	-0.49554962	177184.75	35563
80.86517	321.0	92.3125	129.875	0.49554962	177184.75	35563
134.84073	448.25	102.625	192.0	0.49554962	177184.75	35563
229.70387	498.25	126.375	172.25	0.49554962	177184.75	35563
79.555786	246.0	88.5	113.0	-0.49554962	177184.75	35563
429.70364	429.5	57.625	195.75	-0.49554962	177184.75	35563
426.73492	504.25	117.125	118.3125	0.49554962	177184.75	35563
207.47415	452.75	82.0	157.875	0.49554962	177184.75	35563
344.25336	409.25	60.25	123.5	0.49554962	177184.75	35563
94.59897	463.0	78.125	166.75	0.49554962	177184.75	35563
87.18736	523.5	110.875	198.625	0.49554962	177184.75	35563
79.263885	300.25	70.125	96.1875	-0.49554962	177184.75	35563
159.35416	304.5	74.8125	121.5625	0.49554962	177184.75	35563
205.1727	373.5	82.8125	140.75	0.49554962	177184.75	35563
347.03558	471.75	77.0	157.375	-0.49554962	177184.75	35563
179.47672	395.75	139.875	158.375	0.49554962	177184.75	35563
215.72037	367.75	77.1875	164.875	-0.49554962	177184.75	35563
133.18428	298.0	83.3125	127.5625	0.49554962	177184.75	35563
59.026913	399.0	119.4375	169.75	-0.49554962	177184.75	35563
99.7617	310.75	107.625	139.75	0.49554962	177184.75	35563
117.543274	451.75	108.5	170.875	0.49554962	177184.75	35563
86.76858	462.0	57.96875	171.625	0.49554962	177184.75	35563
335.35202	600.0	66.25	192.0	0.49554962	177184.75	35563
58.121864	259.0	57.6875	84.5625	0.49554962	177184.75	35563
131.02255	532.0	71.125	175.5	-0.49554962	177184.75	35563
115.72925	303.5	78.5	144.375	-0.49554962	177184.75	35563
76.68175	404.0	128.75	162.375	0.49554962	177184.75	35563
138.13852	475.5	65.5625	167.25	0.49554962	177184.75	35563
256.86615	286.0	124.0	125.9375	0.49554962	177184.75	35563
191.75258	231.875	80.5	115.5	0.49554962	177184.75	35563
152.60614	227.125	71.25	119.0625	-0.49554962	177184.75	35563
112.87417	280.5	108.75	123.875	-0.49554962	177184.75	35563
274.3523	418.25	99.25	117.4375	0.49554962	177184.75	35563
86.59606	348.25	56.71875	112.75	0.49554962	177184.75	35563
229.15167	424.25	82.75	161.125	0.49554962	177184.75	35563
43.192963	374.25	98.3125	171.5	0.49554962	177184.75	35563
50.171436	431.75	210.75	195.0	0.49554962	177184.75	35563
86.21153	263.75	74.375	82.1875	0.49554962	177184.75	35563
244.06337	373.75	151.875	194.125	0.49554962	177184.75	35563
93.69441	752.0	156.125	382.25	-0.49554962	177184.75	35563
314.7901	461.5	75.0625	140.375	0.49554962	177184.75	35563
117.68244	263.0	92.6875	106.375	-0.49554962	177184.75	35563
309.43814	443.75	179.625	141.625	-0.49554962	177184.75	35563
70.386246	399.5	149.75	191.875	0.49554962	177184.75	35563
95.99601	407.5	119.1875	115.4375	-0.49554962	177184.75	35563
357.66885	802.5	95.3125	106.875	0.49554962	177184.75	35563
206.68895	525.5	158.875	171.25	0.49554962	177184.75	35563
117.279785	292.25	97.5	136.0	0.49554962	177184.75	35563
68.9466	346.75	70.625	112.25	-0.49554962	177184.75	35563
188.14456	338.75	67.3125	141.375	-0.49554962	177184.75	35563
81.100876	415.0	125.6875	146.125	0.49554962	177184.75	35563
218.0032	429.5	159.75	22.65625	-0.49554962	177184.75	35563
104.3205	272.5	81.6875	104.25	0.49554962	177184.75	35563
156.40257	1078.0	58.90625	1.5996094	0.49554962	177184.75	35563
137.875	219.625	90.875	98.625	-0.49554962	177184.75	35563
61.219643	470.5	58.3125	177.5	0.49554962	177184.75	35563
66.02435	560.0	114.375	176.125	0.49554962	177184.75	35563
273.5053	360.5	149.625	130.25	0.49554962	177184.75	35563
98.665825	301.25	80.9375	126.4375	-0.49554962	177184.75	35563
219.45155	543.0	77.1875	104.125	-0.49554962	177184.75	35563
47.80173	540.0	111.8125	174.75	0.49554962	177184.75	35563
401.3832	499.5	145.375	186.625	0.49554962	177184.75	35563
108.631615	228.125	75.0	55.40625	0.49554962	177184.75	35563
62.423832	370.5	63.40625	131.75	0.49554962	177184.75	35563
110.884094	319.0	85.4375	144.875	0.49554962	177184.75	35563
185.14905	435.25	178.5	181.125	-0.49554962	177184.75	35563
111.65973	530.5	128.875	86.25	0.49554962	177184.75	35563
381.50146	337.5	66.1875	123.0625	-0.49554962	177184.75	35563
65.64373	435.0	60.65625	161.375	-0.49554962	177184.75	35563
318.26422	580.0	112.5	206.75	0.49554962	177184.75	35563
155.12071	670.0	132.375	25.546875	0.49554962	177184.75	35563
107.1365	404.25	153.0	145.25	0.49554962	177184.75	35563
363.90353	333.5	107.6875	127.875	-0.49554962	177184.75	35563
173.55354	580.0	71.4375	168.5	0.49554962	177184.75	35563
91.26112	472.25	43.9375	167.0	-0.49554962	177184.75	35563
198.08394	376.75	129.25	178.875	-0.49554962	177184.75	35563
231.48686	534.0	98.375	192.5	0.49554962	177184.75	35563
182.64091	458.5	116.375	121.6875	-0.49554962	177184.75	35563
438.11902	646.5	114.9375	92.5625	0.49554962	177184.75	35563
200.91815	474.5	92.0	183.375	0.49554962	177184.75	35563
63.332954	388.0	72.8125	173.75	0.49554962	177184.75	35563
152.30246	676.5	65.75	167.25	0.49554962	177184.75	35563
411.51233	462.75	160.0	236.375	0.49554962	177184.75	35563
366.13333	453.25	64.4375	171.0	0.49554962	177184.75	35563
246.1536	640.0	82.8125	150.125	-0.49554962	177184.75	35563
260.83392	225.0	114.5	94.4375	0.49554962	177184.75	35563
321.64542	389.5	82.3125	199.625	0.49554962	177184.75	35563
73.374084	291.0	127.9375	115.8125	0.49554962	177184.75	35563
102.714714	224.25	80.125	98.3125	0.49554962	177184.75	35563
105.582794	239.875	117.375	83.1875	0.49554962	177184.75	35563
122.84486	208.875	55.21875	85.875	-0.49554962	177184.75	35563
347.18243	430.0	70.125	148.0	0.49554962	177184.75	35563
284.62424	448.0	48.21875	184.25	0.49554962	177184.75	35563
290.438	394.25	97.4375	184.25	0.49554962	177184.75	35563
82.24598	404.25	86.9375	124.8125	0.49554962	177184.75	35563
73.63892	213.75	46.40625	99.4375	-0.49554962	177184.75	35563
241.67342	346.5	87.5	131.125	0.49554962	177184.75	35563
280.25006	603.5	77.0	96.625	0.49554962	177184.75	35563
265.53333	473.0	72.3125	196.75	-0.49554962	177184.75	35563
205.26	430.25	101.8125	120.5	0.49554962	177184.75	35563
210.82281	343.0	130.625	150.25	-0.49554962	177184.75	35563
442.70303	421.25	88.75	170.25	-0.49554962	177184.75	35563
192.05768	441.75	94.0	179.625	-0.49554962	177184.75	35563
267.69748	390.0	107.4375	162.125	0.49554962	177184.75	35563
65.68518	366.0	64.4375	158.0	0.49554962	177184.75	35563
36.03922	629.0	69.1875	175.875	0.49554962	177184.75	35563
202.84201	680.5	143.25	190.875	0.49554962	177184.75	35563
129.356	437.25	152.375	188.875	0.49554962	177184.75	35563
65.62798	335.5	126.4375	136.625	0.49554962	177184.75	35563
87.83196	247.5	79.4375	114.6875	0.49554962	177184.75	35563
132.94017	487.75	108.0	184.5	0.49554962	177184.75	35563
121.89936	244.625	109.9375	106.75	0.49554962	177184.75	35563
377.31577	329.5	165.375	140.0	-0.49554962	177184.75	35563
190.7913	609.0	143.0	188.0	0.49554962	177184.75	35563
79.44967	418.25	143.5	181.25	0.49554962	177184.75	35563
205.43231	370.25	90.0	172.5	-0.49554962	177184.75	35563
145.46025	285.5	91.8125	121.5625	0.49554962	177184.75	35563
126.23339	563.0	99.0625	195.125	0.49554962	177184.75	35563
637.8196	562.5	56.28125	247.25	0.49554962	177184.75	35563
86.08637	205.875	121.0625	89.75	-0.49554962	177184.75	35563
110.154594	381.5	148.5	182.375	0.49554962	177184.75	35563
186.03047	216.0	122.25	90.4375	0.49554962	177184.75	35563
454.82797	506.75	73.3125	192.5	0.49554962	177184.75	35563
258.38617	425.0	61.375	120.4375	0.49554962	177184.75	35563
92.30746	276.25	133.75	124.0625	0.49554962	177184.75	35563
190.69524	474.25	123.0	151.875	0.49554962	177184.75	35563
194.88582	308.25	65.875	127.4375	-0.49554962	177184.75	35563
302.98727	538.5	93.25	112.6875	0.49554962	177184.75	35563
225.54921	670.0	91.5625	228.875	0.49554962	177184.75	35563
285.31137	336.5	154.5	124.1875	0.49554962	177184.75	35563
133.60849	286.5	139.875	131.0	-0.49554962	177184.75	35563
233.74507	220.125	85.9375	83.1875	-0.49554962	177184.75	35563
149.67798	505.25	74.75	175.0	0.49554962	177184.75	35563
107.08467	273.5	154.375	136.875	0.49554962	177184.75	35563
140.09041	435.25	94.0	173.375	0.49554962	177184.75	35563
222.5311	422.75	91.875	158.0	0.49554962	177184.75	35563
219.46733	430.25	88.0	156.5	0.49554962	177184.75	35563
301.77805	305.75	119.0	144.25	0.49554962	177184.75	35563
164.0779	360.5	81.0625	109.9375	0.49554962	177184.75	35563
450.80103	536.5	108.25	187.25	0.49554962	177184.75	35563
111.30444	664.0	79.625	168.625	0.49554962	177184.75	35563
340.35056	501.5	117.375	193.875	0.49554962	177184.75	35563
133.5955	626.0	92.5	171.5	0.49554962	177184.75	35563
61.202194	412.25	136.5	161.875	0.49554962	177184.75	35563
292.8573	410.5	53.78125	189.0	-0.49554962	177184.75	35563
357.7714	356.0	75.3125	125.125	-0.49554962	177184.75	35563
65.42877	437.25	156.25	158.125	0.49554962	177184.75	35563
122.97914	378.5	78.1875	113.6875	0.49554962	177184.75	35563
95.49542	423.0	55.6875	156.25	0.49554962	177184.75	35563
100.30632	361.75	117.1875	95.875	0.49554962	177184.75	35563
350.3557	455.0	72.75	161.25	-0.49554962	177184.75	35563
968.7037	446.25	135.25	185.875	-0.49554962	177184.75	35563
177.18544	359.5	165.25	182.875	0.49554962	177184.75	35563
105.5636	481.5	57.90625	118.8125	0.49554962	177184.75	35563
80.3884	313.0	121.625	105.6875	0.49554962	177184.75	35563
172.33649	473.5	95.625	170.5	-0.49554962	177184.75	35563
303.61987	424.5	101.8125	207.625	0.49554962	177184.75	35563
263.3918	397.5	130.875	175.875	0.49554962	177184.75	35563
70.23647	295.5	62.21875	150.625	0.49554962	177184.75	35563
240.19498	599.5	208.625	190.0	0.49554962	177184.75	35563
156.99428	628.5	74.875	167.875	0.49554962	177184.75	35563
231.0005	597.5	100.125	189.375	0.49554962	177184.75	35563
86.09703	307.25	127.3125	100.5	0.49554962	177184.75	35563
257.39166	352.0	74.25	134.875	-0.49554962	177184.75	35563
80.00949	296.0	121.125	80.5625	0.49554962	177184.75	35563
77.40105	235.625	122.5	74.6875	0.49554962	177184.75	35563
244.85417	367.0	131.375	117.6875	0.49554962	177184.75	35563
111.817566	669.5	98.25	157.5	-0.49554962	177184.75	35563
199.94289	259.5	58.6875	114.5	0.49554962	177184.75	35563
159.66142	417.5	67.9375	152.75	-0.49554962	177184.75	35563
78.44091	352.75	80.0	173.25	-0.49554962	177184.75	35563
223.10623	370.25	84.8125	169.0	0.49554962	177184.75	35563
188.55229	228.75	78.5625	91.0625	0.49554962	177184.75	35563
154.67822	318.25	134.875	124.4375	0.49554962	177184.75	35563
58.85023	321.5	125.75	136.625	-0.49554962	177184.75	35563
118.24096	486.75	94.875	168.125	0.49554962	177184.75	35563
149.11899	364.75	96.6875	156.5	0.49554962	177184.75	35563
275.1397	367.5	124.5625	137.0	-0.49554962	177184.75	35563
69.91615	416.0	100.9375	125.8125	0.49554962	177184.75	35563
87.101	380.5	88.4375	82.9375	0.49554962	177184.75	35563
65.533455	471.75	86.375	120.4375	-0.49554962	177184.75	35563
203.96426	651.5	151.5	169.0	0.49554962	177184.75	35563
300.8418	605.0	125.6875	159.5	-0.49554962	177184.75	35563
99.0318	390.5	184.5	103.875	0.49554962	177184.75	35563
133.4129	302.25	99.4375	147.0	0.49554962	177184.75	35563
246.21886	393.25	91.9375	149.875	0.49554962	177184.75	35563
333.13235	372.5	72.6875	29.015625	0.49554962	177184.75	35563
114.23919	332.0	153.0	153.375	0.49554962	177184.75	35563
49.80923	194.0	89.25	-1.0	0.49554962	177184.75	35563
43.937435	334.25	72.125	97.875	0.49554962	177184.75	35563
254.9715	424.5	108.1875	169.25	-0.49554962	177184.75	35563
394.20236	316.0	149.875	100.0	0.49554962	177184.75	35563
321.74258	568.0	86.1875	85.0	0.49554962	177184.75	35563
51.070156	336.0	150.5	131.25	-0.49554962	177184.75	35563
52.06558	332.25	118.1875	151.0	0.49554962	177184.75	35563
151.53938	436.25	64.5625	2.3808594	0.49554962	177184.75	35563
177.57533	371.75	151.875	143.375	0.49554962	177184.75	35563
202.46687	285.0	68.1875	104.75	0.49554962	177184.75	35563
224.11075	317.25	70.0625	127.625	0.49554962	177184.75	35563
129.16957	391.5	127.3125	123.0	0.49554962	177184.75	35563
154.56548	631.0	131.125	175.5	0.49554962	177184.75	35563
378.29498	370.75	86.9375	218.5	0.49554962	177184.75	35563
60.401257	550.0	90.8125	183.875	0.49554962	177184.75	35563
322.01355	374.25	57.0	138.5	0.49554962	177184.75	35563
108.588005	428.75	204.125	183.375	0.49554962	177184.75	35563
132.38246	569.5	59.1875	92.875	0.49554962	177184.75	35563
139.68813	263.0	65.3125	112.625	0.49554962	177184.75	35563
359.3937	357.25	145.125	139.625	0.49554962	177184.75	35563
198.26476	499.25	131.875	188.125	0.49554962	177184.75	35563
100.15522	358.75	59.1875	121.4375	0.49554962	177184.75	35563
398.53784	453.0	81.6875	173.0	-0.49554962	177184.75	35563
68.8575	382.25	99.5	166.375	0.49554962	177184.75	35563
360.31393	426.75	106.4375	161.875	0.49554962	177184.75	35563
183.88098	382.25	141.875	148.875	-0.49554962	177184.75	35563
195.08658	459.5	72.6875	163.5	0.49554962	177184.75	35563
338.49536	378.5	118.75	145.375	0.49554962	177184.75	35563
53.23737	396.0	126.9375	182.875	0.49554962	177184.75	35563
64.89577	329.75	128.0	84.375	-0.49554962	177184.75	35563
87.952835	417.0	155.5	196.375	0.49554962	177184.75	35563
165.99763	393.0	108.4375	178.375	-0.49554962	177184.75	35563
120.24415	256.75	102.0625	129.625	0.49554962	177184.75	35563
73.06245	491.75	161.375	173.5	0.49554962	177184.75	35563
133.70412	245.125	118.6875	91.3125	0.49554962	177184.75	35563
232.90556	457.75	75.4375	164.5	0.49554962	177184.75	35563
192.2837	220.125	44.40625	76.0625	0.49554962	177184.75	35563
216.6026	380.75	180.25	154.375	0.49554962	177184.75	35563
358.7387	441.0	98.6875	159.625	0.49554962	177184.75	35563
62.08763	381.0	155.5	34.34375	0.49554962	177184.75	35563
137.17873	722.0	109.25	198.75	-0.49554962	177184.75	35563
158.89911	246.25	76.25	105.75	0.49554962	177184.75	35563
70.93552	320.0	115.8125	94.625	0.49554962	177184.75	35563
125.33387	437.5	146.25	213.0	0.49554962	177184.75	35563
116.509995	372.5	71.0	83.625	0.49554962	177184.75	35563
158.27051	249.625	112.6875	123.875	-0.49554962	177184.75	35563
163.67165	292.75	99.9375	116.625	0.49554962	177184.75	35563
139.4179	311.5	78.3125	134.25	-0.49554962	177184.75	35563
172.38412	373.25	142.625	149.5	0.49554962	177184.75	35563
72.28838	566.0	31.65625	73.0625	-0.49554962	177184.75	35563
105.89502	332.0	125.625	136.25	0.49554962	177184.75	35563
129.48105	295.25	155.375	136.875	0.49554962	177184.75	35563
157.26009	418.0	165.25	215.875	-0.49554962	177184.75	35563
561.4976	540.5	80.75	164.25	0.49554962	177184.75	35563
107.95207	192.875	86.75	-1.0	-0.49554962	177184.75	35563
131.97374	287.0	59.875	77.8125	0.49554962	177184.75	35563
446.98123	640.5	97.0625	171.125	0.49554962	177184.75	35563
51.26403	528.0	149.25	136.375	0.49554962	177184.75	35563
27.097979	476.0	100.75	132.0	-0.49554962	177184.75	35563
52.813282	396.0	139.75	155.25	0.49554962	177184.75	35563
189.84866	459.5	159.375	155.25	0.49554962	177184.75	35563
260.98093	536.0	142.5	123.75	0.49554962	177184.75	35563
145.545	398.5	89.5625	169.75	-0.49554962	177184.75	35563
80.151184	365.0	172.25	151.0	0.49554962	177184.75	35563
120.49414	413.25	108.5	194.625	0.49554962	177184.75	35563
133.24217	214.75	128.5	87.375	0.49554962	177184.75	35563
391.28754	464.5	134.75	155.875	0.49554962	177184.75	35563
345.35687	904.0	74.0	141.875	0.49554962	177184.75	35563
53.491276	209.875	77.6875	100.8125	-0.49554962	177184.75	35563
227.25636	345.0	188.375	162.625	0.49554962	177184.75	35563
160.74681	405.25	104.75	163.625	0.49554962	177184.75	35563
128.4579	314.0	151.875	141.375	0.49554962	177184.75	35563
243.81464	372.5	169.625	135.5	-0.49554962	177184.75	35563
229.10863	421.0	103.6875	179.5	-0.49554962	177184.75	35563
84.08965	520.5	83.5	182.25	0.49554962	177184.75	35563
146.20177	357.25	66.3125	109.5625	0.49554962	177184.75	35563
328.46475	585.0	107.3125	145.75	0.49554962	177184.75	35563
69.18474	423.5	107.1875	166.125	-0.49554962	177184.75	35563
124.58078	497.75	145.875	134.125	-0.49554962	177184.75	35563
203.2026	401.0	115.75	83.875	-0.49554962	177184.75	35563
390.03586	355.75	79.6875	142.0	0.49554962	177184.75	35563
110.71665	322.75	133.75	124.0625	0.49554962	177184.75	35563
279.54355	478.5	94.0625	197.875	0.49554962	177184.75	35563
144.33171	373.25	134.0	108.125	-0.49554962	177184.75	35563
119.442566	355.25	108.25	179.125	0.49554962	177184.75	35563
99.73235	512.5	132.25	188.25	0.49554962	177184.75	35563
366.17004	729.0	132.0	79.375	0.49554962	177184.75	35563
57.850155	213.5	126.0625	113.625	-0.49554962	177184.75	35563
275.3963	258.25	83.75	97.875	0.49554962	177184.75	35563
240.38878	319.5	105.9375	158.875	0.49554962	177184.75	35563
393.12613	664.0	112.5	243.375	-0.49554962	177184.75	35563
56.750244	474.25	138.125	156.75	0.49554962	177184.75	35563
286.6909	555.0	95.4375	157.75	-0.49554962	177184.75	35563
358.79074	439.5	91.5	86.0625	0.49554962	177184.75	35563
49.49385	339.75	115.5625	144.875	0.49554962	177184.75	35563
130.34236	379.75	98.8125	6.15625	-0.49554962	177184.75	35563
146.03214	234.75	81.875	94.0	0.49554962	177184.75	35563
163.62561	289.5	115.1875	127.0625	-0.49554962	177184.75	35563
163.80592	406.5	76.5	173.75	-0.49554962	177184.75	35563
72.96114	396.5	88.6875	139.125	0.49554962	177184.75	35563
226.3159	496.25	104.5625	182.5	-0.49554962	177184.75	35563
119.94908	450.75	92.0	168.125	0.49554962	177184.75	35563
138.61998	292.0	72.4375	101.375	-0.49554962	177184.75	35563
340.58	423.75	169.25	151.25	0.49554962	177184.75	35563
304.94617	682.5	110.1875	172.75	-0.49554962	177184.75	35563
131.0853	381.5	99.75	164.375	-0.49554962	177184.75	35563
188.16718	480.25	59.03125	135.625	0.49554962	177184.75	35563
166.57166	280.5	106.125	146.75	0.49554962	177184.75	35563
165.31837	299.0	119.375	89.6875	0.49554962	177184.75	35563
579.1179	624.0	79.5	185.25	0.49554962	177184.75	35563
244.75758	247.625	62.75	66.0625	-0.49554962	177184.75	35563
286.53534	312.0	34.6875	49.71875	-0.49554962	177184.75	35563
129.5317	330.0	137.875	129.5	0.49554962	177184.75	35563
156.67224	533.5	32.0625	178.125	-0.49554962	177184.75	35563
74.65314	306.0	90.9375	113.3125	0.49554962	177184.75	35563
248.80113	425.0	69.9375	159.75	0.49554962	177184.75	35563
178.1393	347.25	89.375	93.875	0.49554962	177184.75	35563
239.1485	419.5	87.3125	178.5	-0.49554962	177184.75	35563
66.969826	325.25	140.875	126.125	0.49554962	177184.75	35563
73.83021	444.0	66.625	101.75	0.49554962	177184.75	35563
506.50116	657.5	140.125	234.625	-0.49554962	177184.75	35563
102.46828	345.0	119.0	93.1875	0.49554962	177184.75	35563
42.76108	459.0	146.375	129.125	0.49554962	177184.75	35563
138.79881	584.0	129.375	186.75	0.49554962	177184.75	35563
104.85664	555.0	86.375	3.4707031	0.49554962	177184.75	35563
48.664223	551.0	127.5625	7.25	0.49554962	177184.75	35563
82.9007	194.125	58.09375	84.0625	0.49554962	177184.75	35563
132.93057	190.5	63.71875	-1.0	-0.49554962	177184.75	35563
278.12946	654.0	80.125	115.0	0.49554962	177184.75	35563
100.69497	443.5	97.3125	152.625	0.49554962	177184.75	35563
86.77838	447.25	57.6875	91.75	-0.49554962	177184.75	35563
225.19046	393.25	151.125	188.25	0.49554962	177184.75	35563
334.58783	430.75	138.125	154.875	0.49554962	177184.75	35563
82.07455	515.5	149.5	188.0	-0.49554962	177184.75	35563
115.379684	339.0	92.1875	108.625	-0.49554962	177184.75	35563
134.24023	459.75	132.375	165.0	0.49554962	177184.75	35563
298.42972	418.0	96.25	157.875	0.49554962	177184.75	35563
285.10855	489.75	101.0625	184.375	0.49554962	177184.75	35563
70.06426	314.25	126.9375	90.8125	0.49554962	177184.75	35563
67.89897	283.25	83.875	90.8125	0.49554962	177184.75	35563
211.94992	384.0	110.25	166.375	0.49554962	177184.75	35563
325.09018	580.5	101.75	190.875	-0.49554962	177184.75	35563
293.33673	435.25	128.625	153.875	-0.49554962	177184.75	35563
220.92766	632.0	120.4375	190.25	0.49554962	177184.75	35563
100.80305	403.5	141.0	180.125	0.49554962	177184.75	35563
214.08084	492.25	162.875	220.375	0.49554962	177184.75	35563
98.77213	272.0	106.25	93.5625	0.49554962	177184.75	35563
246.56581	354.5	100.5	145.5	0.49554962	177184.75	35563
437.22894	595.0	60.6875	212.0	0.49554962	177184.75	35563
66.281944	448.75	114.625	202.25	0.49554962	177184.75	35563
218.61586	362.25	123.75	159.0	0.49554962	177184.75	35563
259.30545	369.75	68.3125	92.25	-0.49554962	177184.75	35563
700.8914	823.5	202.125	306.75	0.49554962	177184.75	35563
168.2674	350.5	115.125	36.09375	0.49554962	177184.75	35563
109.3115	447.5	127.4375	171.625	0.49554962	177184.75	35563
192.43607	245.0	100.375	9.9609375	0.49554962	177184.75	35563
223.1904	408.0	173.125	171.125	-0.49554962	177184.75	35563
116.27702	197.375	63.03125	83.125	0.49554962	177184.75	35563
341.42963	643.5	113.0625	167.75	0.49554962	177184.75	35563
152.25195	568.5	142.0	189.25	-0.49554962	177184.75	35563
138.88123	416.5	109.8125	155.0	0.49554962	177184.75	35563
189.76288	422.75	99.6875	131.125	-0.49554962	177184.75	35563
114.52735	368.75	64.9375	179.375	0.49554962	177184.75	35563
189.21336	421.0	106.25	178.625	-0.49554962	177184.75	35563
281.99268	432.5	131.5	174.125	0.49554962	177184.75	35563
79.8859	645.5	71.1875	217.625	0.49554962	177184.75	35563
159.19887	188.5	117.375	-1.0	-0.49554962	177184.75	35563
471.2382	563.5	138.0	174.75	0.49554962	177184.75	35563
273.531	385.0	126.4375	142.875	0.49554962	177184.75	35563
57.686802	325.75	114.0	137.75	-0.49554962	177184.75	35563
131.99669	433.75	72.9375	136.375	0.49554962	177184.75	35563
415.79147	554.5	86.8125	172.125	0.49554962	177184.75	35563
474.93616	598.0	124.0	174.25	-0.49554962	177184.75	35563
90.3874	445.25	235.125	191.375	-0.49554962	177184.75	35563
401.65784	397.25	118.625	159.5	-0.49554962	177184.75	35563
182.01988	388.75	131.75	134.875	0.49554962	177184.75	35563
257.44244	405.0	102.0	176.25	0.49554962	177184.75	35563
75.19895	406.25	58.8125	2.0429688	0.49554962	177184.75	35563
52.79813	318.25	127.3125	153.25	0.49554962	177184.75	35563
399.55505	433.75	161.375	171.0	-0.49554962	177184.75	35563
106.33882	335.0	70.1875	122.4375	-0.49554962	177184.75	35563
108.753876	231.25	124.75	93.3125	0.49554962	177184.75	35563
79.334274	385.25	52.40625	0.23730469	0.49554962	177184.75	35563
215.33395	441.75	138.625	131.375	0.49554962	177184.75	35563
290.3916	558.0	112.75	167.625	0.49554962	177184.75	35563
87.56743	309.5	65.25	120.3125	-0.49554962	177184.75	35563
616.5445	520.5	118.875	195.625	-0.49554962	177184.75	35563
297.02777	774.5	119.9375	186.125	-0.49554962	177184.75	35563
644.39087	863.5	135.875	199.125	0.49554962	177184.75	35563
39.246147	291.75	135.0	121.375	-0.49554962	177184.75	35563
72.77713	459.25	172.375	187.375	0.49554962	177184.75	35563
544.0609	723.0	87.75	205.625	0.49554962	177184.75	35563
178.15068	566.5	79.5625	95.625	0.49554962	177184.75	35563
331.94153	622.5	156.25	183.875	-0.49554962	177184.75	35563
328.2407	437.5	148.625	169.5	-0.49554962	177184.75	35563
235.42699	368.25	78.25	142.75	0.49554962	177184.75	35563
135.43124	260.5	88.6875	78.75	-0.49554962	177184.75	35563
119.25366	528.0	44.96875	133.875	0.49554962	177184.75	35563
143.323	559.0	66.375	185.0	0.49554962	177184.75	35563
205.3714	294.5	63.65625	79.125	0.49554962	177184.75	35563
135.16931	454.75	100.9375	160.5	-0.49554962	177184.75	35563
180.81833	248.625	87.0	82.1875	-0.49554962	177184.75	35563
376.65988	459.25	74.5625	101.75	0.49554962	177184.75	35563
273.27393	318.0	150.375	136.5	0.49554962	177184.75	35563
310.58792	416.25	176.0	197.875	0.49554962	177184.75	35563
34.253532	214.375	88.4375	83.75	0.49554962	177184.75	35563
323.642	353.25	46.03125	81.875	0.49554962	177184.75	35563
69.76026	207.5	59.09375	99.8125	0.49554962	177184.75	35563
103.242905	290.75	178.25	114.1875	0.49554962	177184.75	35563
256.37482	416.75	152.375	3.3085938	0.49554962	177184.75	35563
214.15007	276.25	135.375	110.125	-0.49554962	177184.75	35563
195.80247	498.25	70.375	168.875	-0.49554962	177184.75	35563
141.0485	336.75	147.25	160.25	0.49554962	177184.75	35563
165.27518	395.5	130.625	154.625	0.49554962	177184.75	35563
52.289303	198.875	95.75	69.625	0.49554962	177184.75	35563
181.48474	390.75	154.375	163.875	-0.49554962	177184.75	35563
195.44583	287.25	105.0	121.5	0.49554962	177184.75	35563
96.163376	332.5	74.25	141.5	0.49554962	177184.75	35563
110.57877	294.0	111.9375	127.125	0.49554962	177184.75	35563
331.50632	406.25	185.875	190.25	0.49554962	177184.75	35563
187.64397	331.0	91.5625	160.25	0.49554962	177184.75	35563
56.601166	571.0	128.625	189.625	-0.49554962	177184.75	35563
71.83138	366.0	189.375	74.0625	0.49554962	177184.75	35563
119.54362	436.0	128.25	174.75	0.49554962	177184.75	35563
96.11317	317.25	77.4375	115.1875	-0.49554962	177184.75	35563
232.48744	704.0	124.625	186.375	0.49554962	177184.75	35563
82.73702	339.0	131.0	127.875	0.49554962	177184.75	35563
63.976147	322.75	155.875	137.125	-0.49554962	177184.75	35563
621.77594	421.5	92.25	164.625	0.49554962	177184.75	35563
122.96651	399.75	99.375	150.75	-0.49554962	177184.75	35563
149.18736	303.75	73.3125	128.625	0.49554962	177184.75	35563
324.77527	358.25	58.1875	105.0	-0.49554962	177184.75	35563
313.96893	493.25	67.0625	165.625	-0.49554962	177184.75	35563
193.13399	335.75	90.375	2.3203125	-0.49554962	177184.75	35563
296.233	574.0	124.3125	210.75	-0.49554962	177184.75	35563
132.60022	624.0	251.75	187.25	0.49554962	177184.75	35563
230.76935	589.0	145.625	75.75	-0.49554962	177184.75	35563
51.058212	351.75	58.53125	6.0976562	0.49554962	177184.75	35563
86.86333	278.0	144.875	97.4375	0.49554962	177184.75	35563
138.15791	365.25	59.9375	125.9375	-0.49554962	177184.75	35563
115.05984	547.5	82.25	177.75	-0.49554962	177184.75	35563
273.2451	523.0	143.0	190.5	0.49554962	177184.75	35563
127.77222	454.75	98.75	139.75	0.49554962	177184.75	35563
55.12209	372.25	130.125	181.625	0.49554962	177184.75	35563
107.51143	192.25	124.5625	78.4375	0.49554962	177184.75	35563
263.27762	298.0	65.5	121.1875	0.49554962	177184.75	35563
281.00522	553.5	81.125	123.3125	0.49554962	177184.75	35563
322.12106	325.0	100.0625	152.875	0.49554962	177184.75	35563
173.9961	558.0	161.5	203.5	0.49554962	177184.75	35563
333.0943	410.5	102.3125	112.125	0.49554962	177184.75	35563
124.02912	285.5	140.625	113.0	0.49554962	177184.75	35563
273.1263	705.5	75.25	141.625	0.49554962	177184.75	35563
446.9285	535.5	91.875	190.0	0.49554962	177184.75	35563
94.87813	201.125	108.75	87.9375	0.49554962	177184.75	35563
176.70294	348.5	98.5	162.0	0.49554962	177184.75	35563
187.82948	566.5	135.25	270.0	0.49554962	177184.75	35563
78.31222	351.75	77.25	156.5	0.49554962	177184.75	35563
51.441353	486.75	146.5	186.0	0.49554962	177184.75	35563
160.5866	320.75	97.9375	140.875	0.49554962	177184.75	35563
185.12228	428.25	99.875	157.375	-0.49554962	177184.75	35563
143.55998	507.25	197.0	161.75	0.49554962	177184.75	35563
240.57263	646.5	128.625	176.125	-0.49554962	177184.75	35563
87.5592	440.0	112.0	188.75	-0.49554962	177184.75	35563
142.2024	617.0	90.8125	214.5	-0.49554962	177184.75	35563
170.29532	258.25	118.5625	105.625	-0.49554962	177184.75	35563
685.34155	461.75	91.0	142.125	0.49554962	177184.75	35563
244.68475	450.75	136.625	178.875	-0.49554962	177184.75	35563
303.70276	427.25	101.3125	151.5	0.49554962	177184.75	35563
90.35276	425.0	102.3125	174.125	-0.49554962	177184.75	35563
136.6153	447.25	137.375	166.0	0.49554962	177184.75	35563
462.7758	363.75	136.5	166.5	0.49554962	177184.75	35563
134.87521	228.25	56.96875	107.0625	-0.49554962	177184.75	35563
124.15485	290.5	127.3125	127.875	0.49554962	177184.75	35563
326.66336	416.5	166.875	197.25	-0.49554962	177184.75	35563
332.30353	375.75	98.6875	163.25	-0.49554962	177184.75	35563
266.77505	535.0	114.875	126.3125	-0.49554962	177184.75	35563
274.57315	306.0	79.125	124.0	0.49554962	177184.75	35563
132.95433	244.75	110.375	97.875	-0.49554962	177184.75	35563
351.4093	211.375	163.25	97.125	0.49554962	177184.75	35563
728.1418	813.5	81.9375	280.75	0.49554962	177184.75	35563
117.60785	188.625	62.46875	96.4375	0.49554962	177184.75	35563
283.62448	421.5	75.625	99.375	0.49554962	177184.75	35563
369.43643	548.0	119.625	165.25	-0.49554962	177184.75	35563
498.65033	562.0	75.3125	192.25	0.49554962	177184.75	35563
427.55203	795.5	77.5625	133.875	0.49554962	177184.75	35563
111.563705	339.75	131.75	127.625	0.49554962	177184.75	35563
85.73515	867.5	181.75	286.5	0.49554962	177184.75	35563
66.884674	736.5	49.03125	1.2998047	0.49554962	177184.75	35563
130.30057	470.0	130.125	212.25	-0.49554962	177184.75	35563
57.24079	586.5	150.0	208.25	0.49554962	177184.75	35563
262.90692	346.0	105.25	104.0625	0.49554962	177184.75	35563
108.50324	289.25	87.375	136.375	-0.49554962	177184.75	35563
90.24448	321.5	139.25	89.375	0.49554962	177184.75	35563
61.956055	399.0	64.625	6.0234375	0.49554962	177184.75	35563
280.4052	464.0	126.0	177.0	0.49554962	177184.75	35563
102.407875	294.0	66.8125	138.375	0.49554962	177184.75	35563
307.33823	410.5	60.9375	121.4375	0.49554962	177184.75	35563
75.015915	506.25	112.5	150.125	0.49554962	177184.75	35563
38.85907	272.5	51.0	110.75	0.49554962	177184.75	35563
179.86192	683.0	126.9375	171.125	0.49554962	177184.75	35563
268.25104	362.0	65.875	170.625	-0.49554962	177184.75	35563
311.315	456.75	73.5625	141.25	0.49554962	177184.75	35563
133.42303	396.25	77.5625	122.0	0.49554962	177184.75	35563
258.7771	343.75	160.5	143.875	0.49554962	177184.75	35563
170.3936	703.5	135.5	233.375	0.49554962	177184.75	35563
180.94237	614.0	123.5	12.3125	0.49554962	177184.75	35563
164.55653	300.75	57.15625	121.625	-0.49554962	177184.75	35563
65.70495	372.0	77.375	128.75	-0.49554962	177184.75	35563
117.38025	306.5	57.65625	110.875	0.49554962	177184.75	35563
109.27399	542.5	112.375	91.6875	0.49554962	177184.75	35563
148.57622	460.75	72.25	137.625	-0.49554962	177184.75	35563
88.15213	627.5	90.5625	230.75	0.49554962	177184.75	35563
74.22268	307.75	69.4375	120.75	-0.49554962	177184.75	35563
73.77678	272.75	80.875	80.1875	0.49554962	177184.75	35563
83.65759	450.75	169.0	194.75	0.49554962	177184.75	35563
105.72043	460.5	104.875	169.0	-0.49554962	177184.75	35563
98.4813	456.25	104.6875	189.25	-0.49554962	177184.75	35563
315.83862	547.0	66.0625	90.25	0.49554962	177184.75	35563
105.74902	495.25	160.375	258.5	-0.49554962	177184.75	35563
173.64992	261.0	100.4375	92.375	0.49554962	177184.75	35563
155.53033	454.25	152.0	197.5	-0.49554962	177184.75	35563
416.71637	716.5	110.5	55.6875	0.49554962	177184.75	35563
61.361168	1009.5	65.5	223.5	0.49554962	177184.75	35563
134.45961	217.0	122.625	86.5	0.49554962	177184.75	35563
201.40327	395.75	75.5625	162.375	-0.49554962	177184.75	35563
47.00252	328.75	102.5	138.875	0.49554962	177184.75	35563
406.89853	486.0	77.9375	135.5	0.49554962	177184.75	35563
202.33441	332.25	103.6875	132.25	-0.49554962	177184.75	35563
309.0122	398.25	102.625	133.0	-0.49554962	177184.75	35563
217.4073	309.5	90.25	132.75	0.49554962	177184.75	35563
98.19217	399.75	96.375	133.125	0.49554962	177184.75	35563
31.758995	369.25	123.875	176.375	0.49554962	177184.75	35563
226.79099	649.0	112.875	196.625	-0.49554962	177184.75	35563
44.495365	466.0	80.8125	176.625	0.49554962	177184.75	35563
339.90262	624.5	94.1875	230.5	-0.49554962	177184.75	35563
140.48486	293.75	71.3125	107.75	0.49554962	177184.75	35563
233.47507	450.5	38.53125	178.5	0.49554962	177184.75	35563
254.21916	336.25	77.6875	129.875	-0.49554962	177184.75	35563
70.12312	301.5	132.0	97.375	0.49554962	177184.75	35563
62.199867	777.5	62.9375	193.875	-0.49554962	177184.75	35563
101.47034	468.5	92.8125	189.25	0.49554962	177184.75	35563
139.66132	221.375	46.03125	93.0	0.49554962	177184.75	35563
57.602695	425.5	82.875	176.875	-0.49554962	177184.75	35563
296.25803	336.0	69.0625	118.4375	-0.49554962	177184.75	35563
102.62047	489.75	108.875	158.875	-0.49554962	177184.75	35563
71.730156	420.5	62.6875	135.125	0.49554962	177184.75	35563
211.20767	222.25	127.5625	80.4375	0.49554962	177184.75	35563
95.676	508.5	94.125	163.625	0.49554962	177184.75	35563
342.3736	248.0	67.8125	112.5	-0.49554962	177184.75	35563
405.50287	455.25	90.6875	148.625	-0.49554962	177184.75	35563
106.39221	610.5	90.375	202.875	0.49554962	177184.75	35563
67.08572	594.0	160.375	1.625	0.49554962	177184.75	35563
308.31067	599.5	101.8125	184.75	0.49554962	177184.75	35563
295.962	356.5	133.0	123.0625	0.49554962	177184.75	35563
100.12981	569.5	115.375	154.25	0.49554962	177184.75	35563
441.7089	509.0	132.0	238.375	-0.49554962	177184.75	35563
158.55344	437.5	165.625	183.5	-0.49554962	177184.75	35563
106.180115	535.5	177.5	149.375	0.49554962	177184.75	35563
52.656322	422.5	116.1875	164.875	-0.49554962	177184.75	35563
223.51163	612.5	60.4375	125.875	-0.49554962	177184.75	35563
233.14948	348.25	61.5	129.0	0.49554962	177184.75	35563
151.9252	274.0	112.5625	116.6875	-0.49554962	177184.75	35563
296.9778	393.5	145.5	189.75	0.49554962	177184.75	35563
146.8459	700.5	80.25	26.546875	0.49554962	177184.75	35563
141.43753	460.0	119.0	162.25	0.49554962	177184.75	35563
128.82246	361.0	108.5625	151.375	-0.49554962	177184.75	35563
151.32059	264.5	75.5625	93.375	0.49554962	177184.75	35563
171.49986	354.0	99.875	164.875	0.49554962	177184.75	35563
161.26392	604.0	92.125	195.0	0.49554962	177184.75	35563
110.21939	304.25	121.875	138.5	-0.49554962	177184.75	35563
99.199776	319.75	52.75	132.375	0.49554962	177184.75	35563
288.81995	324.25	107.3125	140.875	0.49554962	177184.75	35563
236.9967	385.25	55.46875	154.25	0.49554962	177184.75	35563
59.56891	273.5	91.875	100.0	0.49554962	177184.75	35563
363.48953	383.75	65.125	169.125	0.49554962	177184.75	35563
48.28971	334.0	132.25	130.0	0.49554962	177184.75	35563
160.39262	310.75	78.25	99.5625	0.49554962	177184.75	35563
353.18326	372.75	88.375	138.5	0.49554962	177184.75	35563
124.7777	387.5	91.5	126.0	0.49554962	177184.75	35563
130.25816	355.25	119.3125	137.625	-0.49554962	177184.75	35563
184.46669	352.5	137.125	185.5	0.49554962	177184.75	35563
107.16326	371.0	57.8125	132.0	0.49554962	177184.75	35563
158.65456	521.0	86.4375	186.875	-0.49554962	177184.75	35563
262.1279	392.75	46.28125	172.875	0.49554962	177184.75	35563
252.7368	311.75	86.1875	132.25	0.49554962	177184.75	35563
185.36752	215.75	77.25	105.6875	0.49554962	177184.75	35563
201.83784	356.25	94.0	121.375	0.49554962	177184.75	35563
74.86674	332.75	56.6875	148.25	-0.49554962	177184.75	35563
87.34014	463.75	121.5	163.0	0.49554962	177184.75	35563
98.85919	325.0	144.5	165.375	0.49554962	177184.75	35563
221.23785	329.75	85.9375	131.5	0.49554962	177184.75	35563
62.286003	912.0	107.0	85.5	0.49554962	177184.75	35563
165.03133	465.0	118.75	175.875	0.49554962	177184.75	35563
164.71222	315.5	75.0	123.375	0.49554962	177184.75	35563
297.01276	568.5	139.25	265.75	0.49554962	177184.75	35563
51.22862	233.375	125.1875	98.4375	0.49554962	177184.75	35563
183.63081	400.0	86.25	5.9726562	0.49554962	177184.75	35563
161.42264	287.75	102.1875	126.5625	0.49554962	177184.75	35563
313.47122	455.5	116.8125	201.625	0.49554962	177184.75	35563
76.9032	403.75	89.0	186.375	0.49554962	177184.75	35563
159.78058	288.0	109.9375	132.125	0.49554962	177184.75	35563
118.410355	454.75	121.6875	190.625	0.49554962	177184.75	35563
138.51248	259.0	159.875	118.6875	0.49554962	177184.75	35563
76.41085	335.75	49.15625	119.25	0.49554962	177184.75	35563
82.363235	411.5	74.125	175.25	-0.49554962	177184.75	35563
96.17236	297.25	130.375	101.0	0.49554962	177184.75	35563
159.17789	428.25	90.75	116.0625	0.49554962	177184.75	35563
141.45172	276.0	133.75	113.6875	0.49554962	177184.75	35563
225.17819	361.5	88.6875	157.5	0.49554962	177184.75	35563
203.34512	422.75	147.75	74.375	0.49554962	177184.75	35563
148.04982	219.875	98.1875	97.0625	0.49554962	177184.75	35563
127.2824	494.0	87.125	82.125	0.49554962	177184.75	35563
