lep_pt	AK8_pt	AK4_pt	M_sd	genWeights	sumWeight	N_exp
129.57124	394.5	130.25	169.375	0.49554962	289486.16	35563
103.459885	403.25	136.5	168.375	0.49554962	289486.16	35563
304.63898	596.0	105.8125	251.625	0.49554962	289486.16	35563
52.473713	444.5	115.6875	170.0	-0.49554962	289486.16	35563
183.90361	350.75	90.9375	133.875	-0.49554962	289486.16	35563
44.722004	339.75	110.6875	173.625	0.49554962	289486.16	35563
391.15213	430.5	100.625	164.5	0.49554962	289486.16	35563
253.26404	227.625	88.1875	120.3125	0.49554962	289486.16	35563
41.554314	332.0	79.4375	116.6875	0.49554962	289486.16	35563
206.00932	540.0	83.625	185.0	0.49554962	289486.16	35563
314.52567	464.5	152.625	191.125	0.49554962	289486.16	35563
97.96483	313.75	131.625	154.5	0.49554962	289486.16	35563
175.58545	480.0	156.125	181.25	0.49554962	289486.16	35563
148.2955	241.375	45.0625	84.5625	0.49554962	289486.16	35563
96.97548	453.25	192.875	159.375	0.49554962	289486.16	35563
250.62596	470.5	96.5625	168.5	0.49554962	289486.16	35563
98.94345	253.5	60.28125	127.5625	-0.49554962	289486.16	35563
48.97205	270.5	118.0625	126.375	0.49554962	289486.16	35563
282.6798	310.0	66.8125	2.3300781	0.49554962	289486.16	35563
131.8403	630.0	107.25	118.0	-0.49554962	289486.16	35563
117.088135	388.5	62.75	131.25	-0.49554962	289486.16	35563
145.19069	651.0	111.8125	163.0	0.49554962	289486.16	35563
203.5817	255.0	71.625	103.875	-0.49554962	289486.16	35563
454.9857	806.0	135.375	206.125	0.49554962	289486.16	35563
358.57846	414.25	121.25	126.8125	0.49554962	289486.16	35563
315.70837	310.75	63.625	112.875	-0.49554962	289486.16	35563
193.42123	405.25	90.9375	153.75	0.49554962	289486.16	35563
44.99014	387.25	59.8125	154.375	-0.49554962	289486.16	35563
199.30307	537.5	121.9375	182.875	-0.49554962	289486.16	35563
46.602085	1016.0	64.1875	176.75	0.49554962	289486.16	35563
208.05336	605.5	109.1875	222.875	0.49554962	289486.16	35563
264.2862	367.75	49.21875	82.4375	0.49554962	289486.16	35563
128.59874	214.0	143.0	97.375	-0.49554962	289486.16	35563
70.67484	201.75	143.625	91.625	0.49554962	289486.16	35563
242.28636	351.5	104.3125	152.375	0.49554962	289486.16	35563
199.14062	342.0	65.4375	130.25	0.49554962	289486.16	35563
284.87915	523.0	195.125	258.25	0.49554962	289486.16	35563
389.40747	592.0	154.125	179.25	0.49554962	289486.16	35563
146.03337	428.75	128.625	173.0	0.49554962	289486.16	35563
160.73271	295.0	151.375	102.8125	0.49554962	289486.16	35563
89.20126	394.0	96.4375	178.0	0.49554962	289486.16	35563
136.34467	390.0	114.3125	188.625	0.49554962	289486.16	35563
404.63412	772.5	98.9375	164.25	0.49554962	289486.16	35563
50.413807	268.75	81.6875	111.875	-0.49554962	289486.16	35563
411.21338	344.75	143.625	148.625	0.49554962	289486.16	35563
97.37539	369.25	134.875	101.875	-0.49554962	289486.16	35563
71.97445	340.75	84.25	132.625	0.49554962	289486.16	35563
109.6217	379.0	132.875	156.0	0.49554962	289486.16	35563
63.84807	327.75	143.875	163.375	0.49554962	289486.16	35563
112.83005	259.75	118.0625	123.4375	-0.49554962	289486.16	35563
434.75513	663.0	137.625	190.125	0.49554962	289486.16	35563
457.5757	352.25	84.125	142.875	0.49554962	289486.16	35563
142.10051	453.75	89.5625	119.0	0.49554962	289486.16	35563
106.048965	665.5	99.9375	181.75	0.49554962	289486.16	35563
58.307247	384.0	103.6875	133.25	0.49554962	289486.16	35563
215.58049	319.0	122.4375	133.375	0.49554962	289486.16	35563
168.11133	317.25	121.5	127.5625	0.49554962	289486.16	35563
117.73328	346.75	84.375	125.0625	0.49554962	289486.16	35563
74.186424	298.25	98.3125	123.5625	0.49554962	289486.16	35563
105.27072	307.75	68.25	140.75	-0.49554962	289486.16	35563
353.19064	561.5	251.875	250.375	0.49554962	289486.16	35563
184.14764	415.0	65.375	130.75	-0.49554962	289486.16	35563
217.46431	296.75	140.0	117.4375	0.49554962	289486.16	35563
164.25905	247.875	59.78125	77.5	-0.49554962	289486.16	35563
235.45378	287.0	90.3125	112.125	-0.49554962	289486.16	35563
133.96999	272.25	109.1875	74.5	0.49554962	289486.16	35563
154.52856	495.75	89.1875	176.625	0.49554962	289486.16	35563
199.89464	743.0	86.875	179.375	0.49554962	289486.16	35563
194.8782	291.0	77.0	147.5	0.49554962	289486.16	35563
249.80046	466.5	76.9375	221.625	0.49554962	289486.16	35563
92.26374	483.5	128.75	188.875	0.49554962	289486.16	35563
150.73782	279.75	58.3125	112.375	0.49554962	289486.16	35563
131.1227	293.0	136.875	119.625	0.49554962	289486.16	35563
78.47101	497.75	57.5625	148.875	0.49554962	289486.16	35563
100.800766	370.25	92.8125	78.375	0.49554962	289486.16	35563
97.67487	458.75	124.75	153.125	-0.49554962	289486.16	35563
144.793	234.625	146.125	113.0	0.49554962	289486.16	35563
211.55899	274.0	149.875	87.375	0.49554962	289486.16	35563
54.55933	402.5	166.75	138.75	0.49554962	289486.16	35563
251.87077	528.0	81.6875	206.25	0.49554962	289486.16	35563
175.37816	398.75	188.5	135.0	0.49554962	289486.16	35563
273.65625	509.25	143.375	249.375	0.49554962	289486.16	35563
155.54341	480.5	116.4375	168.625	-0.49554962	289486.16	35563
62.97692	407.0	91.875	141.375	0.49554962	289486.16	35563
297.41162	505.5	149.0	208.125	-0.49554962	289486.16	35563
225.92764	433.25	90.8125	176.625	0.49554962	289486.16	35563
272.03732	388.75	125.6875	156.125	0.49554962	289486.16	35563
90.52573	197.0	72.125	95.75	-0.49554962	289486.16	35563
141.36285	360.75	117.875	129.125	-0.49554962	289486.16	35563
187.56178	367.5	55.0625	122.9375	0.49554962	289486.16	35563
473.4004	464.75	209.375	180.75	-0.49554962	289486.16	35563
264.2938	530.5	105.1875	179.875	0.49554962	289486.16	35563
53.750977	281.25	123.25	127.5	0.49554962	289486.16	35563
354.8704	503.25	108.6875	121.875	0.49554962	289486.16	35563
176.99358	321.5	55.53125	123.5	0.49554962	289486.16	35563
301.31033	420.25	104.0	147.125	0.49554962	289486.16	35563
169.18042	330.25	63.28125	173.25	0.49554962	289486.16	35563
148.6265	314.0	122.5625	151.625	0.49554962	289486.16	35563
105.593025	383.5	66.75	134.875	0.49554962	289486.16	35563
111.421036	440.25	75.375	169.125	0.49554962	289486.16	35563
46.64056	481.0	138.0	165.25	0.49554962	289486.16	35563
416.5868	524.5	79.8125	192.75	0.49554962	289486.16	35563
184.31528	348.0	99.0625	143.375	-0.49554962	289486.16	35563
194.75168	292.75	109.4375	96.25	0.49554962	289486.16	35563
92.34505	358.0	98.0	101.5	0.49554962	289486.16	35563
154.01732	323.5	144.5	161.625	0.49554962	289486.16	35563
52.576843	282.25	101.0	120.25	-0.49554962	289486.16	35563
136.98755	394.0	105.75	147.625	0.49554962	289486.16	35563
232.00122	652.0	167.375	193.375	0.49554962	289486.16	35563
371.816	376.0	93.8125	132.875	0.49554962	289486.16	35563
134.6485	259.25	98.3125	101.8125	0.49554962	289486.16	35563
214.4949	370.25	82.875	138.375	0.49554962	289486.16	35563
259.4363	318.5	125.0	150.875	0.49554962	289486.16	35563
107.57599	606.5	95.3125	170.375	0.49554962	289486.16	35563
115.83835	275.5	103.4375	146.25	0.49554962	289486.16	35563
227.37885	584.5	87.8125	78.875	0.49554962	289486.16	35563
182.45117	524.0	51.25	167.25	-0.49554962	289486.16	35563
181.46497	363.75	120.0	140.5	0.49554962	289486.16	35563
125.84764	504.25	61.40625	145.875	0.49554962	289486.16	35563
227.33635	925.0	77.0	297.75	0.49554962	289486.16	35563
268.28772	448.25	90.3125	110.5625	0.49554962	289486.16	35563
157.45293	430.25	143.125	187.5	0.49554962	289486.16	35563
51.445477	279.25	95.4375	2.7949219	0.49554962	289486.16	35563
463.51532	436.75	66.4375	88.4375	0.49554962	289486.16	35563
100.181015	519.0	176.25	177.125	0.49554962	289486.16	35563
129.00761	397.0	104.5	144.375	-0.49554962	289486.16	35563
75.85217	315.5	61.90625	117.9375	0.49554962	289486.16	35563
294.7122	500.25	125.8125	180.125	0.49554962	289486.16	35563
466.9474	586.0	98.125	167.5	0.49554962	289486.16	35563
74.5528	294.25	119.875	118.4375	-0.49554962	289486.16	35563
192.20076	950.5	278.75	156.75	0.49554962	289486.16	35563
152.39874	256.5	37.875	86.8125	-0.49554962	289486.16	35563
184.84384	428.5	67.6875	145.375	-0.49554962	289486.16	35563
108.52919	321.25	94.25	105.75	0.49554962	289486.16	35563
101.021904	392.5	83.25	146.25	-0.49554962	289486.16	35563
353.77618	353.5	152.625	160.5	-0.49554962	289486.16	35563
179.21523	570.0	81.875	212.875	0.49554962	289486.16	35563
199.65382	428.5	89.0625	141.625	0.49554962	289486.16	35563
287.00894	501.5	120.4375	68.0625	0.49554962	289486.16	35563
60.312237	405.0	185.75	177.625	0.49554962	289486.16	35563
232.0242	614.0	76.25	197.75	-0.49554962	289486.16	35563
237.1348	471.0	160.125	157.75	0.49554962	289486.16	35563
137.39801	236.125	71.25	102.4375	0.49554962	289486.16	35563
146.56406	325.0	163.25	153.75	0.49554962	289486.16	35563
439.09616	364.0	126.8125	75.8125	0.49554962	289486.16	35563
125.91076	320.0	149.625	133.125	0.49554962	289486.16	35563
150.84976	258.75	97.875	72.75	0.49554962	289486.16	35563
177.9992	320.25	93.8125	150.0	0.49554962	289486.16	35563
51.089085	455.25	97.25	175.875	0.49554962	289486.16	35563
24.55348	692.5	64.3125	6.71875	0.49554962	289486.16	35563
46.71824	481.75	75.4375	116.5	0.49554962	289486.16	35563
59.134426	247.75	92.125	95.0625	0.49554962	289486.16	35563
159.05138	503.25	210.125	229.625	0.49554962	289486.16	35563
173.09344	329.25	140.75	138.25	0.49554962	289486.16	35563
61.586967	526.0	96.6875	262.5	-0.49554962	289486.16	35563
160.28926	468.5	94.875	81.0	-0.49554962	289486.16	35563
739.2631	779.5	95.4375	190.375	0.49554962	289486.16	35563
70.54249	278.75	66.625	112.375	0.49554962	289486.16	35563
324.18384	441.75	91.625	91.875	0.49554962	289486.16	35563
74.792496	377.0	148.375	131.25	0.49554962	289486.16	35563
299.45322	360.5	85.5	143.625	0.49554962	289486.16	35563
531.06525	566.0	107.625	186.125	0.49554962	289486.16	35563
75.91208	384.75	158.25	152.75	0.49554962	289486.16	35563
102.136734	920.0	95.5	181.75	-0.49554962	289486.16	35563
92.07528	263.0	89.375	115.8125	0.49554962	289486.16	35563
437.4999	377.25	103.6875	164.125	0.49554962	289486.16	35563
287.47855	333.75	111.9375	129.125	0.49554962	289486.16	35563
304.30417	462.75	70.5	172.375	0.49554962	289486.16	35563
86.55546	341.0	66.125	82.625	-0.49554962	289486.16	35563
212.4166	311.25	78.5	103.625	0.49554962	289486.16	35563
46.0351	454.75	119.5625	168.0	0.49554962	289486.16	35563
83.139565	873.0	135.125	193.625	-0.49554962	289486.16	35563
207.02777	297.5	91.125	117.9375	0.49554962	289486.16	35563
178.44482	350.0	92.875	152.5	0.49554962	289486.16	35563
93.47442	347.25	151.0	154.25	0.49554962	289486.16	35563
142.14473	250.75	88.0	127.625	0.49554962	289486.16	35563
227.29866	356.0	69.0625	167.125	-0.49554962	289486.16	35563
186.94046	713.0	178.25	201.125	-0.49554962	289486.16	35563
237.91408	286.75	86.5	109.0	0.49554962	289486.16	35563
78.17915	240.0	70.6875	92.3125	0.49554962	289486.16	35563
350.774	215.125	90.125	97.0625	0.49554962	289486.16	35563
188.56316	317.5	89.625	134.0	0.49554962	289486.16	35563
75.95328	539.0	73.9375	177.125	0.49554962	289486.16	35563
98.43938	398.75	120.3125	83.9375	0.49554962	289486.16	35563
88.81855	555.5	159.25	126.6875	0.49554962	289486.16	35563
52.53645	280.0	107.5625	97.25	-0.49554962	289486.16	35563
167.06131	413.0	120.25	108.5	0.49554962	289486.16	35563
545.4998	813.5	199.5	279.5	0.49554962	289486.16	35563
176.75456	454.0	92.6875	89.375	0.49554962	289486.16	35563
214.38486	322.75	61.78125	148.625	-0.49554962	289486.16	35563
130.13849	452.0	151.5	182.5	0.49554962	289486.16	35563
151.25528	393.75	136.5	150.125	0.49554962	289486.16	35563
82.37554	226.625	65.5625	90.0	-0.49554962	289486.16	35563
173.70702	337.0	81.4375	124.8125	0.49554962	289486.16	35563
34.73697	225.0	62.65625	90.25	0.49554962	289486.16	35563
90.308586	452.25	85.0	175.75	0.49554962	289486.16	35563
463.9807	820.0	265.25	311.75	0.49554962	289486.16	35563
282.21283	325.0	131.25	122.5	0.49554962	289486.16	35563
68.367805	241.5	38.96875	115.6875	0.49554962	289486.16	35563
166.74873	410.25	166.5	192.625	0.49554962	289486.16	35563
162.26286	369.25	71.0625	156.125	0.49554962	289486.16	35563
282.40915	547.5	125.375	156.375	0.49554962	289486.16	35563
95.996414	214.625	89.6875	104.8125	-0.49554962	289486.16	35563
332.81598	482.25	147.5	187.0	0.49554962	289486.16	35563
137.12352	358.0	149.875	125.0625	-0.49554962	289486.16	35563
134.51096	272.0	77.0625	114.625	0.49554962	289486.16	35563
73.11608	287.75	67.75	46.375	0.49554962	289486.16	35563
230.37291	473.25	134.125	180.5	0.49554962	289486.16	35563
140.80336	390.75	100.875	143.375	0.49554962	289486.16	35563
81.387474	291.75	138.375	120.4375	0.49554962	289486.16	35563
178.48749	472.75	130.375	199.875	0.49554962	289486.16	35563
208.89386	404.25	80.625	127.1875	0.49554962	289486.16	35563
129.91983	407.25	117.9375	191.875	-0.49554962	289486.16	35563
129.04663	265.25	63.0	4.5390625	0.49554962	289486.16	35563
152.68492	360.75	120.4375	169.625	-0.49554962	289486.16	35563
177.97206	332.75	106.125	104.25	0.49554962	289486.16	35563
58.04855	236.5	120.5625	74.625	0.49554962	289486.16	35563
130.99545	394.75	91.5	161.75	-0.49554962	289486.16	35563
92.95504	557.0	78.125	157.125	-0.49554962	289486.16	35563
158.93546	407.0	78.9375	78.0	0.49554962	289486.16	35563
138.06062	428.5	130.125	170.125	0.49554962	289486.16	35563
370.30496	382.0	111.6875	150.0	-0.49554962	289486.16	35563
367.62	493.5	74.25	160.75	0.49554962	289486.16	35563
158.19588	920.0	43.375	280.0	0.49554962	289486.16	35563
304.7823	463.75	71.125	5.90625	0.49554962	289486.16	35563
61.257576	283.75	77.4375	93.375	-0.49554962	289486.16	35563
217.00772	203.875	139.125	102.8125	0.49554962	289486.16	35563
370.04276	521.0	147.625	217.75	0.49554962	289486.16	35563
78.18336	460.0	133.0	138.625	0.49554962	289486.16	35563
86.09629	406.75	62.8125	166.625	-0.49554962	289486.16	35563
194.49199	747.0	87.875	200.375	-0.49554962	289486.16	35563
260.70245	446.5	128.75	176.75	0.49554962	289486.16	35563
229.41147	477.75	109.3125	145.0	0.49554962	289486.16	35563
329.39124	392.0	158.25	142.125	0.49554962	289486.16	35563
251.95638	298.25	103.9375	94.25	0.49554962	289486.16	35563
239.02626	387.0	121.0	173.625	0.49554962	289486.16	35563
237.89523	548.0	111.25	157.5	0.49554962	289486.16	35563
128.14403	223.5	71.25	88.1875	0.49554962	289486.16	35563
111.094505	387.0	93.625	134.5	0.49554962	289486.16	35563
76.690384	391.5	115.875	155.75	0.49554962	289486.16	35563
245.08269	255.125	131.375	108.8125	0.49554962	289486.16	35563
226.4949	444.25	107.1875	197.625	0.49554962	289486.16	35563
411.9449	1059.0	77.3125	82.0625	0.49554962	289486.16	35563
182.18202	389.0	124.125	141.75	-0.49554962	289486.16	35563
232.32231	842.0	73.5625	82.75	0.49554962	289486.16	35563
228.879	432.75	124.8125	164.375	0.49554962	289486.16	35563
66.02991	327.0	68.125	116.8125	-0.49554962	289486.16	35563
47.011303	721.5	165.75	242.25	0.49554962	289486.16	35563
381.53293	791.5	81.4375	144.375	-0.49554962	289486.16	35563
185.75171	563.5	112.6875	111.625	0.49554962	289486.16	35563
48.558826	197.125	73.625	69.625	0.49554962	289486.16	35563
183.734	509.5	113.4375	169.0	0.49554962	289486.16	35563
496.3085	759.0	123.625	165.375	0.49554962	289486.16	35563
162.96193	535.5	69.5625	165.75	-0.49554962	289486.16	35563
86.01142	408.5	64.5625	146.5	0.49554962	289486.16	35563
52.142952	516.0	102.0625	186.0	0.49554962	289486.16	35563
131.32643	236.625	63.90625	125.3125	0.49554962	289486.16	35563
69.144196	257.0	127.25	109.625	-0.49554962	289486.16	35563
74.12514	234.375	107.6875	101.8125	0.49554962	289486.16	35563
145.07924	293.0	142.5	119.125	-0.49554962	289486.16	35563
241.06506	459.5	115.4375	151.875	0.49554962	289486.16	35563
390.24118	476.75	137.125	184.125	0.49554962	289486.16	35563
261.89847	458.0	129.875	156.75	0.49554962	289486.16	35563
144.06696	261.75	82.375	106.0625	0.49554962	289486.16	35563
566.58075	662.5	61.5	86.6875	0.49554962	289486.16	35563
223.54407	320.75	58.625	86.0625	0.49554962	289486.16	35563
174.6087	310.25	143.0	128.375	-0.49554962	289486.16	35563
242.46852	457.25	178.375	211.75	-0.49554962	289486.16	35563
286.77213	375.75	133.625	160.375	0.49554962	289486.16	35563
45.151962	466.75	67.4375	117.875	0.49554962	289486.16	35563
122.54968	490.0	62.3125	175.625	0.49554962	289486.16	35563
165.87479	396.0	94.4375	150.5	0.49554962	289486.16	35563
417.04395	628.5	144.125	186.0	0.49554962	289486.16	35563
93.54297	511.75	110.5625	173.875	-0.49554962	289486.16	35563
217.46887	473.75	58.3125	130.125	0.49554962	289486.16	35563
99.98201	321.5	110.9375	152.625	0.49554962	289486.16	35563
306.84827	313.25	87.6875	141.875	-0.49554962	289486.16	35563
22.453882	376.5	128.125	171.0	-0.49554962	289486.16	35563
104.052444	516.0	106.6875	180.375	0.49554962	289486.16	35563
119.43722	506.5	68.0625	177.25	0.49554962	289486.16	35563
78.22932	361.5	103.625	158.5	-0.49554962	289486.16	35563
351.10373	434.25	109.3125	211.375	0.49554962	289486.16	35563
179.35863	319.0	109.25	126.25	-0.49554962	289486.16	35563
148.51244	384.5	151.375	180.0	-0.49554962	289486.16	35563
190.40352	248.75	135.375	97.9375	0.49554962	289486.16	35563
189.62137	432.25	149.75	146.0	0.49554962	289486.16	35563
91.57331	413.5	158.375	189.75	0.49554962	289486.16	35563
218.33333	295.75	139.125	123.25	0.49554962	289486.16	35563
239.82805	362.5	96.0	141.625	0.49554962	289486.16	35563
189.97646	535.0	95.125	179.375	0.49554962	289486.16	35563
106.997604	282.25	85.3125	112.125	0.49554962	289486.16	35563
148.3666	380.25	158.25	161.75	-0.49554962	289486.16	35563
333.29044	391.25	71.25	192.375	0.49554962	289486.16	35563
110.806244	254.25	89.625	97.875	0.49554962	289486.16	35563
186.03326	243.25	81.4375	120.75	0.49554962	289486.16	35563
107.5568	242.375	103.25	113.6875	0.49554962	289486.16	35563
139.34451	370.75	156.125	157.25	0.49554962	289486.16	35563
164.1333	338.0	107.9375	120.25	-0.49554962	289486.16	35563
190.56926	371.0	169.5	153.25	-0.49554962	289486.16	35563
248.44156	426.25	130.125	155.5	-0.49554962	289486.16	35563
165.64287	242.25	89.9375	94.75	-0.49554962	289486.16	35563
52.893806	452.75	66.375	19.046875	0.49554962	289486.16	35563
420.18198	420.75	138.625	124.4375	0.49554962	289486.16	35563
186.78291	420.0	102.25	180.875	0.49554962	289486.16	35563
105.113525	499.25	107.25	160.375	0.49554962	289486.16	35563
116.05579	297.5	97.375	114.5625	0.49554962	289486.16	35563
120.01915	433.0	171.0	198.375	0.49554962	289486.16	35563
234.43195	275.5	101.375	121.4375	0.49554962	289486.16	35563
219.25523	382.25	114.5	93.0625	0.49554962	289486.16	35563
138.5592	393.5	120.4375	174.25	0.49554962	289486.16	35563
49.913322	253.75	74.8125	94.25	0.49554962	289486.16	35563
249.32057	611.0	92.0625	167.5	0.49554962	289486.16	35563
187.5799	316.75	92.875	128.875	0.49554962	289486.16	35563
62.636425	373.5	123.0625	183.5	-0.49554962	289486.16	35563
157.79236	476.5	85.5625	157.375	0.49554962	289486.16	35563
183.9473	373.5	121.125	156.0	-0.49554962	289486.16	35563
120.91697	392.25	133.75	173.5	0.49554962	289486.16	35563
180.5591	261.0	85.25	79.375	-0.49554962	289486.16	35563
112.27574	419.0	56.71875	144.125	0.49554962	289486.16	35563
185.3335	562.5	91.25	138.125	0.49554962	289486.16	35563
263.5694	338.0	128.25	160.5	0.49554962	289486.16	35563
254.71101	1095.0	55.21875	280.5	0.49554962	289486.16	35563
101.38418	241.0	59.1875	93.5	0.49554962	289486.16	35563
55.706535	208.25	108.5625	93.5625	0.49554962	289486.16	35563
242.31528	329.5	135.75	135.0	0.49554962	289486.16	35563
64.66812	376.0	91.125	118.125	-0.49554962	289486.16	35563
153.30049	339.75	123.5625	160.25	0.49554962	289486.16	35563
379.16724	439.5	109.125	179.625	-0.49554962	289486.16	35563
84.93971	312.0	117.5625	91.0625	0.49554962	289486.16	35563
189.91238	448.75	130.25	169.125	0.49554962	289486.16	35563
237.91145	446.5	78.9375	146.0	0.49554962	289486.16	35563
110.004974	444.0	87.875	176.375	0.49554962	289486.16	35563
300.61115	547.0	75.75	170.75	-0.49554962	289486.16	35563
215.6836	432.25	115.6875	184.125	0.49554962	289486.16	35563
92.980064	341.75	83.5	149.75	0.49554962	289486.16	35563
62.496727	432.75	87.4375	177.375	0.49554962	289486.16	35563
136.38954	362.25	122.5	144.5	0.49554962	289486.16	35563
145.70757	406.75	56.65625	156.5	-0.49554962	289486.16	35563
140.60146	296.0	132.25	133.125	-0.49554962	289486.16	35563
77.41957	323.5	118.25	154.875	0.49554962	289486.16	35563
134.92815	492.5	109.5625	96.875	0.49554962	289486.16	35563
142.34888	236.75	104.0625	92.375	0.49554962	289486.16	35563
277.46204	506.75	90.25	219.25	0.49554962	289486.16	35563
288.45123	316.5	134.0	93.125	0.49554962	289486.16	35563
212.74731	380.25	154.25	154.875	0.49554962	289486.16	35563
245.96512	816.0	81.875	177.625	0.49554962	289486.16	35563
116.40549	437.0	90.125	154.125	0.49554962	289486.16	35563
130.55322	336.5	95.1875	117.875	-0.49554962	289486.16	35563
165.85896	480.25	87.0625	138.125	0.49554962	289486.16	35563
178.72517	297.0	88.3125	149.875	-0.49554962	289486.16	35563
251.49252	457.0	71.0625	139.375	0.49554962	289486.16	35563
45.624424	191.875	96.875	85.0625	0.49554962	289486.16	35563
171.21669	337.0	101.1875	88.1875	-0.49554962	289486.16	35563
302.80072	408.0	130.0	180.25	-0.49554962	289486.16	35563
133.76859	552.5	168.75	190.375	0.49554962	289486.16	35563
138.14052	536.5	58.78125	202.25	0.49554962	289486.16	35563
117.18026	789.0	142.0	191.75	0.49554962	289486.16	35563
453.41376	235.5	72.25	99.375	0.49554962	289486.16	35563
213.3893	287.5	134.25	122.625	0.49554962	289486.16	35563
116.45265	345.25	117.5625	137.75	-0.49554962	289486.16	35563
501.0468	488.5	126.375	152.75	0.49554962	289486.16	35563
208.58824	459.25	35.59375	111.6875	-0.49554962	289486.16	35563
137.42673	392.5	124.75	189.875	0.49554962	289486.16	35563
125.67142	401.75	149.75	161.625	-0.49554962	289486.16	35563
64.771225	671.0	66.9375	1.9931641	0.49554962	289486.16	35563
391.9076	701.0	137.0	188.375	0.49554962	289486.16	35563
337.029	559.5	106.875	156.5	0.49554962	289486.16	35563
253.52022	386.75	138.75	168.75	0.49554962	289486.16	35563
186.42606	265.75	79.0625	117.5625	0.49554962	289486.16	35563
431.97754	548.0	136.25	293.25	-0.49554962	289486.16	35563
122.526375	512.0	123.375	145.75	0.49554962	289486.16	35563
214.69989	466.25	135.0	200.5	0.49554962	289486.16	35563
196.00763	287.25	67.3125	60.375	0.49554962	289486.16	35563
217.78773	406.75	86.5625	164.125	0.49554962	289486.16	35563
57.36234	332.25	104.5625	133.5	0.49554962	289486.16	35563
290.799	895.5	245.625	468.75	0.49554962	289486.16	35563
99.92494	429.25	105.4375	149.75	0.49554962	289486.16	35563
191.44084	355.5	126.375	133.875	-0.49554962	289486.16	35563
186.89647	200.0	59.9375	85.0	0.49554962	289486.16	35563
141.16974	369.25	101.0	148.75	0.49554962	289486.16	35563
128.01828	464.25	61.03125	152.75	0.49554962	289486.16	35563
152.16997	412.0	102.625	113.875	0.49554962	289486.16	35563
77.418175	520.0	144.5	200.875	0.49554962	289486.16	35563
199.97202	516.0	101.625	195.875	0.49554962	289486.16	35563
106.45332	731.5	77.375	157.375	0.49554962	289486.16	35563
380.16223	328.75	125.6875	147.875	-0.49554962	289486.16	35563
147.58087	431.25	66.875	151.5	0.49554962	289486.16	35563
154.29314	479.25	101.1875	180.0	-0.49554962	289486.16	35563
101.27884	429.5	125.9375	173.375	0.49554962	289486.16	35563
236.58047	430.75	121.125	178.125	0.49554962	289486.16	35563
103.43397	620.5	135.375	177.5	0.49554962	289486.16	35563
96.23517	304.25	56.53125	107.1875	0.49554962	289486.16	35563
173.32207	407.0	124.5625	118.8125	0.49554962	289486.16	35563
101.54375	372.75	75.4375	134.25	-0.49554962	289486.16	35563
52.91831	392.5	61.625	143.125	0.49554962	289486.16	35563
260.89127	489.25	105.375	18.578125	0.49554962	289486.16	35563
114.182755	516.0	152.25	107.8125	0.49554962	289486.16	35563
188.022	342.5	62.25	90.0625	0.49554962	289486.16	35563
324.6898	371.0	140.5	175.375	0.49554962	289486.16	35563
113.133675	414.0	76.0	156.375	0.49554962	289486.16	35563
127.010925	542.0	68.1875	184.625	0.49554962	289486.16	35563
261.5544	436.5	75.9375	190.75	0.49554962	289486.16	35563
158.19034	483.0	64.625	151.625	0.49554962	289486.16	35563
441.44412	399.25	58.3125	134.25	0.49554962	289486.16	35563
165.54303	371.5	105.5625	164.25	-0.49554962	289486.16	35563
348.16583	228.375	55.46875	113.9375	-0.49554962	289486.16	35563
127.81931	415.25	58.34375	143.375	0.49554962	289486.16	35563
96.120415	369.25	107.25	149.25	0.49554962	289486.16	35563
363.0374	475.25	129.25	175.375	-0.49554962	289486.16	35563
102.107445	461.5	60.4375	149.125	0.49554962	289486.16	35563
67.15944	273.75	68.75	121.1875	0.49554962	289486.16	35563
439.13464	576.0	111.1875	176.875	0.49554962	289486.16	35563
92.86682	285.0	73.75	121.6875	0.49554962	289486.16	35563
286.70688	303.75	65.5625	143.875	0.49554962	289486.16	35563
91.866264	651.0	144.0	169.25	-0.49554962	289486.16	35563
70.39374	905.0	72.125	180.125	0.49554962	289486.16	35563
179.86679	303.0	114.8125	9.734375	-0.49554962	289486.16	35563
390.51608	606.0	101.3125	227.75	0.49554962	289486.16	35563
27.441978	579.5	101.4375	151.75	0.49554962	289486.16	35563
192.15723	269.75	72.625	76.5	-0.49554962	289486.16	35563
193.09645	568.0	70.1875	150.0	-0.49554962	289486.16	35563
142.65752	401.25	135.625	160.125	-0.49554962	289486.16	35563
261.0411	636.0	149.125	235.75	-0.49554962	289486.16	35563
130.57811	253.875	62.3125	89.5	0.49554962	289486.16	35563
172.39685	365.0	64.8125	57.96875	-0.49554962	289486.16	35563
109.3052	446.5	139.75	192.75	0.49554962	289486.16	35563
181.44965	438.0	174.0	163.75	0.49554962	289486.16	35563
229.19652	599.5	118.5	162.125	0.49554962	289486.16	35563
347.46857	461.25	81.75	186.5	0.49554962	289486.16	35563
131.14655	210.0	138.875	89.3125	0.49554962	289486.16	35563
95.151344	212.5	83.4375	91.8125	0.49554962	289486.16	35563
161.57823	445.25	171.5	181.625	-0.49554962	289486.16	35563
218.62997	332.75	149.875	144.25	-0.49554962	289486.16	35563
102.91155	336.75	117.0625	149.375	0.49554962	289486.16	35563
186.88681	257.75	60.5625	99.6875	0.49554962	289486.16	35563
34.35504	381.75	74.8125	164.875	-0.49554962	289486.16	35563
179.14577	497.75	107.5625	179.0	-0.49554962	289486.16	35563
70.3985	483.75	140.5	195.125	0.49554962	289486.16	35563
134.34152	345.5	149.875	111.0625	0.49554962	289486.16	35563
91.86435	338.5	68.4375	100.625	0.49554962	289486.16	35563
49.20823	426.25	141.375	177.625	0.49554962	289486.16	35563
155.14737	298.0	115.5	124.4375	0.49554962	289486.16	35563
81.49756	392.25	95.6875	125.3125	0.49554962	289486.16	35563
114.70631	328.5	126.625	154.125	0.49554962	289486.16	35563
389.00198	454.0	78.125	179.5	0.49554962	289486.16	35563
43.840977	523.0	82.125	174.25	0.49554962	289486.16	35563
310.27408	444.0	162.125	217.125	-0.49554962	289486.16	35563
452.148	509.75	155.625	119.8125	0.49554962	289486.16	35563
76.64297	414.75	92.4375	189.375	0.49554962	289486.16	35563
144.48232	459.75	85.1875	160.5	0.49554962	289486.16	35563
230.33525	430.25	52.90625	108.1875	0.49554962	289486.16	35563
133.39641	478.5	46.65625	42.4375	0.49554962	289486.16	35563
106.58462	481.25	130.625	190.625	0.49554962	289486.16	35563
52.66046	433.0	137.5	202.75	0.49554962	289486.16	35563
332.78528	623.5	207.5	248.875	0.49554962	289486.16	35563
233.8171	322.5	79.6875	177.25	0.49554962	289486.16	35563
77.28808	248.0	68.625	86.5	0.49554962	289486.16	35563
65.34761	331.25	69.125	14.5	0.49554962	289486.16	35563
139.41893	594.0	150.875	188.5	0.49554962	289486.16	35563
163.05107	323.25	60.78125	1.8457031	0.49554962	289486.16	35563
117.88934	511.75	92.1875	150.75	0.49554962	289486.16	35563
145.2409	836.5	75.625	157.125	0.49554962	289486.16	35563
166.9659	393.5	81.1875	93.0625	-0.49554962	289486.16	35563
493.9811	989.5	84.3125	37.5	-0.49554962	289486.16	35563
514.3416	522.0	109.75	138.125	0.49554962	289486.16	35563
175.28168	694.0	64.25	117.875	0.49554962	289486.16	35563
230.50047	479.75	152.125	188.5	0.49554962	289486.16	35563
245.30937	568.0	67.0625	83.4375	0.49554962	289486.16	35563
180.45111	318.0	103.125	138.875	0.49554962	289486.16	35563
256.7694	338.0	126.25	139.25	-0.49554962	289486.16	35563
172.90121	398.0	136.0	160.375	-0.49554962	289486.16	35563
238.2657	191.5	90.1875	-1.0	0.49554962	289486.16	35563
226.40103	401.75	111.75	96.625	0.49554962	289486.16	35563
129.81496	385.25	175.375	168.75	-0.49554962	289486.16	35563
68.3086	428.0	160.625	163.625	0.49554962	289486.16	35563
337.01862	407.5	58.03125	140.375	-0.49554962	289486.16	35563
133.27072	327.75	68.3125	111.6875	0.49554962	289486.16	35563
112.91242	459.75	125.25	61.46875	0.49554962	289486.16	35563
90.44432	508.75	109.4375	163.875	0.49554962	289486.16	35563
242.08281	408.0	141.75	158.125	-0.49554962	289486.16	35563
83.88858	338.5	95.0625	7.8554688	0.49554962	289486.16	35563
92.97139	391.25	116.0	156.5	0.49554962	289486.16	35563
85.707924	464.5	139.125	154.125	-0.49554962	289486.16	35563
165.70323	554.0	118.25	173.875	0.49554962	289486.16	35563
103.73315	275.25	200.875	124.0625	0.49554962	289486.16	35563
415.32556	657.0	101.75	212.0	0.49554962	289486.16	35563
402.95963	540.0	69.25	119.9375	0.49554962	289486.16	35563
366.2214	427.5	175.5	214.25	0.49554962	289486.16	35563
414.80896	339.0	123.8125	151.0	-0.49554962	289486.16	35563
135.0421	533.5	70.625	168.125	0.49554962	289486.16	35563
251.78111	487.5	63.625	176.5	0.49554962	289486.16	35563
95.97887	477.25	139.0	151.75	0.49554962	289486.16	35563
62.178192	317.5	91.375	120.25	-0.49554962	289486.16	35563
325.7422	289.0	59.03125	105.0	0.49554962	289486.16	35563
297.31458	567.0	148.75	224.0	0.49554962	289486.16	35563
135.00175	462.75	181.0	70.1875	0.49554962	289486.16	35563
336.02255	389.5	98.5	149.625	0.49554962	289486.16	35563
131.99864	255.375	55.625	86.5	0.49554962	289486.16	35563
208.61595	617.5	67.625	200.0	-0.49554962	289486.16	35563
93.09653	270.0	112.0	114.0	0.49554962	289486.16	35563
137.64001	328.75	140.0	154.125	-0.49554962	289486.16	35563
370.30637	498.0	130.625	163.875	0.49554962	289486.16	35563
239.27536	639.0	71.5	162.25	0.49554962	289486.16	35563
249.861	362.25	112.6875	203.875	0.49554962	289486.16	35563
175.63986	571.5	131.25	202.625	0.49554962	289486.16	35563
303.70047	514.5	141.375	177.125	0.49554962	289486.16	35563
164.0542	367.5	125.4375	108.1875	0.49554962	289486.16	35563
142.22438	264.0	90.0	114.875	-0.49554962	289486.16	35563
172.30171	455.25	52.875	168.375	0.49554962	289486.16	35563
76.46964	264.5	74.5	114.625	0.49554962	289486.16	35563
276.1597	311.5	56.90625	129.25	-0.49554962	289486.16	35563
47.272343	266.75	50.40625	139.75	-0.49554962	289486.16	35563
182.95805	625.5	131.0	197.75	-0.49554962	289486.16	35563
109.905014	793.5	64.6875	189.0	0.49554962	289486.16	35563
62.39702	222.125	87.8125	113.875	0.49554962	289486.16	35563
59.245342	289.75	153.125	107.25	0.49554962	289486.16	35563
73.751724	294.25	113.375	91.9375	0.49554962	289486.16	35563
173.71701	637.5	62.21875	86.9375	0.49554962	289486.16	35563
160.69197	338.5	60.875	148.375	0.49554962	289486.16	35563
71.93319	460.5	136.375	121.1875	0.49554962	289486.16	35563
352.8896	520.0	62.0	94.9375	-0.49554962	289486.16	35563
726.4779	484.25	95.25	138.375	0.49554962	289486.16	35563
346.9901	420.25	66.4375	149.375	0.49554962	289486.16	35563
90.93913	433.5	75.0625	75.5625	0.49554962	289486.16	35563
90.0478	442.75	80.5	185.875	-0.49554962	289486.16	35563
213.57863	309.0	134.0	161.125	-0.49554962	289486.16	35563
48.75521	275.25	102.5	104.4375	0.49554962	289486.16	35563
142.5839	349.75	143.875	147.25	-0.49554962	289486.16	35563
114.71025	343.5	50.5	154.875	0.49554962	289486.16	35563
179.34975	620.5	99.6875	71.8125	-0.49554962	289486.16	35563
353.9321	302.75	61.84375	152.375	-0.49554962	289486.16	35563
244.4207	386.0	140.875	175.75	0.49554962	289486.16	35563
71.15318	278.75	132.375	98.4375	0.49554962	289486.16	35563
259.98987	350.25	140.875	159.0	-0.49554962	289486.16	35563
79.79816	222.0	29.578125	87.25	0.49554962	289486.16	35563
80.4387	323.75	108.625	131.875	0.49554962	289486.16	35563
172.60992	260.75	131.25	108.5	0.49554962	289486.16	35563
280.05225	345.0	73.125	149.625	-0.49554962	289486.16	35563
281.1646	337.25	131.625	123.875	0.49554962	289486.16	35563
95.3491	446.75	66.6875	132.875	-0.49554962	289486.16	35563
366.40277	505.0	102.4375	185.625	0.49554962	289486.16	35563
147.9566	370.75	170.0	155.0	-0.49554962	289486.16	35563
41.867374	410.25	110.375	137.5	0.49554962	289486.16	35563
349.42496	456.25	70.1875	212.875	-0.49554962	289486.16	35563
326.26593	588.5	65.5	99.6875	-0.49554962	289486.16	35563
203.7838	552.0	116.8125	207.125	0.49554962	289486.16	35563
137.23793	307.0	47.40625	103.1875	-0.49554962	289486.16	35563
104.15014	596.5	77.375	165.375	0.49554962	289486.16	35563
164.15257	417.0	119.25	161.75	-0.49554962	289486.16	35563
291.5074	450.5	149.125	148.5	-0.49554962	289486.16	35563
244.68239	330.0	69.5625	118.0	-0.49554962	289486.16	35563
119.93536	506.5	94.5625	187.875	0.49554962	289486.16	35563
118.45212	238.125	77.625	108.6875	0.49554962	289486.16	35563
361.64578	402.75	111.5	169.375	0.49554962	289486.16	35563
39.06011	267.75	90.0	1.6308594	0.49554962	289486.16	35563
225.58203	329.0	65.9375	81.1875	0.49554962	289486.16	35563
119.75156	624.0	98.375	139.75	0.49554962	289486.16	35563
65.71986	373.0	103.0	143.625	0.49554962	289486.16	35563
199.11095	482.25	135.375	201.5	0.49554962	289486.16	35563
57.54385	413.5	113.875	187.625	0.49554962	289486.16	35563
245.27174	369.25	84.6875	133.875	-0.49554962	289486.16	35563
160.33975	437.0	82.1875	157.75	-0.49554962	289486.16	35563
81.10161	263.5	93.1875	100.3125	0.49554962	289486.16	35563
81.03851	405.5	96.75	139.875	0.49554962	289486.16	35563
76.876816	321.75	77.0	98.3125	0.49554962	289486.16	35563
55.231316	296.25	82.3125	123.3125	-0.49554962	289486.16	35563
243.08002	302.75	136.125	140.625	0.49554962	289486.16	35563
306.95853	556.5	65.625	135.0	-0.49554962	289486.16	35563
170.77269	384.75	60.0625	161.875	0.49554962	289486.16	35563
155.79466	367.5	73.4375	161.625	0.49554962	289486.16	35563
62.238396	397.75	63.8125	129.25	-0.49554962	289486.16	35563
149.53914	465.0	121.625	201.375	0.49554962	289486.16	35563
151.86569	328.0	72.4375	155.75	-0.49554962	289486.16	35563
153.96841	570.0	117.625	171.0	0.49554962	289486.16	35563
143.5653	306.0	130.125	116.3125	0.49554962	289486.16	35563
143.09337	448.0	57.03125	211.75	0.49554962	289486.16	35563
358.28262	508.75	83.1875	127.0625	0.49554962	289486.16	35563
281.97467	585.5	114.0625	191.25	0.49554962	289486.16	35563
59.546642	551.0	110.3125	73.875	0.49554962	289486.16	35563
133.08566	654.0	96.3125	162.625	0.49554962	289486.16	35563
180.74918	462.75	156.75	186.25	0.49554962	289486.16	35563
47.317722	228.625	126.0	80.9375	0.49554962	289486.16	35563
122.58907	465.5	160.5	165.625	0.49554962	289486.16	35563
92.32772	464.25	106.6875	194.375	0.49554962	289486.16	35563
524.5741	441.75	137.375	137.625	0.49554962	289486.16	35563
155.73439	420.25	82.375	120.0	0.49554962	289486.16	35563
47.77749	292.25	89.625	115.5625	0.49554962	289486.16	35563
397.67245	654.5	170.25	212.375	0.49554962	289486.16	35563
262.88495	404.25	87.75	128.0	0.49554962	289486.16	35563
294.47513	539.0	62.3125	164.625	-0.49554962	289486.16	35563
188.99818	512.5	155.5	210.125	0.49554962	289486.16	35563
119.022484	342.75	138.75	171.5	-0.49554962	289486.16	35563
188.89777	434.25	143.5	199.0	0.49554962	289486.16	35563
185.59575	601.5	82.625	160.625	0.49554962	289486.16	35563
140.72531	353.5	120.3125	122.9375	0.49554962	289486.16	35563
226.74605	456.0	177.0	178.25	0.49554962	289486.16	35563
312.8373	515.0	100.0	1.7402344	-0.49554962	289486.16	35563
66.36289	244.625	89.75	90.8125	0.49554962	289486.16	35563
209.21426	595.0	165.375	204.75	-0.49554962	289486.16	35563
160.92523	232.75	73.6875	41.9375	-0.49554962	289486.16	35563
123.991425	213.75	62.125	80.75	-0.49554962	289486.16	35563
321.33313	394.0	181.125	76.375	0.49554962	289486.16	35563
60.67376	204.125	56.5625	71.75	0.49554962	289486.16	35563
173.49687	409.25	36.53125	102.625	0.49554962	289486.16	35563
125.12985	289.0	70.6875	85.75	0.49554962	289486.16	35563
481.30408	664.5	74.75	172.375	0.49554962	289486.16	35563
602.14557	932.5	84.3125	201.375	0.49554962	289486.16	35563
67.59262	750.5	110.625	198.875	0.49554962	289486.16	35563
323.15146	400.25	112.125	173.75	0.49554962	289486.16	35563
94.29939	279.75	148.875	143.375	-0.49554962	289486.16	35563
438.68625	467.0	107.875	165.25	-0.49554962	289486.16	35563
98.98508	292.25	61.71875	130.75	0.49554962	289486.16	35563
148.47844	300.25	107.75	112.5	0.49554962	289486.16	35563
112.950226	239.0	95.1875	107.5	0.49554962	289486.16	35563
198.64061	281.25	62.28125	116.9375	0.49554962	289486.16	35563
165.74391	568.5	57.75	124.375	0.49554962	289486.16	35563
135.45633	306.0	155.0	125.6875	0.49554962	289486.16	35563
267.98676	329.5	93.4375	133.75	-0.49554962	289486.16	35563
472.5814	655.5	113.3125	260.0	-0.49554962	289486.16	35563
66.57362	290.75	69.4375	89.0625	-0.49554962	289486.16	35563
77.35919	315.5	64.375	93.4375	-0.49554962	289486.16	35563
434.4154	326.0	119.5625	96.0	0.49554962	289486.16	35563
82.05428	239.25	114.625	69.25	0.49554962	289486.16	35563
30.510632	546.5	150.125	172.0	-0.49554962	289486.16	35563
212.97864	730.5	91.9375	180.125	0.49554962	289486.16	35563
309.08527	461.75	111.125	185.875	0.49554962	289486.16	35563
76.37219	194.375	137.75	72.25	0.49554962	289486.16	35563
261.03418	487.25	124.9375	138.75	-0.49554962	289486.16	35563
365.15894	630.5	73.375	160.875	0.49554962	289486.16	35563
224.51886	340.75	76.1875	128.625	0.49554962	289486.16	35563
80.90965	376.5	75.0	184.125	0.49554962	289486.16	35563
127.3883	366.75	101.375	102.75	-0.49554962	289486.16	35563
104.4556	254.375	138.25	83.875	0.49554962	289486.16	35563
233.96101	330.75	60.96875	145.375	0.49554962	289486.16	35563
242.97389	431.25	169.125	145.125	-0.49554962	289486.16	35563
178.85759	226.125	58.40625	86.9375	-0.49554962	289486.16	35563
161.6588	359.75	201.875	160.375	0.49554962	289486.16	35563
77.91239	342.75	111.5	144.75	0.49554962	289486.16	35563
61.259754	351.5	79.1875	155.0	0.49554962	289486.16	35563
120.308716	455.25	96.9375	164.25	0.49554962	289486.16	35563
315.46924	474.25	74.6875	189.375	0.49554962	289486.16	35563
313.79718	365.25	180.125	143.625	0.49554962	289486.16	35563
117.78343	279.25	73.875	91.6875	-0.49554962	289486.16	35563
107.99884	359.75	72.625	169.375	-0.49554962	289486.16	35563
223.81491	429.0	147.875	188.5	0.49554962	289486.16	35563
211.67444	603.5	108.4375	179.5	0.49554962	289486.16	35563
385.42502	461.0	60.34375	2.5722656	-0.49554962	289486.16	35563
190.21344	318.25	122.1875	154.25	0.49554962	289486.16	35563
257.89685	545.0	80.875	167.5	0.49554962	289486.16	35563
68.806496	329.0	127.4375	130.125	0.49554962	289486.16	35563
98.87279	263.25	56.28125	106.5	-0.49554962	289486.16	35563
123.03466	297.5	82.0	108.5625	-0.49554962	289486.16	35563
94.396286	364.75	81.5625	92.9375	-0.49554962	289486.16	35563
114.94711	505.5	103.9375	230.0	0.49554962	289486.16	35563
80.75764	453.5	147.0	136.875	0.49554962	289486.16	35563
119.518265	604.0	125.3125	159.125	0.49554962	289486.16	35563
358.20786	787.5	192.625	114.3125	-0.49554962	289486.16	35563
112.28072	414.5	94.75	134.0	0.49554962	289486.16	35563
203.88593	334.75	70.1875	79.0	-0.49554962	289486.16	35563
132.6291	482.0	124.0	182.25	0.49554962	289486.16	35563
113.792816	593.5	92.5	180.875	0.49554962	289486.16	35563
159.1952	215.625	70.125	113.25	0.49554962	289486.16	35563
426.8574	405.5	139.25	157.25	0.49554962	289486.16	35563
120.69221	347.0	105.0625	123.3125	0.49554962	289486.16	35563
527.36694	533.5	113.125	121.875	0.49554962	289486.16	35563
234.10184	600.5	85.8125	237.0	0.49554962	289486.16	35563
250.50865	507.5	141.75	164.875	-0.49554962	289486.16	35563
104.51238	367.75	139.375	160.625	0.49554962	289486.16	35563
441.70984	471.75	125.8125	171.375	0.49554962	289486.16	35563
204.01955	590.0	111.25	184.375	0.49554962	289486.16	35563
132.6965	257.75	91.5	83.4375	-0.49554962	289486.16	35563
254.37253	728.5	112.6875	214.25	-0.49554962	289486.16	35563
87.60748	297.75	58.0625	105.375	-0.49554962	289486.16	35563
174.02501	472.5	67.0625	187.75	0.49554962	289486.16	35563
103.69998	320.0	149.75	126.75	-0.49554962	289486.16	35563
302.91553	312.0	107.5	103.5	-0.49554962	289486.16	35563
154.65228	578.5	66.5625	162.875	0.49554962	289486.16	35563
102.63155	399.25	143.5	163.25	0.49554962	289486.16	35563
323.95294	452.75	188.125	149.125	-0.49554962	289486.16	35563
249.53401	443.0	80.0	141.875	-0.49554962	289486.16	35563
273.09576	429.25	67.125	136.5	0.49554962	289486.16	35563
206.5569	557.0	129.125	235.0	0.49554962	289486.16	35563
211.08504	484.75	144.375	81.25	0.49554962	289486.16	35563
185.38365	346.25	57.0625	109.75	-0.49554962	289486.16	35563
94.85608	407.0	90.875	204.875	0.49554962	289486.16	35563
124.241776	545.0	123.5625	200.25	0.49554962	289486.16	35563
396.7235	505.75	165.625	208.625	-0.49554962	289486.16	35563
213.33563	359.5	104.375	146.5	-0.49554962	289486.16	35563
411.3654	433.0	101.875	132.125	0.49554962	289486.16	35563
78.75153	220.375	95.1875	86.0	0.49554962	289486.16	35563
208.41615	224.625	114.5625	50.4375	0.49554962	289486.16	35563
101.5959	282.0	131.0	123.9375	0.49554962	289486.16	35563
197.15483	368.0	95.0625	131.125	-0.49554962	289486.16	35563
454.35202	505.25	117.1875	184.625	0.49554962	289486.16	35563
267.61816	212.5	95.0625	74.5	-0.49554962	289486.16	35563
227.80911	389.0	89.875	151.5	-0.49554962	289486.16	35563
66.05218	451.0	65.75	146.125	0.49554962	289486.16	35563
110.05275	300.5	74.5	123.0625	0.49554962	289486.16	35563
194.74825	269.0	62.71875	116.5625	-0.49554962	289486.16	35563
206.55661	778.5	124.25	73.25	0.49554962	289486.16	35563
547.8647	365.0	87.375	168.875	0.49554962	289486.16	35563
246.12045	301.5	54.0625	157.0	0.49554962	289486.16	35563
71.58316	387.5	130.125	121.125	0.49554962	289486.16	35563
118.65985	317.75	81.0	99.3125	0.49554962	289486.16	35563
121.53345	337.5	114.25	135.625	-0.49554962	289486.16	35563
299.02563	398.25	53.0625	139.5	0.49554962	289486.16	35563
70.25466	190.875	74.75	63.96875	0.49554962	289486.16	35563
184.45686	395.5	61.71875	160.125	0.49554962	289486.16	35563
267.53854	460.75	127.0	145.625	0.49554962	289486.16	35563
158.0451	361.0	86.5	143.875	-0.49554962	289486.16	35563
286.8135	351.0	99.4375	138.0	0.49554962	289486.16	35563
271.6677	765.0	193.125	143.125	0.49554962	289486.16	35563
93.90667	330.75	104.125	128.375	-0.49554962	289486.16	35563
141.01521	363.25	114.375	131.125	0.49554962	289486.16	35563
87.653114	538.0	137.0	175.375	0.49554962	289486.16	35563
183.61876	221.0	90.1875	104.8125	-0.49554962	289486.16	35563
220.95264	278.0	129.625	116.6875	-0.49554962	289486.16	35563
167.61623	236.375	66.375	105.4375	0.49554962	289486.16	35563
246.90588	278.25	139.5	97.5	0.49554962	289486.16	35563
83.00656	270.5	47.75	106.875	-0.49554962	289486.16	35563
112.28762	356.75	66.5625	126.375	-0.49554962	289486.16	35563
491.41248	874.0	60.3125	307.75	0.49554962	289486.16	35563
440.24976	466.5	129.875	110.8125	-0.49554962	289486.16	35563
335.91714	553.5	126.875	150.875	0.49554962	289486.16	35563
158.28836	475.75	80.5	132.125	0.49554962	289486.16	35563
145.51482	437.25	127.0	181.75	0.49554962	289486.16	35563
471.4936	488.75	82.3125	92.3125	0.49554962	289486.16	35563
255.64598	468.5	82.625	165.375	0.49554962	289486.16	35563
67.87869	399.25	49.96875	14.796875	-0.49554962	289486.16	35563
101.50967	475.5	84.625	113.4375	-0.49554962	289486.16	35563
224.27057	332.5	65.5	153.625	-0.49554962	289486.16	35563
256.56223	383.0	150.375	158.5	-0.49554962	289486.16	35563
92.02259	521.0	109.25	241.75	0.49554962	289486.16	35563
87.02392	275.5	55.15625	129.125	0.49554962	289486.16	35563
80.282104	263.25	60.1875	101.4375	0.49554962	289486.16	35563
123.057	585.5	125.875	169.25	0.49554962	289486.16	35563
134.85133	479.25	129.25	197.125	0.49554962	289486.16	35563
102.38697	420.25	69.25	119.25	0.49554962	289486.16	35563
98.36869	266.0	140.625	122.6875	0.49554962	289486.16	35563
96.60358	410.25	96.25	157.75	0.49554962	289486.16	35563
272.452	498.5	89.625	182.0	0.49554962	289486.16	35563
175.39996	461.75	160.75	173.625	0.49554962	289486.16	35563
182.61732	512.5	76.8125	62.09375	0.49554962	289486.16	35563
166.21613	491.0	128.375	171.625	0.49554962	289486.16	35563
198.71976	378.75	58.15625	152.875	-0.49554962	289486.16	35563
437.4479	539.5	152.0	190.0	-0.49554962	289486.16	35563
272.71683	637.5	93.1875	185.75	-0.49554962	289486.16	35563
100.06533	357.5	120.0625	139.0	-0.49554962	289486.16	35563
165.59258	226.875	58.3125	87.5625	0.49554962	289486.16	35563
180.13455	436.75	151.125	176.875	0.49554962	289486.16	35563
109.97232	272.25	90.6875	83.0	0.49554962	289486.16	35563
190.57216	362.5	170.25	152.875	0.49554962	289486.16	35563
139.27782	424.0	71.125	187.75	0.49554962	289486.16	35563
111.84172	302.75	67.9375	136.375	0.49554962	289486.16	35563
77.313545	185.125	111.125	-1.0	0.49554962	289486.16	35563
337.69812	690.0	95.75	178.5	0.49554962	289486.16	35563
243.85739	321.25	51.75	81.125	0.49554962	289486.16	35563
106.019066	404.75	163.75	211.875	0.49554962	289486.16	35563
210.89857	234.625	74.8125	108.8125	0.49554962	289486.16	35563
411.27368	500.75	37.40625	133.125	-0.49554962	289486.16	35563
116.80375	352.25	91.875	168.625	0.49554962	289486.16	35563
98.82838	546.0	59.875	206.375	-0.49554962	289486.16	35563
135.5193	347.25	154.125	100.8125	-0.49554962	289486.16	35563
155.12456	252.25	69.25	108.25	0.49554962	289486.16	35563
375.22742	401.75	100.3125	147.375	0.49554962	289486.16	35563
82.613045	349.75	79.6875	89.9375	0.49554962	289486.16	35563
228.64433	357.75	146.5	160.625	-0.49554962	289486.16	35563
135.43796	364.5	126.25	106.3125	-0.49554962	289486.16	35563
236.75339	233.375	87.4375	87.4375	-0.49554962	289486.16	35563
98.625206	431.0	113.4375	174.625	-0.49554962	289486.16	35563
107.63937	379.25	104.1875	110.0625	-0.49554962	289486.16	35563
114.61319	886.0	148.25	46.0625	0.49554962	289486.16	35563
239.9207	554.0	60.1875	100.625	0.49554962	289486.16	35563
86.27639	377.0	103.6875	130.125	0.49554962	289486.16	35563
68.014824	313.0	155.625	52.5625	0.49554962	289486.16	35563
123.84908	257.75	70.9375	119.875	0.49554962	289486.16	35563
122.86701	606.0	87.5625	150.0	0.49554962	289486.16	35563
74.58555	303.25	85.875	81.1875	0.49554962	289486.16	35563
297.41348	367.0	157.75	161.5	0.49554962	289486.16	35563
83.28042	453.75	170.0	199.625	0.49554962	289486.16	35563
121.602615	240.5	110.125	56.65625	-0.49554962	289486.16	35563
85.33858	412.0	41.34375	159.625	0.49554962	289486.16	35563
54.546574	438.75	67.375	170.5	0.49554962	289486.16	35563
111.04602	321.0	88.125	122.9375	0.49554962	289486.16	35563
167.49374	320.5	134.5	94.5625	0.49554962	289486.16	35563
211.96587	792.5	152.625	202.875	0.49554962	289486.16	35563
69.93097	589.0	145.25	1.0556641	0.49554962	289486.16	35563
131.80908	519.5	164.375	202.25	-0.49554962	289486.16	35563
222.8453	272.25	64.9375	112.375	0.49554962	289486.16	35563
301.02716	936.0	117.5625	108.9375	0.49554962	289486.16	35563
596.8658	407.5	105.3125	141.75	0.49554962	289486.16	35563
126.00554	563.5	60.6875	72.1875	-0.49554962	289486.16	35563
86.137505	576.5	65.75	154.125	0.49554962	289486.16	35563
208.42384	381.25	142.25	180.25	0.49554962	289486.16	35563
212.49347	523.5	101.875	161.5	0.49554962	289486.16	35563
93.1179	629.5	174.625	159.625	-0.49554962	289486.16	35563
43.15089	335.25	55.875	138.125	0.49554962	289486.16	35563
204.23688	523.0	112.5625	142.875	0.49554962	289486.16	35563
150.39476	266.0	108.4375	126.125	-0.49554962	289486.16	35563
45.761528	546.0	51.15625	71.375	0.49554962	289486.16	35563
56.422256	444.5	166.875	176.875	0.49554962	289486.16	35563
51.12292	351.0	128.25	143.875	0.49554962	289486.16	35563
102.93099	426.5	114.1875	182.125	0.49554962	289486.16	35563
236.13377	318.0	104.375	68.1875	0.49554962	289486.16	35563
130.99506	792.5	122.125	30.296875	0.49554962	289486.16	35563
307.7	320.0	103.9375	153.125	0.49554962	289486.16	35563
80.41712	314.0	70.4375	163.625	-0.49554962	289486.16	35563
235.80716	255.875	107.75	128.125	-0.49554962	289486.16	35563
93.40855	385.0	128.125	165.0	0.49554962	289486.16	35563
100.652	462.75	80.9375	188.25	0.49554962	289486.16	35563
82.139786	497.25	95.125	92.0625	-0.49554962	289486.16	35563
74.298225	291.5	132.0	119.75	0.49554962	289486.16	35563
80.10309	368.75	112.625	166.125	0.49554962	289486.16	35563
213.86447	420.5	56.4375	175.625	-0.49554962	289486.16	35563
72.17592	816.5	69.375	180.125	0.49554962	289486.16	35563
230.86331	281.5	94.625	153.625	0.49554962	289486.16	35563
261.4375	454.75	144.375	182.625	0.49554962	289486.16	35563
371.88467	587.5	68.4375	79.0	0.49554962	289486.16	35563
174.12794	317.0	152.5	105.9375	0.49554962	289486.16	35563
301.7329	455.5	104.75	116.8125	0.49554962	289486.16	35563
67.78081	286.5	64.8125	88.4375	0.49554962	289486.16	35563
74.44508	315.0	111.9375	162.5	0.49554962	289486.16	35563
94.553535	289.75	130.375	116.75	0.49554962	289486.16	35563
184.97708	643.5	79.375	199.875	-0.49554962	289486.16	35563
386.46942	340.75	72.125	151.875	0.49554962	289486.16	35563
96.808105	319.75	74.125	141.5	0.49554962	289486.16	35563
117.42735	327.75	162.375	145.375	-0.49554962	289486.16	35563
165.76433	330.0	67.8125	37.5625	-0.49554962	289486.16	35563
54.091797	432.75	110.3125	94.25	0.49554962	289486.16	35563
208.88803	440.0	88.4375	128.75	-0.49554962	289486.16	35563
251.74014	367.0	79.0625	101.1875	0.49554962	289486.16	35563
116.0158	348.25	71.0625	148.25	0.49554962	289486.16	35563
181.52557	274.25	97.1875	79.0625	0.49554962	289486.16	35563
175.19438	364.5	65.375	131.0	0.49554962	289486.16	35563
116.7766	405.5	152.5	189.375	0.49554962	289486.16	35563
126.27227	553.0	134.25	192.625	0.49554962	289486.16	35563
117.991844	406.25	136.125	186.0	-0.49554962	289486.16	35563
169.85205	310.0	70.0625	102.6875	0.49554962	289486.16	35563
51.36247	264.0	110.1875	104.0625	0.49554962	289486.16	35563
54.850803	382.25	137.125	25.9375	0.49554962	289486.16	35563
62.204655	294.25	80.5625	109.5625	0.49554962	289486.16	35563
202.1952	472.75	123.0	147.25	0.49554962	289486.16	35563
165.16281	418.5	92.5	139.0	-0.49554962	289486.16	35563
116.17807	548.0	106.375	139.625	0.49554962	289486.16	35563
77.911156	339.25	171.25	150.75	0.49554962	289486.16	35563
91.727104	300.0	106.5625	143.625	0.49554962	289486.16	35563
205.16023	407.25	133.125	158.0	-0.49554962	289486.16	35563
170.66661	394.75	82.3125	172.625	-0.49554962	289486.16	35563
193.43217	321.5	97.6875	132.625	-0.49554962	289486.16	35563
653.8308	542.0	82.5625	197.875	0.49554962	289486.16	35563
100.583885	270.75	120.6875	110.3125	0.49554962	289486.16	35563
171.25932	413.75	141.375	164.375	-0.49554962	289486.16	35563
59.786407	301.25	66.625	98.5625	0.49554962	289486.16	35563
54.206818	297.25	115.6875	119.6875	0.49554962	289486.16	35563
158.03262	386.75	88.875	148.125	-0.49554962	289486.16	35563
294.06506	283.75	89.8125	123.9375	0.49554962	289486.16	35563
285.42044	554.0	135.625	183.875	0.49554962	289486.16	35563
180.07167	352.75	118.375	135.625	0.49554962	289486.16	35563
180.88864	315.25	67.8125	107.625	0.49554962	289486.16	35563
148.50507	464.5	156.0	196.75	0.49554962	289486.16	35563
127.75025	525.0	155.5	211.625	0.49554962	289486.16	35563
218.2461	370.75	81.75	82.5625	0.49554962	289486.16	35563
159.22581	259.25	138.625	32.15625	0.49554962	289486.16	35563
101.312965	252.125	135.0	118.0	0.49554962	289486.16	35563
51.126896	311.5	112.4375	130.75	0.49554962	289486.16	35563
224.5591	537.5	76.5625	165.125	0.49554962	289486.16	35563
93.77096	367.25	122.5625	140.625	0.49554962	289486.16	35563
205.2371	581.5	119.1875	189.125	0.49554962	289486.16	35563
80.00441	472.25	191.5	213.5	0.49554962	289486.16	35563
231.80333	507.75	65.0625	91.4375	-0.49554962	289486.16	35563
69.7977	302.5	61.96875	121.625	0.49554962	289486.16	35563
107.03468	420.25	92.3125	160.25	0.49554962	289486.16	35563
115.72516	506.0	78.0	164.5	0.49554962	289486.16	35563
271.5146	355.0	87.5	146.75	0.49554962	289486.16	35563
106.72401	450.75	95.875	170.5	-0.49554962	289486.16	35563
175.77141	296.5	126.3125	125.875	0.49554962	289486.16	35563
256.7772	381.25	157.375	144.125	-0.49554962	289486.16	35563
42.620594	346.75	66.375	129.0	0.49554962	289486.16	35563
560.9072	1247.0	83.9375	141.875	0.49554962	289486.16	35563
138.31671	294.25	77.0	135.5	0.49554962	289486.16	35563
286.21283	290.75	100.125	108.6875	0.49554962	289486.16	35563
136.46474	285.75	84.625	92.1875	0.49554962	289486.16	35563
63.276257	257.75	107.125	135.875	-0.49554962	289486.16	35563
342.22052	354.75	126.5	130.625	-0.49554962	289486.16	35563
314.4997	562.5	107.625	183.75	-0.49554962	289486.16	35563
159.46387	320.75	167.375	22.25	0.49554962	289486.16	35563
49.96373	358.5	170.5	158.375	-0.49554962	289486.16	35563
152.39243	319.75	115.1875	155.625	0.49554962	289486.16	35563
220.24121	519.5	114.125	178.75	0.49554962	289486.16	35563
103.79931	302.75	77.3125	136.5	0.49554962	289486.16	35563
242.69197	572.0	93.75	183.125	0.49554962	289486.16	35563
71.30632	353.5	115.0	185.125	0.49554962	289486.16	35563
187.2892	333.5	87.25	153.5	-0.49554962	289486.16	35563
143.6186	342.75	87.125	168.375	0.49554962	289486.16	35563
180.17934	297.0	131.25	114.375	-0.49554962	289486.16	35563
135.13397	354.0	127.875	118.75	0.49554962	289486.16	35563
95.40693	228.625	124.25	76.4375	-0.49554962	289486.16	35563
116.53975	493.5	132.375	186.125	0.49554962	289486.16	35563
143.25241	333.5	116.25	141.75	0.49554962	289486.16	35563
185.35474	408.5	135.75	178.875	0.49554962	289486.16	35563
235.09848	442.25	92.1875	146.375	-0.49554962	289486.16	35563
159.40315	281.5	112.0	131.0	0.49554962	289486.16	35563
67.330666	423.5	99.6875	158.625	0.49554962	289486.16	35563
100.0713	409.75	89.6875	170.0	0.49554962	289486.16	35563
206.99236	310.0	84.6875	130.25	-0.49554962	289486.16	35563
321.8775	828.0	116.6875	192.25	0.49554962	289486.16	35563
139.00076	497.25	144.0	191.625	0.49554962	289486.16	35563
287.85217	407.75	55.28125	178.125	0.49554962	289486.16	35563
95.55896	363.25	101.6875	119.875	-0.49554962	289486.16	35563
53.395645	343.0	66.5	44.84375	0.49554962	289486.16	35563
223.69688	357.25	37.5	75.625	0.49554962	289486.16	35563
81.64893	606.0	211.5	292.5	-0.49554962	289486.16	35563
97.49282	570.5	74.3125	269.0	0.49554962	289486.16	35563
283.48657	715.5	97.6875	202.5	-0.49554962	289486.16	35563
153.17056	427.0	154.375	194.375	0.49554962	289486.16	35563
327.2029	680.5	56.28125	212.0	0.49554962	289486.16	35563
121.81682	332.75	116.25	159.0	0.49554962	289486.16	35563
168.03372	468.0	137.75	179.75	0.49554962	289486.16	35563
187.49973	424.0	187.125	175.0	0.49554962	289486.16	35563
219.51111	382.75	136.5	158.125	0.49554962	289486.16	35563
119.828224	370.25	182.375	186.375	0.49554962	289486.16	35563
77.45859	425.0	199.25	0.08508301	0.49554962	289486.16	35563
461.25546	804.0	159.25	353.0	0.49554962	289486.16	35563
69.30673	259.25	65.9375	131.0	0.49554962	289486.16	35563
48.899933	377.25	141.125	96.875	0.49554962	289486.16	35563
153.19014	253.375	98.75	105.125	-0.49554962	289486.16	35563
48.856697	538.5	154.0	22.828125	0.49554962	289486.16	35563
189.44347	275.25	80.9375	103.0	-0.49554962	289486.16	35563
63.91094	401.25	59.71875	96.625	0.49554962	289486.16	35563
50.151516	255.5	80.75	101.5	-0.49554962	289486.16	35563
75.46356	574.5	123.0	192.0	0.49554962	289486.16	35563
184.33647	332.25	85.125	138.875	0.49554962	289486.16	35563
311.1981	570.5	144.75	181.875	0.49554962	289486.16	35563
303.871	436.0	109.3125	193.75	0.49554962	289486.16	35563
276.24332	619.0	159.0	177.0	0.49554962	289486.16	35563
248.65979	245.125	70.4375	104.3125	0.49554962	289486.16	35563
263.12564	485.0	108.8125	173.875	-0.49554962	289486.16	35563
122.64596	407.5	149.625	195.0	0.49554962	289486.16	35563
126.13822	570.5	66.9375	178.125	-0.49554962	289486.16	35563
237.4581	537.5	109.875	141.5	0.49554962	289486.16	35563
338.63834	681.0	97.375	201.25	-0.49554962	289486.16	35563
240.30595	423.0	124.125	184.5	0.49554962	289486.16	35563
65.70108	389.75	90.9375	173.75	0.49554962	289486.16	35563
354.29648	350.25	67.0625	180.125	0.49554962	289486.16	35563
228.80908	284.5	66.5625	135.875	0.49554962	289486.16	35563
161.98643	462.0	111.5	183.75	0.49554962	289486.16	35563
496.43826	481.5	128.5	193.125	0.49554962	289486.16	35563
205.889	474.25	108.25	163.625	0.49554962	289486.16	35563
73.7672	282.25	57.34375	67.0625	-0.49554962	289486.16	35563
280.98807	416.5	151.375	156.625	-0.49554962	289486.16	35563
91.643555	443.0	141.0	199.375	0.49554962	289486.16	35563
31.45298	395.25	80.0	103.9375	-0.49554962	289486.16	35563
301.66534	575.5	97.125	153.125	0.49554962	289486.16	35563
290.5156	324.75	65.0625	118.0625	0.49554962	289486.16	35563
90.93934	313.0	97.125	167.625	0.49554962	289486.16	35563
142.85208	448.25	60.125	173.0	0.49554962	289486.16	35563
62.53822	285.25	93.625	139.375	0.49554962	289486.16	35563
96.99118	354.5	70.6875	173.75	-0.49554962	289486.16	35563
224.07573	302.25	110.875	149.875	0.49554962	289486.16	35563
263.28046	675.5	58.78125	216.0	-0.49554962	289486.16	35563
176.90935	519.5	195.25	172.875	0.49554962	289486.16	35563
400.695	387.75	154.75	176.125	-0.49554962	289486.16	35563
205.12381	287.25	62.375	114.0	0.49554962	289486.16	35563
