lep_pt	AK8_pt	AK4_pt	M_sd	genWeights	sumWeight	N_exp
63.58062	389.0	136.625	194.0	0.49554962	206732.34	35563
271.9973	318.75	68.0	70.3125	-0.49554962	206732.34	35563
197.8998	375.25	143.625	139.875	0.49554962	206732.34	35563
232.5902	219.875	60.75	73.8125	-0.49554962	206732.34	35563
123.328476	277.25	127.625	121.0	-0.49554962	206732.34	35563
149.8771	487.5	143.375	135.375	0.49554962	206732.34	35563
217.58688	267.75	58.34375	118.625	0.49554962	206732.34	35563
99.1989	395.25	58.78125	157.375	0.49554962	206732.34	35563
117.64807	500.0	109.8125	181.0	0.49554962	206732.34	35563
65.454285	368.25	130.875	139.375	-0.49554962	206732.34	35563
128.19815	240.125	108.9375	76.625	0.49554962	206732.34	35563
64.66543	530.0	155.875	145.125	0.49554962	206732.34	35563
411.52255	440.0	83.1875	184.5	-0.49554962	206732.34	35563
147.83325	407.0	78.9375	153.5	-0.49554962	206732.34	35563
236.72394	688.5	134.625	183.625	0.49554962	206732.34	35563
94.48252	326.5	66.9375	143.875	0.49554962	206732.34	35563
57.556053	562.0	62.0625	38.53125	0.49554962	206732.34	35563
526.0578	371.75	94.625	168.25	0.49554962	206732.34	35563
75.27352	300.75	110.8125	82.5625	0.49554962	206732.34	35563
138.87067	430.25	154.5	217.75	0.49554962	206732.34	35563
325.17798	378.0	96.375	133.75	0.49554962	206732.34	35563
305.2644	310.5	121.625	136.125	-0.49554962	206732.34	35563
153.43405	237.875	57.28125	82.3125	0.49554962	206732.34	35563
377.39594	502.75	83.0625	170.0	0.49554962	206732.34	35563
293.40952	570.5	67.625	163.5	-0.49554962	206732.34	35563
96.31181	463.25	118.0	133.25	0.49554962	206732.34	35563
44.07711	537.0	130.375	8.8828125	0.49554962	206732.34	35563
175.61205	299.0	50.0	126.5	-0.49554962	206732.34	35563
201.85023	281.25	74.0625	117.5	0.49554962	206732.34	35563
217.55165	336.0	150.625	138.75	0.49554962	206732.34	35563
243.71562	319.75	87.8125	148.25	0.49554962	206732.34	35563
224.39189	473.0	201.75	208.0	-0.49554962	206732.34	35563
200.6269	839.5	112.75	146.875	0.49554962	206732.34	35563
215.0818	479.5	71.8125	201.625	0.49554962	206732.34	35563
93.485374	418.75	142.625	166.875	0.49554962	206732.34	35563
208.01358	376.75	78.8125	177.25	0.49554962	206732.34	35563
112.74946	445.0	143.5	143.625	-0.49554962	206732.34	35563
377.88388	587.0	95.6875	174.875	0.49554962	206732.34	35563
214.79594	310.5	96.25	87.9375	0.49554962	206732.34	35563
623.2588	916.0	95.6875	157.5	0.49554962	206732.34	35563
84.79477	293.25	85.875	107.3125	0.49554962	206732.34	35563
346.38483	737.0	74.0625	163.75	0.49554962	206732.34	35563
161.93884	361.5	81.25	122.125	-0.49554962	206732.34	35563
155.54968	341.5	148.125	160.0	0.49554962	206732.34	35563
116.480095	495.5	176.0	191.0	0.49554962	206732.34	35563
275.34317	835.5	67.4375	279.75	-0.49554962	206732.34	35563
336.60046	339.5	109.0625	141.25	0.49554962	206732.34	35563
185.36475	490.5	118.875	161.625	0.49554962	206732.34	35563
97.36164	332.25	108.0625	160.25	-0.49554962	206732.34	35563
268.44397	618.5	110.875	118.125	-0.49554962	206732.34	35563
194.46301	492.0	78.5625	108.8125	-0.49554962	206732.34	35563
61.81788	252.625	150.5	95.8125	0.49554962	206732.34	35563
337.23788	960.0	109.625	187.875	0.49554962	206732.34	35563
246.7513	421.75	80.5625	161.625	-0.49554962	206732.34	35563
45.742638	354.25	70.8125	101.25	-0.49554962	206732.34	35563
617.6345	642.5	66.5625	122.375	-0.49554962	206732.34	35563
236.57191	737.0	153.375	196.625	-0.49554962	206732.34	35563
258.75327	605.0	137.75	176.75	0.49554962	206732.34	35563
67.39548	445.5	159.5	159.75	-0.49554962	206732.34	35563
330.22324	477.0	81.9375	114.1875	0.49554962	206732.34	35563
220.34436	417.75	89.0625	147.75	0.49554962	206732.34	35563
95.920654	289.25	156.375	11.3828125	0.49554962	206732.34	35563
205.35358	348.5	62.71875	132.25	0.49554962	206732.34	35563
422.06097	528.5	78.0625	133.875	0.49554962	206732.34	35563
69.13914	401.25	149.375	155.0	0.49554962	206732.34	35563
63.05512	673.0	153.625	189.375	-0.49554962	206732.34	35563
190.47697	526.0	129.625	188.75	0.49554962	206732.34	35563
145.18996	355.75	107.0625	161.75	-0.49554962	206732.34	35563
347.97565	486.5	165.0	206.375	0.49554962	206732.34	35563
856.8575	802.0	63.96875	180.0	0.49554962	206732.34	35563
64.34957	511.75	80.3125	161.125	0.49554962	206732.34	35563
246.97356	339.0	83.3125	142.375	0.49554962	206732.34	35563
88.13519	422.5	103.0	143.5	0.49554962	206732.34	35563
918.3445	916.0	78.25	193.125	-0.49554962	206732.34	35563
65.36636	374.75	133.5	109.5	0.49554962	206732.34	35563
117.31307	566.5	132.75	178.25	0.49554962	206732.34	35563
151.74818	274.0	86.9375	111.9375	0.49554962	206732.34	35563
347.21317	632.0	113.625	186.25	0.49554962	206732.34	35563
221.32512	288.75	60.5	127.1875	-0.49554962	206732.34	35563
159.77203	506.25	63.5	167.0	-0.49554962	206732.34	35563
177.76242	496.0	116.6875	128.375	0.49554962	206732.34	35563
77.77868	207.0	83.375	79.3125	-0.49554962	206732.34	35563
233.60654	458.25	92.8125	92.0	-0.49554962	206732.34	35563
243.73413	569.5	77.0	249.25	-0.49554962	206732.34	35563
68.0465	417.5	126.0625	152.5	0.49554962	206732.34	35563
40.52669	458.5	109.4375	127.3125	0.49554962	206732.34	35563
131.19055	230.125	68.1875	42.65625	0.49554962	206732.34	35563
119.667595	272.25	84.5	120.875	-0.49554962	206732.34	35563
341.35452	583.0	106.875	185.375	-0.49554962	206732.34	35563
124.223366	386.25	201.25	184.375	0.49554962	206732.34	35563
110.087814	270.0	147.0	120.5	0.49554962	206732.34	35563
464.651	937.5	71.6875	103.4375	0.49554962	206732.34	35563
277.87146	614.0	142.125	117.4375	0.49554962	206732.34	35563
118.457	306.0	71.0	116.9375	-0.49554962	206732.34	35563
533.7962	626.5	121.9375	176.375	0.49554962	206732.34	35563
248.67706	390.0	78.75	132.625	0.49554962	206732.34	35563
140.96834	270.5	98.875	136.375	-0.49554962	206732.34	35563
135.66324	536.0	110.5625	181.75	0.49554962	206732.34	35563
250.92357	303.25	96.75	116.625	0.49554962	206732.34	35563
253.9861	507.75	105.8125	251.125	-0.49554962	206732.34	35563
282.84064	800.5	124.375	240.625	0.49554962	206732.34	35563
329.26035	507.25	106.25	178.375	0.49554962	206732.34	35563
152.90096	275.75	145.875	95.8125	0.49554962	206732.34	35563
86.47069	218.125	62.59375	111.0	0.49554962	206732.34	35563
132.04784	392.75	86.9375	1.6484375	0.49554962	206732.34	35563
122.63051	379.5	108.875	138.25	-0.49554962	206732.34	35563
406.10867	573.5	101.625	192.125	-0.49554962	206732.34	35563
95.165344	405.5	83.0625	159.875	0.49554962	206732.34	35563
241.45868	519.0	80.8125	134.875	-0.49554962	206732.34	35563
48.711136	354.5	46.25	151.125	0.49554962	206732.34	35563
289.47293	306.0	62.875	82.875	0.49554962	206732.34	35563
191.62117	311.25	75.3125	109.6875	-0.49554962	206732.34	35563
115.88367	259.75	135.375	84.6875	0.49554962	206732.34	35563
251.61975	819.5	155.25	192.375	0.49554962	206732.34	35563
621.787	462.0	78.9375	133.5	-0.49554962	206732.34	35563
169.57005	729.5	189.125	290.5	0.49554962	206732.34	35563
252.95341	541.0	72.5625	178.875	-0.49554962	206732.34	35563
370.89664	460.25	62.1875	91.25	-0.49554962	206732.34	35563
247.99632	454.5	72.8125	84.125	-0.49554962	206732.34	35563
103.81835	286.0	102.4375	126.9375	0.49554962	206732.34	35563
157.05238	376.75	159.0	169.125	0.49554962	206732.34	35563
143.01302	342.0	173.125	178.25	-0.49554962	206732.34	35563
103.80272	362.0	120.1875	133.5	0.49554962	206732.34	35563
93.92253	423.5	136.125	194.75	0.49554962	206732.34	35563
153.52492	465.0	116.375	165.375	-0.49554962	206732.34	35563
289.3292	584.5	229.75	283.75	0.49554962	206732.34	35563
268.20532	256.75	137.75	2.7070312	0.49554962	206732.34	35563
409.95612	460.25	133.5	177.75	-0.49554962	206732.34	35563
162.72942	458.75	126.625	190.25	0.49554962	206732.34	35563
223.26834	389.75	107.9375	155.375	0.49554962	206732.34	35563
491.56656	282.0	99.125	91.6875	0.49554962	206732.34	35563
237.6331	260.25	211.375	125.0625	0.49554962	206732.34	35563
613.2689	945.0	89.3125	109.5625	0.49554962	206732.34	35563
142.72955	340.0	83.9375	144.0	-0.49554962	206732.34	35563
83.20259	351.75	100.3125	95.0625	-0.49554962	206732.34	35563
495.02628	919.0	116.6875	369.0	-0.49554962	206732.34	35563
73.80856	375.0	133.875	177.375	-0.49554962	206732.34	35563
137.85034	496.5	102.875	181.625	0.49554962	206732.34	35563
46.602028	235.5	44.21875	94.125	-0.49554962	206732.34	35563
130.48149	313.5	62.96875	128.125	-0.49554962	206732.34	35563
196.8557	325.25	78.75	130.375	0.49554962	206732.34	35563
148.61226	413.5	129.75	155.125	0.49554962	206732.34	35563
157.98714	385.0	67.8125	168.875	0.49554962	206732.34	35563
297.75745	430.0	57.25	98.75	0.49554962	206732.34	35563
53.864777	375.75	61.875	40.65625	0.49554962	206732.34	35563
86.84873	463.5	166.875	160.75	0.49554962	206732.34	35563
239.58029	457.5	97.625	197.375	0.49554962	206732.34	35563
60.28265	304.5	156.625	96.5625	0.49554962	206732.34	35563
132.88332	390.0	57.15625	152.875	0.49554962	206732.34	35563
147.0611	609.5	125.375	195.875	0.49554962	206732.34	35563
331.99698	228.875	71.375	2.1601562	0.49554962	206732.34	35563
273.06866	502.5	74.6875	113.5	0.49554962	206732.34	35563
116.65916	823.5	66.125	196.875	-0.49554962	206732.34	35563
131.74252	432.75	141.375	161.25	-0.49554962	206732.34	35563
481.9953	777.0	71.75	52.96875	-0.49554962	206732.34	35563
82.44717	215.625	85.125	87.5625	0.49554962	206732.34	35563
80.3594	424.5	133.0	153.0	-0.49554962	206732.34	35563
169.87866	255.625	29.171875	92.1875	0.49554962	206732.34	35563
150.20242	224.75	84.5	93.1875	0.49554962	206732.34	35563
85.165665	449.5	63.84375	182.25	0.49554962	206732.34	35563
210.87091	345.75	146.0	179.625	0.49554962	206732.34	35563
69.71967	208.0	97.0	85.0	-0.49554962	206732.34	35563
456.83282	478.5	93.0625	163.75	0.49554962	206732.34	35563
101.14665	471.25	61.5	85.4375	0.49554962	206732.34	35563
59.646614	421.25	76.75	168.875	-0.49554962	206732.34	35563
141.30006	334.25	112.125	89.3125	0.49554962	206732.34	35563
324.82343	511.75	76.0625	177.875	0.49554962	206732.34	35563
190.42961	698.0	128.5	59.03125	-0.49554962	206732.34	35563
100.96092	384.75	129.0	155.25	0.49554962	206732.34	35563
173.1293	459.25	83.3125	183.375	-0.49554962	206732.34	35563
201.31866	406.0	116.875	158.5	0.49554962	206732.34	35563
98.01474	630.5	76.4375	171.125	-0.49554962	206732.34	35563
211.22073	538.5	71.375	182.75	-0.49554962	206732.34	35563
82.832634	346.75	64.375	163.375	0.49554962	206732.34	35563
223.30162	289.75	63.71875	111.4375	-0.49554962	206732.34	35563
104.44988	368.25	139.75	154.25	0.49554962	206732.34	35563
141.78618	437.75	132.25	117.375	0.49554962	206732.34	35563
51.53787	457.75	125.6875	7.046875	0.49554962	206732.34	35563
528.5351	362.0	70.375	87.375	-0.49554962	206732.34	35563
409.1852	484.25	64.625	188.125	-0.49554962	206732.34	35563
100.392624	213.25	117.9375	78.6875	-0.49554962	206732.34	35563
98.918335	296.25	62.09375	79.0625	0.49554962	206732.34	35563
253.92451	384.75	48.53125	189.0	0.49554962	206732.34	35563
132.50253	563.0	96.875	157.0	0.49554962	206732.34	35563
60.206997	334.5	107.8125	157.375	0.49554962	206732.34	35563
86.594376	587.5	114.3125	176.5	0.49554962	206732.34	35563
62.777824	227.75	81.9375	78.875	-0.49554962	206732.34	35563
280.76004	621.0	116.75	302.25	0.49554962	206732.34	35563
153.13249	380.25	139.25	131.25	0.49554962	206732.34	35563
234.86893	409.75	163.125	158.125	0.49554962	206732.34	35563
280.85367	379.0	104.875	160.5	0.49554962	206732.34	35563
44.226223	526.5	67.375	125.0	0.49554962	206732.34	35563
164.77592	399.25	168.75	147.875	-0.49554962	206732.34	35563
191.9841	341.0	107.5	150.0	0.49554962	206732.34	35563
161.63661	354.0	87.875	171.875	0.49554962	206732.34	35563
100.221855	349.0	82.1875	121.6875	0.49554962	206732.34	35563
72.46177	317.0	126.4375	118.1875	0.49554962	206732.34	35563
53.29989	207.125	98.6875	87.5	0.49554962	206732.34	35563
217.30626	334.5	121.8125	45.78125	0.49554962	206732.34	35563
134.68806	399.75	136.5	186.125	0.49554962	206732.34	35563
99.81877	272.25	141.0	67.0	-0.49554962	206732.34	35563
143.79837	614.0	113.1875	181.125	0.49554962	206732.34	35563
127.06549	647.5	137.375	152.125	0.49554962	206732.34	35563
56.157608	369.0	153.5	188.5	0.49554962	206732.34	35563
45.78526	621.0	102.5	106.8125	0.49554962	206732.34	35563
83.529686	237.875	91.9375	85.0	0.49554962	206732.34	35563
211.2068	437.25	63.8125	176.5	0.49554962	206732.34	35563
256.37155	434.25	127.3125	181.0	0.49554962	206732.34	35563
43.778675	215.125	88.125	109.625	0.49554962	206732.34	35563
70.225044	489.0	80.375	205.375	-0.49554962	206732.34	35563
82.4521	404.5	102.0	88.6875	-0.49554962	206732.34	35563
92.61516	523.5	91.25	154.125	-0.49554962	206732.34	35563
57.01052	248.25	80.0	122.75	0.49554962	206732.34	35563
185.76117	339.75	70.0	116.9375	0.49554962	206732.34	35563
150.23744	396.25	146.875	140.125	-0.49554962	206732.34	35563
225.40971	588.5	66.4375	163.625	0.49554962	206732.34	35563
99.92761	437.5	141.5	2.4570312	0.49554962	206732.34	35563
132.19583	340.75	63.03125	104.9375	0.49554962	206732.34	35563
147.68959	364.75	131.75	140.125	0.49554962	206732.34	35563
112.29904	381.0	117.5625	155.25	0.49554962	206732.34	35563
59.762955	434.75	57.71875	157.125	0.49554962	206732.34	35563
668.0279	548.5	135.5	185.75	0.49554962	206732.34	35563
105.61887	472.25	168.75	177.625	-0.49554962	206732.34	35563
281.2439	561.0	152.75	209.375	0.49554962	206732.34	35563
128.69061	264.0	121.8125	91.9375	0.49554962	206732.34	35563
62.626175	414.25	185.375	192.25	0.49554962	206732.34	35563
387.44595	437.75	154.0	200.875	0.49554962	206732.34	35563
118.37042	794.5	54.71875	140.25	0.49554962	206732.34	35563
98.17938	295.0	131.0	144.5	0.49554962	206732.34	35563
143.72757	240.0	47.46875	88.5625	0.49554962	206732.34	35563
290.5594	561.5	210.25	222.375	0.49554962	206732.34	35563
294.31265	649.5	163.625	148.125	0.49554962	206732.34	35563
188.43503	420.75	125.75	179.875	0.49554962	206732.34	35563
213.62724	197.0	124.75	-1.0	-0.49554962	206732.34	35563
156.53662	519.0	177.125	185.125	-0.49554962	206732.34	35563
277.28378	443.5	131.25	190.125	0.49554962	206732.34	35563
69.69326	386.0	103.0	176.125	0.49554962	206732.34	35563
279.9301	599.0	90.9375	174.0	-0.49554962	206732.34	35563
157.42725	671.0	193.375	199.625	0.49554962	206732.34	35563
397.54877	623.0	169.25	230.75	0.49554962	206732.34	35563
144.85425	272.75	112.625	87.6875	0.49554962	206732.34	35563
290.37604	559.5	110.1875	290.5	-0.49554962	206732.34	35563
199.68115	384.5	92.1875	132.125	0.49554962	206732.34	35563
299.6616	379.0	104.875	167.875	-0.49554962	206732.34	35563
54.093327	623.0	174.25	128.125	0.49554962	206732.34	35563
235.22398	759.0	297.5	113.375	0.49554962	206732.34	35563
89.94349	546.5	152.125	197.625	0.49554962	206732.34	35563
131.01898	382.5	161.0	36.71875	0.49554962	206732.34	35563
238.55649	421.5	107.0	21.390625	0.49554962	206732.34	35563
101.87612	427.5	71.0	112.8125	-0.49554962	206732.34	35563
143.09698	530.5	118.8125	185.25	0.49554962	206732.34	35563
145.71323	246.25	96.25	95.8125	0.49554962	206732.34	35563
117.770996	386.5	74.625	166.875	0.49554962	206732.34	35563
389.88815	337.5	112.0625	147.375	0.49554962	206732.34	35563
87.220085	516.5	94.8125	189.625	0.49554962	206732.34	35563
66.85221	341.0	136.75	152.125	-0.49554962	206732.34	35563
40.83989	398.0	133.0	179.0	0.49554962	206732.34	35563
375.27554	430.25	146.0	182.5	0.49554962	206732.34	35563
136.9021	794.0	152.125	388.5	0.49554962	206732.34	35563
200.74168	264.75	61.3125	94.1875	0.49554962	206732.34	35563
249.40924	480.75	101.6875	179.25	0.49554962	206732.34	35563
250.28687	325.5	115.5	136.5	0.49554962	206732.34	35563
252.69002	416.25	147.75	164.125	-0.49554962	206732.34	35563
289.61017	599.0	105.375	200.0	0.49554962	206732.34	35563
53.505665	383.75	151.875	187.625	0.49554962	206732.34	35563
318.65305	327.5	70.625	104.8125	0.49554962	206732.34	35563
81.65297	688.0	190.375	80.9375	0.49554962	206732.34	35563
217.00266	667.5	133.125	179.25	-0.49554962	206732.34	35563
56.57121	394.5	67.25	147.125	0.49554962	206732.34	35563
278.513	437.0	62.875	152.375	0.49554962	206732.34	35563
190.94424	221.125	99.9375	99.3125	-0.49554962	206732.34	35563
193.32063	440.75	85.5	172.125	0.49554962	206732.34	35563
176.76608	270.5	89.0	75.5625	-0.49554962	206732.34	35563
71.00847	229.375	80.1875	74.75	0.49554962	206732.34	35563
199.14066	258.75	147.75	96.0625	0.49554962	206732.34	35563
92.795975	237.625	68.1875	115.25	0.49554962	206732.34	35563
349.5683	342.25	93.0	71.8125	0.49554962	206732.34	35563
443.65234	1120.0	92.3125	33.875	0.49554962	206732.34	35563
204.4005	231.875	113.1875	100.5625	0.49554962	206732.34	35563
113.41507	331.0	148.25	141.625	0.49554962	206732.34	35563
90.84754	271.25	103.875	77.6875	0.49554962	206732.34	35563
266.9447	306.25	82.75	131.0	0.49554962	206732.34	35563
66.591675	482.0	78.5625	2.0507812	0.49554962	206732.34	35563
268.1165	463.25	114.4375	172.75	0.49554962	206732.34	35563
45.48795	344.75	79.25	173.25	-0.49554962	206732.34	35563
113.68247	468.5	132.375	167.375	0.49554962	206732.34	35563
270.08017	430.25	109.9375	156.125	0.49554962	206732.34	35563
432.7901	420.75	58.125	146.875	-0.49554962	206732.34	35563
96.78539	909.0	103.1875	157.5	0.49554962	206732.34	35563
321.64334	370.75	69.625	177.625	-0.49554962	206732.34	35563
210.28752	784.0	99.0625	220.375	0.49554962	206732.34	35563
287.75012	475.5	93.375	167.25	-0.49554962	206732.34	35563
72.00288	278.0	97.25	92.375	0.49554962	206732.34	35563
412.30145	419.75	77.6875	119.0625	-0.49554962	206732.34	35563
240.4232	430.5	173.5	139.375	0.49554962	206732.34	35563
436.61957	649.5	94.625	191.125	0.49554962	206732.34	35563
74.18478	344.75	132.25	159.5	-0.49554962	206732.34	35563
152.37051	228.625	158.125	98.25	0.49554962	206732.34	35563
128.81444	368.5	114.1875	156.75	0.49554962	206732.34	35563
202.9431	328.75	71.5	140.375	0.49554962	206732.34	35563
145.51607	526.0	86.6875	163.75	0.49554962	206732.34	35563
338.0666	456.0	117.3125	203.75	0.49554962	206732.34	35563
178.23383	445.5	138.5	174.75	0.49554962	206732.34	35563
151.6415	306.0	80.0625	113.8125	0.49554962	206732.34	35563
135.75655	357.5	106.5625	118.8125	0.49554962	206732.34	35563
147.0953	354.0	57.09375	123.75	0.49554962	206732.34	35563
120.159706	280.75	112.0	83.625	-0.49554962	206732.34	35563
48.395237	435.75	68.9375	7.296875	0.49554962	206732.34	35563
220.85815	399.75	71.375	195.875	0.49554962	206732.34	35563
250.5297	484.0	78.6875	197.25	0.49554962	206732.34	35563
114.35747	273.75	81.4375	105.6875	0.49554962	206732.34	35563
74.22865	472.5	60.03125	178.375	0.49554962	206732.34	35563
159.74075	430.75	156.625	168.25	0.49554962	206732.34	35563
112.50435	311.0	142.125	132.25	-0.49554962	206732.34	35563
169.18137	678.5	131.0	147.375	0.49554962	206732.34	35563
276.59805	611.5	119.25	119.0625	0.49554962	206732.34	35563
183.53171	271.75	68.6875	106.5	-0.49554962	206732.34	35563
411.0596	573.0	121.875	218.625	0.49554962	206732.34	35563
205.88867	325.25	112.3125	90.375	-0.49554962	206732.34	35563
256.9463	469.0	141.75	191.625	-0.49554962	206732.34	35563
211.8144	304.5	155.25	129.625	0.49554962	206732.34	35563
189.34937	404.0	143.875	185.875	0.49554962	206732.34	35563
60.57721	526.5	75.1875	144.125	0.49554962	206732.34	35563
215.48445	487.5	116.625	183.125	0.49554962	206732.34	35563
182.94641	454.5	55.0	117.875	0.49554962	206732.34	35563
110.42897	389.25	136.375	151.25	-0.49554962	206732.34	35563
101.46841	809.0	63.4375	109.75	0.49554962	206732.34	35563
195.17632	422.5	68.75	115.3125	-0.49554962	206732.34	35563
164.7216	395.5	65.5	138.125	0.49554962	206732.34	35563
381.83713	500.0	112.125	155.5	0.49554962	206732.34	35563
299.83002	441.25	95.875	162.125	0.49554962	206732.34	35563
154.35754	243.875	128.625	119.4375	0.49554962	206732.34	35563
249.3627	370.0	131.375	121.5625	0.49554962	206732.34	35563
75.79982	382.5	87.5625	62.15625	0.49554962	206732.34	35563
355.16934	396.5	119.25	159.5	-0.49554962	206732.34	35563
370.37708	187.75	70.5	-1.0	-0.49554962	206732.34	35563
104.96638	212.25	128.625	79.0625	-0.49554962	206732.34	35563
137.64078	536.0	74.5625	182.125	0.49554962	206732.34	35563
190.97781	579.5	89.3125	178.75	0.49554962	206732.34	35563
103.19679	322.25	124.625	159.75	0.49554962	206732.34	35563
592.399	1155.0	103.875	359.0	0.49554962	206732.34	35563
304.177	568.0	135.875	174.625	-0.49554962	206732.34	35563
206.94147	286.25	95.125	135.75	-0.49554962	206732.34	35563
150.54716	382.5	128.5	121.5625	0.49554962	206732.34	35563
56.384567	290.5	127.375	128.75	0.49554962	206732.34	35563
79.66303	510.0	113.5	81.5625	0.49554962	206732.34	35563
449.281	548.0	79.3125	192.25	0.49554962	206732.34	35563
40.90906	360.75	140.875	87.75	0.49554962	206732.34	35563
102.36632	322.25	55.5625	140.375	-0.49554962	206732.34	35563
231.42302	344.5	154.25	149.125	0.49554962	206732.34	35563
412.445	580.5	129.375	169.25	-0.49554962	206732.34	35563
148.43552	393.75	119.3125	114.25	0.49554962	206732.34	35563
313.30588	287.0	113.3125	109.4375	0.49554962	206732.34	35563
178.84839	691.5	67.0625	95.5	0.49554962	206732.34	35563
125.48922	194.125	95.9375	68.25	0.49554962	206732.34	35563
324.92902	661.5	35.625	133.625	0.49554962	206732.34	35563
293.80347	452.0	127.375	179.25	-0.49554962	206732.34	35563
366.05417	364.5	108.5	170.75	-0.49554962	206732.34	35563
875.7811	1793.0	80.0625	15.140625	0.49554962	206732.34	35563
317.5502	470.25	64.375	44.125	0.49554962	206732.34	35563
124.906075	356.0	90.4375	93.4375	0.49554962	206732.34	35563
160.84836	358.75	102.75	141.5	0.49554962	206732.34	35563
385.30676	447.5	110.0625	170.375	0.49554962	206732.34	35563
158.70041	403.75	159.0	172.125	0.49554962	206732.34	35563
238.04887	261.75	82.25	101.5625	0.49554962	206732.34	35563
87.76128	273.0	112.0625	115.0625	0.49554962	206732.34	35563
99.8515	592.0	244.25	287.5	0.49554962	206732.34	35563
70.7559	585.0	95.8125	204.875	0.49554962	206732.34	35563
69.81604	357.25	95.5	130.375	0.49554962	206732.34	35563
223.82426	439.0	149.0	60.40625	-0.49554962	206732.34	35563
150.88628	531.0	151.625	191.75	-0.49554962	206732.34	35563
98.05459	514.5	93.375	169.875	-0.49554962	206732.34	35563
97.8117	328.75	62.71875	107.4375	0.49554962	206732.34	35563
160.47806	423.25	110.1875	160.375	0.49554962	206732.34	35563
112.33692	214.875	157.125	90.4375	0.49554962	206732.34	35563
236.23303	418.75	95.5625	178.625	0.49554962	206732.34	35563
333.53983	535.5	141.0	192.375	-0.49554962	206732.34	35563
67.92359	412.0	110.6875	169.25	-0.49554962	206732.34	35563
242.4859	536.5	133.5	176.25	0.49554962	206732.34	35563
302.20996	473.0	108.375	222.0	0.49554962	206732.34	35563
198.36955	224.0	57.78125	91.3125	0.49554962	206732.34	35563
77.46633	390.5	148.75	178.75	0.49554962	206732.34	35563
67.80051	324.25	148.875	166.5	0.49554962	206732.34	35563
621.93164	366.75	143.75	168.25	0.49554962	206732.34	35563
127.64954	229.75	52.40625	81.5	0.49554962	206732.34	35563
42.828716	234.125	120.25	95.0	0.49554962	206732.34	35563
143.3977	231.875	91.875	87.125	0.49554962	206732.34	35563
158.67764	432.75	108.875	186.375	-0.49554962	206732.34	35563
118.03029	500.75	65.4375	109.4375	-0.49554962	206732.34	35563
133.18434	236.625	82.4375	91.9375	0.49554962	206732.34	35563
142.48097	498.25	91.875	118.875	0.49554962	206732.34	35563
308.29425	299.75	110.375	108.9375	-0.49554962	206732.34	35563
344.01862	355.5	59.84375	139.875	0.49554962	206732.34	35563
180.95648	275.25	81.0625	89.6875	0.49554962	206732.34	35563
69.28146	518.5	98.6875	25.875	0.49554962	206732.34	35563
171.26923	473.25	159.625	196.875	0.49554962	206732.34	35563
298.30276	368.75	94.625	160.5	0.49554962	206732.34	35563
333.37753	427.0	133.75	125.3125	0.49554962	206732.34	35563
88.24933	742.0	109.3125	234.875	0.49554962	206732.34	35563
55.285378	314.0	117.3125	1.7236328	0.49554962	206732.34	35563
60.602085	612.0	147.75	6.6679688	0.49554962	206732.34	35563
90.2886	316.0	45.9375	139.125	0.49554962	206732.34	35563
139.50314	312.5	123.0	87.0	0.49554962	206732.34	35563
125.07737	665.0	100.4375	170.5	0.49554962	206732.34	35563
206.41884	588.0	157.125	224.5	0.49554962	206732.34	35563
83.56312	257.0	78.5	104.9375	-0.49554962	206732.34	35563
186.46654	328.0	104.25	142.625	0.49554962	206732.34	35563
62.69391	441.0	149.375	117.5625	-0.49554962	206732.34	35563
359.19174	664.5	73.1875	102.4375	0.49554962	206732.34	35563
565.4752	808.5	129.125	183.75	0.49554962	206732.34	35563
206.92575	376.75	72.625	148.25	0.49554962	206732.34	35563
390.0771	501.75	149.125	179.125	0.49554962	206732.34	35563
69.16293	249.75	97.75	104.5625	0.49554962	206732.34	35563
272.2649	452.75	80.875	129.75	0.49554962	206732.34	35563
161.05063	241.375	104.5	76.75	0.49554962	206732.34	35563
211.36238	406.75	137.75	141.125	0.49554962	206732.34	35563
150.30287	420.5	58.5625	118.125	-0.49554962	206732.34	35563
56.614872	556.5	152.375	180.5	0.49554962	206732.34	35563
126.0053	439.25	180.25	187.25	0.49554962	206732.34	35563
242.61449	503.25	88.0	126.625	0.49554962	206732.34	35563
98.97901	334.5	96.875	102.4375	-0.49554962	206732.34	35563
101.02525	641.5	142.5	188.75	0.49554962	206732.34	35563
168.28383	550.0	132.75	121.6875	-0.49554962	206732.34	35563
178.72115	390.5	109.625	144.625	0.49554962	206732.34	35563
91.210976	302.25	96.0625	105.6875	0.49554962	206732.34	35563
214.38606	456.5	76.6875	102.875	0.49554962	206732.34	35563
435.27344	578.0	146.125	197.25	0.49554962	206732.34	35563
167.42647	461.25	89.6875	124.875	-0.49554962	206732.34	35563
389.85086	447.0	165.25	192.375	-0.49554962	206732.34	35563
174.26964	432.25	142.875	147.5	0.49554962	206732.34	35563
171.45781	335.75	112.25	128.375	0.49554962	206732.34	35563
142.32726	323.0	113.6875	131.75	0.49554962	206732.34	35563
249.4474	447.0	147.5	172.875	-0.49554962	206732.34	35563
238.19006	435.5	125.0625	157.5	-0.49554962	206732.34	35563
238.05112	291.25	81.5	126.5	0.49554962	206732.34	35563
919.92053	734.0	74.9375	154.375	0.49554962	206732.34	35563
426.51144	644.0	77.1875	180.125	0.49554962	206732.34	35563
121.07582	659.5	62.78125	134.75	-0.49554962	206732.34	35563
647.56866	764.5	85.0625	212.0	0.49554962	206732.34	35563
125.017944	584.5	143.25	190.75	-0.49554962	206732.34	35563
69.8738	530.0	65.6875	125.6875	-0.49554962	206732.34	35563
75.67898	368.5	103.1875	155.625	0.49554962	206732.34	35563
101.89115	423.5	115.8125	73.375	0.49554962	206732.34	35563
294.46387	568.5	68.3125	97.125	0.49554962	206732.34	35563
97.09603	233.5	96.0625	96.4375	0.49554962	206732.34	35563
63.21353	263.0	114.8125	112.5	0.49554962	206732.34	35563
326.06998	839.5	67.125	184.75	0.49554962	206732.34	35563
259.38504	630.5	68.375	186.875	-0.49554962	206732.34	35563
180.09506	588.0	116.25	177.5	-0.49554962	206732.34	35563
211.97403	393.75	116.5	147.375	-0.49554962	206732.34	35563
87.80824	483.25	92.1875	172.375	-0.49554962	206732.34	35563
203.1966	323.5	131.875	145.125	0.49554962	206732.34	35563
107.83625	402.25	110.25	138.875	-0.49554962	206732.34	35563
254.72655	526.5	55.84375	92.875	0.49554962	206732.34	35563
193.81323	451.0	81.125	174.0	0.49554962	206732.34	35563
104.044815	405.5	143.875	185.0	-0.49554962	206732.34	35563
89.09683	371.0	133.125	178.625	0.49554962	206732.34	35563
222.833	489.25	72.4375	140.75	-0.49554962	206732.34	35563
165.69348	428.25	74.0625	108.4375	-0.49554962	206732.34	35563
83.53285	453.75	123.75	158.75	0.49554962	206732.34	35563
103.20459	405.75	173.75	169.625	-0.49554962	206732.34	35563
134.72337	374.75	129.125	155.625	0.49554962	206732.34	35563
112.359	305.5	104.8125	133.125	0.49554962	206732.34	35563
316.3425	282.5	159.5	80.9375	0.49554962	206732.34	35563
180.3146	402.75	112.25	160.0	0.49554962	206732.34	35563
137.0218	529.5	218.5	117.625	0.49554962	206732.34	35563
50.377815	414.5	136.0	99.6875	-0.49554962	206732.34	35563
100.487526	318.0	164.5	107.3125	-0.49554962	206732.34	35563
115.71026	281.75	70.3125	112.6875	0.49554962	206732.34	35563
86.45529	618.5	127.25	127.75	-0.49554962	206732.34	35563
64.25535	242.75	113.0	105.875	0.49554962	206732.34	35563
78.4901	375.25	152.75	175.25	0.49554962	206732.34	35563
174.70282	299.5	35.375	142.75	0.49554962	206732.34	35563
152.58449	448.0	132.75	182.5	0.49554962	206732.34	35563
195.0052	412.25	70.5	192.375	0.49554962	206732.34	35563
105.02422	279.5	76.625	85.25	0.49554962	206732.34	35563
183.76251	557.5	84.5	161.125	0.49554962	206732.34	35563
160.51682	429.75	99.6875	159.375	0.49554962	206732.34	35563
49.652092	552.0	91.5625	85.625	0.49554962	206732.34	35563
128.97076	627.5	132.25	94.4375	0.49554962	206732.34	35563
53.520515	466.25	67.1875	114.0	0.49554962	206732.34	35563
397.2994	377.25	74.6875	207.75	0.49554962	206732.34	35563
133.9206	319.0	63.75	137.625	-0.49554962	206732.34	35563
279.29852	376.25	128.625	161.0	0.49554962	206732.34	35563
534.71796	570.0	119.9375	174.375	-0.49554962	206732.34	35563
337.48453	257.25	84.4375	90.1875	0.49554962	206732.34	35563
49.688725	470.5	129.25	164.25	0.49554962	206732.34	35563
94.60001	452.0	118.4375	180.75	0.49554962	206732.34	35563
148.60687	212.875	166.25	84.1875	-0.49554962	206732.34	35563
57.017857	235.0	84.5625	46.25	-0.49554962	206732.34	35563
60.681408	415.25	61.28125	81.1875	0.49554962	206732.34	35563
99.01018	204.375	92.9375	86.4375	0.49554962	206732.34	35563
174.9361	228.125	73.75	105.5	0.49554962	206732.34	35563
204.53354	243.875	106.125	119.5	-0.49554962	206732.34	35563
90.92677	223.125	128.5	85.75	0.49554962	206732.34	35563
254.0158	427.5	73.875	114.375	0.49554962	206732.34	35563
45.14002	341.0	70.75	141.875	-0.49554962	206732.34	35563
259.61115	635.5	128.75	197.625	0.49554962	206732.34	35563
256.49808	474.0	109.4375	212.375	0.49554962	206732.34	35563
265.06226	277.25	63.8125	94.9375	-0.49554962	206732.34	35563
114.49734	262.25	66.8125	111.8125	0.49554962	206732.34	35563
205.58377	383.75	65.5625	138.125	0.49554962	206732.34	35563
96.42515	382.25	60.46875	8.921875	0.49554962	206732.34	35563
321.3984	355.5	137.375	173.5	0.49554962	206732.34	35563
426.09686	626.5	73.125	169.375	-0.49554962	206732.34	35563
479.18912	801.5	127.6875	259.0	0.49554962	206732.34	35563
162.62494	317.25	114.0	73.875	-0.49554962	206732.34	35563
193.3507	592.0	161.375	189.25	0.49554962	206732.34	35563
120.9291	600.0	99.75	134.875	0.49554962	206732.34	35563
286.73972	546.5	61.4375	144.875	0.49554962	206732.34	35563
113.715	530.5	80.5	84.0	-0.49554962	206732.34	35563
133.72769	429.0	95.4375	201.0	0.49554962	206732.34	35563
288.65796	297.5	39.71875	77.375	0.49554962	206732.34	35563
204.9205	468.25	136.75	44.46875	0.49554962	206732.34	35563
105.09133	278.75	109.75	113.25	0.49554962	206732.34	35563
399.8457	455.75	60.5625	171.0	0.49554962	206732.34	35563
375.35645	559.0	89.625	152.0	-0.49554962	206732.34	35563
205.97502	253.375	62.15625	118.0625	-0.49554962	206732.34	35563
90.227974	288.25	111.9375	143.25	0.49554962	206732.34	35563
199.13148	341.0	130.875	141.875	-0.49554962	206732.34	35563
126.50536	359.5	142.625	136.0	0.49554962	206732.34	35563
233.27112	448.5	154.125	182.75	0.49554962	206732.34	35563
183.85918	392.25	120.0	161.875	0.49554962	206732.34	35563
297.9698	512.5	90.1875	170.625	0.49554962	206732.34	35563
484.34647	508.0	78.625	173.25	-0.49554962	206732.34	35563
69.60513	426.0	141.375	145.5	0.49554962	206732.34	35563
296.10687	457.0	58.0625	35.4375	0.49554962	206732.34	35563
79.39913	315.25	125.875	143.75	-0.49554962	206732.34	35563
78.12949	193.625	136.375	108.75	0.49554962	206732.34	35563
162.63976	367.25	68.375	109.3125	-0.49554962	206732.34	35563
61.54084	465.0	67.4375	131.0	0.49554962	206732.34	35563
231.55742	305.75	167.0	157.875	0.49554962	206732.34	35563
319.0881	667.5	103.25	127.9375	0.49554962	206732.34	35563
56.731308	444.25	144.0	187.375	0.49554962	206732.34	35563
362.7382	225.0	154.875	63.40625	0.49554962	206732.34	35563
214.31248	437.75	198.375	193.625	-0.49554962	206732.34	35563
109.96163	265.25	109.0625	10.015625	-0.49554962	206732.34	35563
225.43204	324.0	145.125	127.625	-0.49554962	206732.34	35563
209.20494	534.5	123.125	168.375	0.49554962	206732.34	35563
239.37895	402.5	91.25	163.0	0.49554962	206732.34	35563
108.41984	272.0	140.0	123.75	0.49554962	206732.34	35563
318.93878	414.0	125.1875	180.5	0.49554962	206732.34	35563
521.272	499.75	146.625	146.125	-0.49554962	206732.34	35563
448.21643	563.0	151.375	204.25	-0.49554962	206732.34	35563
207.8688	440.5	179.125	170.75	-0.49554962	206732.34	35563
289.0733	393.5	163.375	158.0	-0.49554962	206732.34	35563
193.19914	373.5	39.53125	109.1875	-0.49554962	206732.34	35563
39.19754	253.25	72.125	102.1875	-0.49554962	206732.34	35563
109.348595	280.25	59.46875	133.875	0.49554962	206732.34	35563
224.70502	318.25	56.9375	108.5	0.49554962	206732.34	35563
145.6016	253.625	72.9375	92.9375	0.49554962	206732.34	35563
129.50587	263.75	68.125	81.4375	0.49554962	206732.34	35563
177.70413	246.625	78.5625	115.125	0.49554962	206732.34	35563
151.96294	491.5	146.125	42.875	0.49554962	206732.34	35563
110.9775	399.25	101.3125	181.5	0.49554962	206732.34	35563
81.51917	372.75	132.125	189.625	0.49554962	206732.34	35563
161.50623	471.75	74.1875	154.375	0.49554962	206732.34	35563
140.4868	350.5	55.78125	106.375	0.49554962	206732.34	35563
197.07243	313.25	141.0	118.9375	-0.49554962	206732.34	35563
108.70707	493.75	118.5625	172.0	-0.49554962	206732.34	35563
70.47472	455.75	119.8125	184.75	-0.49554962	206732.34	35563
74.887695	322.25	40.09375	105.5	0.49554962	206732.34	35563
113.61091	454.5	145.5	127.125	0.49554962	206732.34	35563
186.73894	273.25	58.1875	86.5625	0.49554962	206732.34	35563
161.81471	268.75	146.375	102.75	0.49554962	206732.34	35563
133.3395	422.75	108.25	186.5	0.49554962	206732.34	35563
216.12944	425.25	92.25	186.625	0.49554962	206732.34	35563
254.99982	424.25	106.3125	144.375	0.49554962	206732.34	35563
55.411266	305.5	139.75	127.5	0.49554962	206732.34	35563
111.51533	343.5	132.25	144.125	-0.49554962	206732.34	35563
253.33842	328.75	68.3125	168.25	0.49554962	206732.34	35563
255.19109	414.5	123.1875	168.875	0.49554962	206732.34	35563
164.81424	428.75	95.5625	165.75	0.49554962	206732.34	35563
260.35828	606.0	142.625	232.625	0.49554962	206732.34	35563
226.69743	921.5	85.0	195.75	-0.49554962	206732.34	35563
155.92021	390.5	125.25	158.0	0.49554962	206732.34	35563
288.973	499.75	84.9375	183.875	-0.49554962	206732.34	35563
176.42004	386.5	155.625	96.0	-0.49554962	206732.34	35563
53.7773	407.25	135.5	140.875	0.49554962	206732.34	35563
192.67009	442.25	116.9375	152.5	0.49554962	206732.34	35563
78.48696	441.0	112.5625	124.875	0.49554962	206732.34	35563
104.32896	293.25	91.3125	136.75	0.49554962	206732.34	35563
79.749	364.5	91.25	137.5	0.49554962	206732.34	35563
216.74461	303.5	94.5625	132.375	-0.49554962	206732.34	35563
217.93704	417.0	72.0625	147.5	0.49554962	206732.34	35563
87.39715	201.625	61.03125	89.1875	-0.49554962	206732.34	35563
115.68389	377.5	83.4375	154.75	0.49554962	206732.34	35563
644.0079	1025.0	148.75	107.8125	0.49554962	206732.34	35563
95.87129	363.25	91.125	123.0625	0.49554962	206732.34	35563
377.28128	578.5	89.8125	156.125	-0.49554962	206732.34	35563
206.77757	654.5	62.5625	107.25	-0.49554962	206732.34	35563
265.08484	420.75	140.0	151.375	0.49554962	206732.34	35563
262.76147	566.5	115.6875	186.375	0.49554962	206732.34	35563
134.82239	379.75	87.125	174.0	0.49554962	206732.34	35563
150.98076	405.0	79.9375	132.125	0.49554962	206732.34	35563
110.34861	293.25	56.3125	120.5	0.49554962	206732.34	35563
72.52688	217.0	55.15625	59.0	0.49554962	206732.34	35563
260.4806	306.5	33.28125	123.9375	-0.49554962	206732.34	35563
110.041115	356.0	83.25	178.25	0.49554962	206732.34	35563
237.79057	394.5	131.875	201.25	0.49554962	206732.34	35563
92.80799	374.75	63.09375	145.125	0.49554962	206732.34	35563
319.83905	466.0	157.5	216.875	0.49554962	206732.34	35563
282.587	507.25	67.8125	169.625	-0.49554962	206732.34	35563
130.17085	300.25	63.375	22.859375	-0.49554962	206732.34	35563
113.14854	614.5	162.5	223.75	-0.49554962	206732.34	35563
415.9525	356.5	95.125	39.59375	0.49554962	206732.34	35563
62.91634	344.5	115.1875	139.0	-0.49554962	206732.34	35563
82.22004	456.25	120.9375	149.75	-0.49554962	206732.34	35563
294.77344	362.5	75.4375	159.625	-0.49554962	206732.34	35563
115.123055	968.5	108.875	40.875	0.49554962	206732.34	35563
78.09982	243.875	96.5625	104.625	0.49554962	206732.34	35563
96.28773	449.0	158.375	161.625	-0.49554962	206732.34	35563
58.36135	270.75	58.96875	104.3125	0.49554962	206732.34	35563
274.5867	402.0	83.5	137.5	0.49554962	206732.34	35563
91.42188	485.0	134.625	164.25	0.49554962	206732.34	35563
304.2092	357.75	134.125	166.125	0.49554962	206732.34	35563
213.19864	602.0	61.90625	140.5	-0.49554962	206732.34	35563
136.22694	317.25	55.71875	135.125	0.49554962	206732.34	35563
311.1732	455.5	69.25	126.5	0.49554962	206732.34	35563
213.76074	391.75	124.75	185.0	-0.49554962	206732.34	35563
190.56934	343.75	96.9375	95.5625	0.49554962	206732.34	35563
68.5281	357.75	182.25	144.375	0.49554962	206732.34	35563
479.63983	867.5	103.25	170.5	0.49554962	206732.34	35563
109.88891	516.0	71.1875	127.375	0.49554962	206732.34	35563
43.932724	216.0	80.375	76.125	0.49554962	206732.34	35563
143.76782	381.75	109.9375	138.125	-0.49554962	206732.34	35563
226.85591	342.75	141.625	109.0625	0.49554962	206732.34	35563
87.83965	342.75	60.75	163.625	0.49554962	206732.34	35563
443.337	619.0	84.375	160.125	-0.49554962	206732.34	35563
92.40017	483.25	117.0625	190.625	0.49554962	206732.34	35563
176.94795	399.5	86.9375	170.25	0.49554962	206732.34	35563
168.35887	295.5	95.9375	108.0625	0.49554962	206732.34	35563
326.45587	439.75	119.625	192.375	-0.49554962	206732.34	35563
271.00485	477.75	65.625	170.875	-0.49554962	206732.34	35563
123.1135	415.25	92.9375	172.0	0.49554962	206732.34	35563
191.27612	482.0	92.5	183.375	0.49554962	206732.34	35563
46.128357	583.5	181.5	235.75	0.49554962	206732.34	35563
211.97319	522.0	68.6875	92.0625	0.49554962	206732.34	35563
91.78443	398.25	95.75	159.125	0.49554962	206732.34	35563
268.35416	456.25	127.4375	82.625	-0.49554962	206732.34	35563
226.8929	604.0	160.0	309.75	-0.49554962	206732.34	35563
324.16367	390.5	71.9375	153.375	0.49554962	206732.34	35563
93.36364	189.875	79.5625	-1.0	-0.49554962	206732.34	35563
34.745846	391.0	117.4375	159.75	-0.49554962	206732.34	35563
216.9875	289.0	120.5	124.5625	0.49554962	206732.34	35563
215.4004	515.0	68.75	198.25	0.49554962	206732.34	35563
105.659775	471.75	139.5	185.25	0.49554962	206732.34	35563
207.83186	522.0	139.25	180.25	0.49554962	206732.34	35563
426.48865	497.5	168.625	120.8125	0.49554962	206732.34	35563
145.34451	383.25	112.1875	170.875	0.49554962	206732.34	35563
144.35936	355.0	99.25	169.75	0.49554962	206732.34	35563
259.0506	403.5	91.875	174.625	-0.49554962	206732.34	35563
376.2233	564.5	44.65625	106.875	-0.49554962	206732.34	35563
68.28399	465.5	110.3125	154.75	0.49554962	206732.34	35563
34.728817	522.5	144.75	109.875	0.49554962	206732.34	35563
125.91298	386.25	57.34375	174.75	-0.49554962	206732.34	35563
62.613293	406.25	128.375	143.75	-0.49554962	206732.34	35563
88.111	366.75	65.75	93.25	-0.49554962	206732.34	35563
123.933105	568.0	127.25	180.25	0.49554962	206732.34	35563
269.7426	687.0	121.5	190.25	0.49554962	206732.34	35563
96.60348	263.75	113.875	109.0625	0.49554962	206732.34	35563
450.67273	282.25	78.875	13.109375	0.49554962	206732.34	35563
201.6118	410.75	55.21875	119.625	0.49554962	206732.34	35563
635.9814	571.0	116.25	5.109375	0.49554962	206732.34	35563
74.35077	219.75	68.875	103.625	0.49554962	206732.34	35563
113.293015	238.5	66.8125	87.0	0.49554962	206732.34	35563
180.88464	480.5	131.125	165.0	0.49554962	206732.34	35563
90.042015	392.0	170.0	166.875	0.49554962	206732.34	35563
110.82085	377.75	147.875	178.5	0.49554962	206732.34	35563
347.83884	394.0	61.71875	145.25	0.49554962	206732.34	35563
46.766926	373.25	95.0625	167.625	0.49554962	206732.34	35563
52.71171	472.25	83.25	179.625	0.49554962	206732.34	35563
109.539474	216.75	73.6875	97.1875	-0.49554962	206732.34	35563
134.67218	521.5	105.6875	188.375	0.49554962	206732.34	35563
125.545364	314.75	49.46875	105.9375	-0.49554962	206732.34	35563
188.2942	303.0	60.96875	115.375	0.49554962	206732.34	35563
280.50912	528.0	139.875	176.375	0.49554962	206732.34	35563
89.92666	475.75	93.4375	197.625	0.49554962	206732.34	35563
90.834656	268.5	69.0	124.0625	0.49554962	206732.34	35563
98.06968	289.5	90.1875	92.375	-0.49554962	206732.34	35563
58.40772	400.5	110.6875	154.625	0.49554962	206732.34	35563
187.81898	470.0	109.0	206.0	0.49554962	206732.34	35563
481.18582	535.0	55.5625	183.75	-0.49554962	206732.34	35563
65.70342	435.75	88.3125	149.125	0.49554962	206732.34	35563
147.9489	329.75	82.5	97.6875	0.49554962	206732.34	35563
139.85002	343.25	112.4375	171.25	0.49554962	206732.34	35563
124.730896	412.0	159.125	177.625	0.49554962	206732.34	35563
309.35098	527.0	140.75	178.875	0.49554962	206732.34	35563
267.07608	493.0	83.4375	169.25	0.49554962	206732.34	35563
239.25783	193.0	105.375	74.4375	0.49554962	206732.34	35563
71.0529	448.0	132.125	163.875	0.49554962	206732.34	35563
231.94708	785.0	108.5625	176.25	0.49554962	206732.34	35563
161.30437	229.25	182.125	3.3144531	-0.49554962	206732.34	35563
162.79099	328.5	109.375	108.125	0.49554962	206732.34	35563
97.67372	524.0	94.625	173.25	0.49554962	206732.34	35563
173.14763	442.0	128.125	106.3125	0.49554962	206732.34	35563
248.91176	573.5	104.375	132.0	-0.49554962	206732.34	35563
104.53426	401.25	65.8125	188.125	0.49554962	206732.34	35563
98.19829	545.0	175.0	188.125	0.49554962	206732.34	35563
175.83054	363.25	76.4375	53.90625	-0.49554962	206732.34	35563
105.50903	381.25	133.125	161.875	0.49554962	206732.34	35563
218.45383	294.5	57.3125	104.625	0.49554962	206732.34	35563
272.89233	269.75	93.125	72.25	0.49554962	206732.34	35563
119.9739	376.75	173.875	179.125	0.49554962	206732.34	35563
70.692635	366.75	56.53125	87.6875	0.49554962	206732.34	35563
169.3337	801.5	78.1875	124.375	-0.49554962	206732.34	35563
52.965305	270.75	54.3125	101.6875	0.49554962	206732.34	35563
176.3779	306.25	155.875	106.75	0.49554962	206732.34	35563
93.629295	429.5	70.9375	158.625	0.49554962	206732.34	35563
552.86096	805.5	138.125	192.75	0.49554962	206732.34	35563
673.30347	691.0	130.375	225.625	-0.49554962	206732.34	35563
445.44916	409.75	208.875	171.0	0.49554962	206732.34	35563
48.80309	598.5	128.125	202.75	0.49554962	206732.34	35563
306.94254	443.5	63.125	145.0	-0.49554962	206732.34	35563
117.5003	412.25	59.8125	141.125	0.49554962	206732.34	35563
103.68116	316.25	113.25	128.5	0.49554962	206732.34	35563
120.56183	294.75	58.40625	138.125	0.49554962	206732.34	35563
102.4626	730.0	119.6875	21.125	0.49554962	206732.34	35563
182.52072	420.0	111.9375	161.25	0.49554962	206732.34	35563
267.89246	934.5	61.375	50.75	-0.49554962	206732.34	35563
133.14581	206.125	109.625	43.625	0.49554962	206732.34	35563
60.780792	1126.0	160.625	204.25	0.49554962	206732.34	35563
124.96719	340.0	62.84375	172.5	-0.49554962	206732.34	35563
215.88628	581.0	165.375	185.125	-0.49554962	206732.34	35563
422.88104	522.5	99.0625	177.125	0.49554962	206732.34	35563
183.20018	301.5	83.5625	119.0625	0.49554962	206732.34	35563
172.43977	407.5	72.125	144.125	-0.49554962	206732.34	35563
143.98608	441.5	131.875	165.875	0.49554962	206732.34	35563
69.39184	469.75	63.34375	175.75	0.49554962	206732.34	35563
372.7456	393.0	77.875	127.0	0.49554962	206732.34	35563
91.15094	272.5	64.0625	138.5	0.49554962	206732.34	35563
125.284424	303.25	62.53125	154.625	-0.49554962	206732.34	35563
466.16217	933.5	113.9375	271.25	-0.49554962	206732.34	35563
262.78067	544.5	96.8125	185.125	0.49554962	206732.34	35563
194.5341	908.0	225.0	176.0	0.49554962	206732.34	35563
78.23719	475.75	150.75	190.125	0.49554962	206732.34	35563
96.248276	325.5	116.125	74.375	0.49554962	206732.34	35563
95.70985	472.25	114.5	203.0	0.49554962	206732.34	35563
200.97702	571.5	156.75	141.25	0.49554962	206732.34	35563
233.98843	338.0	94.375	130.375	-0.49554962	206732.34	35563
61.487286	398.0	126.0625	177.125	-0.49554962	206732.34	35563
207.51712	226.625	99.9375	88.1875	0.49554962	206732.34	35563
222.27246	316.5	76.6875	145.5	-0.49554962	206732.34	35563
178.95398	324.0	104.6875	9.15625	0.49554962	206732.34	35563
136.96356	424.25	77.9375	123.8125	0.49554962	206732.34	35563
247.06673	486.0	151.75	187.75	-0.49554962	206732.34	35563
188.69836	367.75	55.84375	134.125	-0.49554962	206732.34	35563
110.089386	437.75	170.5	172.125	0.49554962	206732.34	35563
193.73923	422.75	68.1875	115.125	0.49554962	206732.34	35563
117.25925	401.75	74.3125	187.875	0.49554962	206732.34	35563
253.05376	233.0	126.875	94.0625	-0.49554962	206732.34	35563
270.16443	555.0	116.875	140.0	-0.49554962	206732.34	35563
130.14246	315.75	110.1875	101.375	0.49554962	206732.34	35563
137.88226	506.25	114.25	152.125	0.49554962	206732.34	35563
645.7789	904.5	65.625	183.0	0.49554962	206732.34	35563
275.97675	421.0	81.375	180.375	-0.49554962	206732.34	35563
173.38087	330.0	130.125	138.375	-0.49554962	206732.34	35563
219.66191	561.5	79.0	144.375	0.49554962	206732.34	35563
