lep_pt	AK8_pt	H_t	AK4_pt	t32	Msd	genWeights	sumWeight	N_exp
160.88693	544.5	65.3125	65.3125	0.6886719	138.0	0.49554962	193245.5	35563
288.21948	208.625	65.75	65.75	0.7830688	89.9375	0.49554962	193245.5	35563
182.0657	265.0	290.75	151.375	0.787555	118.9375	0.49554962	193245.5	35563
61.636677	425.25	318.09375	173.375	0.6967485	174.75	0.49554962	193245.5	35563
138.72992	266.75	232.51562	50.09375	0.48798078	105.375	-0.49554962	193245.5	35563
109.60712	236.25	41.75	41.75	0.8165345	84.3125	-0.49554962	193245.5	35563
198.26306	377.75	137.28125	84.0	0.4470534	189.375	0.49554962	193245.5	35563
107.42235	473.75	37.78125	37.78125	0.6930362	132.375	0.49554962	193245.5	35563
347.3837	563.0	115.75	61.8125	0.71955556	165.125	0.49554962	193245.5	35563
404.87637	1268.0	30.78125	30.78125	0.6536	187.75	0.49554962	193245.5	35563
96.94509	254.75	135.75	135.75	0.9201717	119.625	0.49554962	193245.5	35563
90.936195	353.25	87.8125	87.8125	0.4376644	151.875	-0.49554962	193245.5	35563
177.54962	511.75	136.0	136.0	0.57618654	170.5	0.49554962	193245.5	35563
93.955185	432.5	114.5	114.5	0.78341585	5.5742188	0.49554962	193245.5	35563
653.4589	906.5	388.75	270.0	0.48241502	376.75	-0.49554962	193245.5	35563
388.7101	409.25	212.78125	94.5	0.33003953	148.5	0.49554962	193245.5	35563
314.3871	437.25	181.75	96.3125	0.6207881	165.25	0.49554962	193245.5	35563
306.56964	268.25	150.84375	121.1875	0.8169324	85.75	0.49554962	193245.5	35563
158.8022	217.875	169.65625	80.875	0.5065514	99.625	-0.49554962	193245.5	35563
149.69026	383.25	90.25	90.25	0.6563591	124.1875	-0.49554962	193245.5	35563
139.52626	296.5	101.625	101.625	0.6804734	96.125	-0.49554962	193245.5	35563
282.11185	377.75	161.21875	101.0625	0.832079	114.5625	0.49554962	193245.5	35563
108.03566	255.125	215.90625	124.375	0.71428573	89.75	0.49554962	193245.5	35563
77.27575	228.0	133.6875	107.125	0.68467474	15.2734375	0.49554962	193245.5	35563
302.24026	518.5	188.96875	134.875	0.77096117	153.0	-0.49554962	193245.5	35563
228.00053	262.0	120.125	120.125	0.7619048	96.25	0.49554962	193245.5	35563
302.4099	243.5	101.6875	67.5	0.51447874	97.625	0.49554962	193245.5	35563
221.22203	370.5	95.25	48.125	0.69132483	161.125	0.49554962	193245.5	35563
53.329308	276.25	63.71875	63.71875	0.7532467	110.0625	0.49554962	193245.5	35563
159.78792	419.0	126.25	126.25	0.3069335	168.375	0.49554962	193245.5	35563
249.04433	443.5	75.25	75.25	0.562323	164.375	0.49554962	193245.5	35563
224.81567	323.75	223.25	119.0	0.475	135.25	0.49554962	193245.5	35563
75.45654	211.875	119.125	71.5625	0.67083335	86.3125	0.49554962	193245.5	35563
72.03555	417.25	108.421875	79.6875	0.45594126	177.25	0.49554962	193245.5	35563
76.03917	277.5	105.875	105.875	0.8239084	88.875	0.49554962	193245.5	35563
169.46436	281.25	68.875	68.875	0.5556144	115.875	0.49554962	193245.5	35563
168.98308	331.0	43.125	43.125	0.9231302	128.25	0.49554962	193245.5	35563
161.8739	550.0	25.84375	25.84375	0.76327866	157.625	0.49554962	193245.5	35563
275.69647	479.0	233.375	139.125	0.65321374	191.625	0.49554962	193245.5	35563
520.2184	759.5	113.046875	87.25	0.5012854	169.125	-0.49554962	193245.5	35563
111.438835	263.5	122.90625	90.0625	0.51673496	109.5	0.49554962	193245.5	35563
346.91934	232.875	232.1875	136.75	0.632874	84.1875	0.49554962	193245.5	35563
297.1276	460.0	150.625	150.625	0.9347235	181.875	-0.49554962	193245.5	35563
116.461174	338.5	65.9375	65.9375	0.76806724	90.0625	-0.49554962	193245.5	35563
245.54073	316.25	29.65625	29.65625	0.4986339	143.125	0.49554962	193245.5	35563
178.26593	497.75	103.0	103.0	0.57746476	165.25	0.49554962	193245.5	35563
73.66456	306.75	115.671875	88.25	0.5917746	104.5	0.49554962	193245.5	35563
95.26732	251.625	61.265625	31.0	0.669237	123.125	-0.49554962	193245.5	35563
542.3428	732.5	81.75	81.75	0.6295637	154.5	0.49554962	193245.5	35563
225.11917	434.25	111.4375	111.4375	0.4100237	163.75	-0.49554962	193245.5	35563
146.83217	453.0	154.0625	123.6875	0.52158487	180.25	0.49554962	193245.5	35563
182.5205	370.0	119.0	119.0	0.31568998	175.125	0.49554962	193245.5	35563
303.64917	453.5	36.75	36.75	0.69528794	7.96875	0.49554962	193245.5	35563
506.55878	790.5	66.5625	66.5625	0.3490427	92.125	-0.49554962	193245.5	35563
66.13467	261.75	97.75	97.75	0.30200946	110.5625	0.49554962	193245.5	35563
47.18878	422.5	132.0	132.0	0.8738004	95.4375	-0.49554962	193245.5	35563
113.39893	297.0	69.3125	69.3125	0.46461126	113.8125	-0.49554962	193245.5	35563
288.0778	434.25	77.484375	50.90625	0.506917	166.875	0.49554962	193245.5	35563
192.75436	505.0	117.5625	117.5625	0.76073617	142.5	-0.49554962	193245.5	35563
335.70728	267.5	64.875	64.875	0.56962025	104.25	0.49554962	193245.5	35563
133.1289	302.5	56.625	56.625	0.80037487	112.9375	0.49554962	193245.5	35563
390.88406	468.75	196.8125	131.125	0.56798244	135.75	-0.49554962	193245.5	35563
100.92226	204.875	94.6875	94.6875	0.586722	80.0	0.49554962	193245.5	35563
51.19019	351.0	108.609375	78.3125	0.7999117	142.75	-0.49554962	193245.5	35563
159.64618	269.25	130.78125	102.0	0.70187795	84.9375	0.49554962	193245.5	35563
173.69893	238.25	131.25	67.25	0.73696685	94.25	0.49554962	193245.5	35563
97.47165	298.25	112.78125	57.65625	0.41012397	123.375	-0.49554962	193245.5	35563
117.76852	261.5	190.5	116.5	0.6152987	106.625	0.49554962	193245.5	35563
235.90143	400.25	121.09375	85.125	0.52014434	144.0	0.49554962	193245.5	35563
119.51461	399.0	167.5	167.5	0.7378486	141.25	0.49554962	193245.5	35563
229.67378	290.5	132.1875	69.4375	0.59694916	157.375	-0.49554962	193245.5	35563
188.36166	213.125	98.9375	98.9375	0.8223872	67.75	0.49554962	193245.5	35563
76.09432	403.0	101.625	101.625	0.83733827	154.625	0.49554962	193245.5	35563
323.6716	344.5	118.5625	118.5625	0.3162516	162.75	-0.49554962	193245.5	35563
98.53424	297.5	144.625	144.625	0.71857923	140.125	0.49554962	193245.5	35563
288.03406	762.0	47.1875	47.1875	0.50798297	163.5	0.49554962	193245.5	35563
105.661736	580.0	92.25	92.25	0.40130153	195.0	0.49554962	193245.5	35563
151.48396	458.75	32.59375	32.59375	0.47049442	179.0	0.49554962	193245.5	35563
247.4711	523.0	74.0625	74.0625	0.48172125	178.25	0.49554962	193245.5	35563
214.52605	673.0	51.21875	51.21875	0.67775834	127.125	-0.49554962	193245.5	35563
413.5696	687.0	47.21875	47.21875	0.6818766	74.9375	0.49554962	193245.5	35563
103.962524	433.25	142.75	115.9375	0.91039205	144.5	0.49554962	193245.5	35563
220.53578	339.0	82.8125	82.8125	0.39161393	118.875	0.49554962	193245.5	35563
115.546585	524.5	105.9375	105.9375	0.4255247	168.375	-0.49554962	193245.5	35563
391.05072	565.5	182.625	111.5	0.8864027	154.0	-0.49554962	193245.5	35563
123.994965	419.25	129.0	129.0	0.53481334	190.875	-0.49554962	193245.5	35563
227.13524	272.75	92.625	92.625	0.71315265	125.8125	0.49554962	193245.5	35563
112.770996	1029.0	337.09375	112.0	0.3773585	185.375	0.49554962	193245.5	35563
206.30746	329.0	165.25	136.375	0.33751205	155.25	-0.49554962	193245.5	35563
189.47063	524.0	144.76562	115.25	0.31700233	165.75	0.49554962	193245.5	35563
247.58495	493.75	202.0625	139.25	0.52797204	203.125	0.49554962	193245.5	35563
112.60398	352.5	108.5625	108.5625	0.86959136	20.890625	0.49554962	193245.5	35563
142.4345	427.0	76.9375	76.9375	0.36969697	189.25	0.49554962	193245.5	35563
262.5448	872.5	45.34375	45.34375	0.40851364	173.0	0.49554962	193245.5	35563
112.62165	355.25	141.0	141.0	0.26751152	163.25	0.49554962	193245.5	35563
550.39545	553.5	61.5	61.5	0.57742536	181.875	-0.49554962	193245.5	35563
137.07507	365.0	80.5625	80.5625	0.49464735	129.25	0.49554962	193245.5	35563
85.6109	234.5	63.8125	63.8125	0.8418194	73.5625	0.49554962	193245.5	35563
355.78967	335.75	41.53125	41.53125	0.41330168	112.125	-0.49554962	193245.5	35563
58.5879	262.0	257.125	120.6875	0.5292851	118.0625	0.49554962	193245.5	35563
219.52577	462.0	143.75	143.75	0.43443283	193.875	0.49554962	193245.5	35563
280.61658	731.0	155.96875	64.5	0.6083499	167.0	-0.49554962	193245.5	35563
276.10486	666.0	46.375	46.375	0.48535421	179.75	0.49554962	193245.5	35563
169.49446	465.0	78.6875	78.6875	0.836887	147.625	0.49554962	193245.5	35563
62.9343	415.75	80.0	80.0	0.58300656	149.25	-0.49554962	193245.5	35563
163.17386	246.75	120.9375	120.9375	0.8235294	89.25	0.49554962	193245.5	35563
212.99068	890.5	25.203125	25.203125	0.28099677	181.125	0.49554962	193245.5	35563
319.75488	587.0	172.8125	123.3125	0.30846268	162.25	0.49554962	193245.5	35563
232.43304	348.75	107.4375	55.6875	0.5980344	148.5	0.49554962	193245.5	35563
250.10014	362.0	237.17188	163.875	0.5244783	172.125	0.49554962	193245.5	35563
172.53226	329.75	161.625	104.9375	0.49129593	152.625	0.49554962	193245.5	35563
286.43774	435.0	160.625	110.3125	0.5377726	169.0	-0.49554962	193245.5	35563
218.1633	745.0	93.75	93.75	0.6631579	283.5	0.49554962	193245.5	35563
291.26657	442.0	116.375	63.6875	0.6161565	182.125	0.49554962	193245.5	35563
207.7849	400.0	82.9375	82.9375	0.535299	176.875	0.49554962	193245.5	35563
115.52953	530.5	120.0625	68.625	0.6094961	225.0	0.49554962	193245.5	35563
231.55681	834.5	109.1875	109.1875	0.58300394	193.625	0.49554962	193245.5	35563
474.80173	955.0	122.875	122.875	0.4105776	185.625	0.49554962	193245.5	35563
79.64957	509.5	117.03125	70.4375	0.53655106	87.9375	0.49554962	193245.5	35563
52.66239	258.0	247.0625	143.75	0.82733816	112.5625	0.49554962	193245.5	35563
92.70387	338.0	105.5625	105.5625	0.55322003	117.3125	0.49554962	193245.5	35563
98.488464	346.75	79.3125	79.3125	0.88273317	109.375	0.49554962	193245.5	35563
259.13962	406.75	173.625	173.625	0.70891005	111.1875	0.49554962	193245.5	35563
105.62247	427.5	110.125	110.125	0.56290776	178.125	0.49554962	193245.5	35563
81.80856	351.25	40.03125	40.03125	0.46899697	130.375	0.49554962	193245.5	35563
198.80225	454.0	242.1875	120.4375	0.6800226	166.625	0.49554962	193245.5	35563
193.19467	552.5	143.0	143.0	0.67483944	149.0	0.49554962	193245.5	35563
176.64453	428.5	34.71875	34.71875	0.6010467	200.25	-0.49554962	193245.5	35563
106.449234	454.0	25.6875	25.6875	0.880988	114.3125	-0.49554962	193245.5	35563
110.83215	293.0	114.0625	114.0625	0.79131055	24.15625	-0.49554962	193245.5	35563
96.97844	338.75	75.96875	46.46875	0.7632911	102.25	0.49554962	193245.5	35563
380.98596	353.0	225.0625	120.4375	0.34885016	164.125	0.49554962	193245.5	35563
46.70966	402.0	169.28125	67.125	0.49955437	86.8125	0.49554962	193245.5	35563
190.12599	387.0	144.04688	117.5625	0.5539873	134.25	0.49554962	193245.5	35563
95.62509	397.5	92.0	92.0	0.85489833	94.5625	0.49554962	193245.5	35563
149.298	494.25	277.125	162.5	0.8086371	169.5	0.49554962	193245.5	35563
198.4654	360.75	94.0625	94.0625	0.67686236	79.375	0.49554962	193245.5	35563
93.79948	332.5	116.5	116.5	0.58022636	110.125	0.49554962	193245.5	35563
311.1192	359.5	25.734375	25.734375	0.7140496	153.625	-0.49554962	193245.5	35563
98.54574	349.5	375.375	137.5	0.44076923	137.875	0.49554962	193245.5	35563
423.47794	472.75	38.5625	38.5625	0.38787454	167.25	-0.49554962	193245.5	35563
277.3648	451.5	132.125	132.125	0.65591395	139.25	0.49554962	193245.5	35563
187.66919	478.0	60.28125	60.28125	0.5230126	140.375	0.49554962	193245.5	35563
168.27547	455.5	120.625	120.625	0.6957033	192.875	-0.49554962	193245.5	35563
277.24	465.5	64.484375	32.9375	0.5936849	98.25	0.49554962	193245.5	35563
203.80511	455.0	80.0625	80.0625	0.70033896	173.125	0.49554962	193245.5	35563
222.91557	563.5	93.75	93.75	0.53924286	78.125	0.49554962	193245.5	35563
240.71846	684.5	83.53125	49.75	0.6333333	55.09375	0.49554962	193245.5	35563
74.34642	275.0	112.5625	57.5625	0.6376323	113.4375	-0.49554962	193245.5	35563
99.767815	419.75	171.5625	101.6875	0.36668718	183.875	-0.49554962	193245.5	35563
155.44894	293.25	173.6875	108.375	0.8652983	121.8125	0.49554962	193245.5	35563
208.95692	343.0	169.53125	127.3125	0.67964894	148.375	0.49554962	193245.5	35563
236.21175	406.5	162.78125	133.625	0.8216019	128.5	0.49554962	193245.5	35563
33.937317	264.5	51.5625	51.5625	0.87259614	97.5	0.49554962	193245.5	35563
91.994484	240.125	71.890625	42.4375	0.6200163	105.25	0.49554962	193245.5	35563
277.29172	735.5	78.5	78.5	0.5922619	97.9375	0.49554962	193245.5	35563
118.15725	345.75	102.875	102.875	0.60466987	172.75	-0.49554962	193245.5	35563
216.34236	381.75	154.375	154.375	0.67708844	110.0625	0.49554962	193245.5	35563
244.7051	259.75	66.3125	66.3125	0.8209549	98.375	0.49554962	193245.5	35563
176.83174	469.0	56.46875	56.46875	0.2937034	146.0	-0.49554962	193245.5	35563
144.32663	366.5	174.71875	124.3125	0.7311321	116.9375	0.49554962	193245.5	35563
90.36223	205.375	45.125	45.125	0.89487404	66.875	-0.49554962	193245.5	35563
84.7885	405.75	159.75	159.75	0.7089298	180.625	0.49554962	193245.5	35563
74.453964	316.5	175.07812	77.875	0.677814	152.375	-0.49554962	193245.5	35563
673.1319	637.5	177.625	177.625	0.60319316	301.75	0.49554962	193245.5	35563
343.41592	573.5	173.21875	123.5	0.3056976	160.625	0.49554962	193245.5	35563
308.88388	698.0	237.125	135.625	0.34820426	171.25	0.49554962	193245.5	35563
141.07494	230.875	77.125	77.125	0.9154721	95.0	-0.49554962	193245.5	35563
177.01622	452.0	73.8125	73.8125	0.6410758	184.125	-0.49554962	193245.5	35563
189.09363	210.125	92.09375	48.09375	0.7211234	90.3125	-0.49554962	193245.5	35563
293.4593	350.5	233.45312	158.875	0.68024516	161.375	-0.49554962	193245.5	35563
176.30669	610.0	86.4375	86.4375	0.7971342	66.6875	0.49554962	193245.5	35563
185.40688	667.0	129.875	129.875	0.71639043	126.6875	0.49554962	193245.5	35563
71.84675	255.625	95.8125	95.8125	0.86079544	85.25	-0.49554962	193245.5	35563
112.24077	282.0	199.75	109.8125	0.8789474	118.5625	0.49554962	193245.5	35563
194.90605	299.25	200.125	109.375	0.57256556	126.5	-0.49554962	193245.5	35563
94.189285	305.5	69.9375	69.9375	0.3002381	135.0	-0.49554962	193245.5	35563
101.85655	273.5	180.6875	121.0	0.78975534	124.9375	0.49554962	193245.5	35563
220.84438	236.5	101.1875	101.1875	0.8856576	93.625	0.49554962	193245.5	35563
478.47043	392.0	190.6875	124.1875	0.43743286	155.25	0.49554962	193245.5	35563
114.70045	260.5	223.375	111.6875	0.73968786	102.0625	0.49554962	193245.5	35563
284.79483	281.0	104.8125	53.8125	0.5482104	105.125	0.49554962	193245.5	35563
77.995285	335.5	119.5625	119.5625	0.57282555	163.875	0.49554962	193245.5	35563
189.0146	310.25	58.015625	32.96875	0.84304935	129.0	0.49554962	193245.5	35563
100.40979	423.25	85.9375	85.9375	0.583649	150.5	0.49554962	193245.5	35563
88.902176	272.0	158.5	158.5	0.8090413	119.5	-0.49554962	193245.5	35563
195.4411	349.25	264.0	136.75	0.76003915	144.125	-0.49554962	193245.5	35563
241.57584	495.0	216.8125	120.0625	0.79513186	154.0	0.49554962	193245.5	35563
170.54129	588.5	107.625	107.625	0.5696747	167.0	0.49554962	193245.5	35563
128.86215	250.5	109.0	109.0	0.6979239	120.3125	0.49554962	193245.5	35563
144.88434	261.0	163.34375	62.375	0.63917524	99.1875	-0.49554962	193245.5	35563
254.01973	325.5	247.75	219.375	0.5217391	135.75	0.49554962	193245.5	35563
241.52179	440.25	112.3125	112.3125	0.2795421	172.875	0.49554962	193245.5	35563
53.67415	362.75	179.39062	120.75	0.6412429	151.25	-0.49554962	193245.5	35563
277.4623	386.75	206.34375	151.125	0.7153979	171.0	0.49554962	193245.5	35563
215.42618	554.0	107.75	107.75	0.5289735	171.75	0.49554962	193245.5	35563
300.3452	545.0	215.3125	129.75	0.39631337	175.625	0.49554962	193245.5	35563
256.16016	312.5	250.65625	79.125	0.5061659	124.3125	-0.49554962	193245.5	35563
93.636345	696.0	281.29688	254.125	0.81518817	295.75	0.49554962	193245.5	35563
79.60587	243.75	65.5	65.5	0.5424628	112.875	0.49554962	193245.5	35563
113.51029	388.75	42.15625	42.15625	0.7978636	112.625	-0.49554962	193245.5	35563
115.73871	338.5	214.4375	118.6875	0.5201989	155.0	-0.49554962	193245.5	35563
93.57087	214.75	92.15625	52.15625	0.8889384	88.25	0.49554962	193245.5	35563
151.44063	303.0	84.59375	44.15625	0.51792115	124.75	0.49554962	193245.5	35563
147.67877	365.25	311.75	121.75	0.525119	166.75	-0.49554962	193245.5	35563
150.17996	290.75	122.90625	83.4375	0.7740642	108.3125	-0.49554962	193245.5	35563
116.91687	480.75	42.96875	42.96875	0.29003215	172.75	0.49554962	193245.5	35563
106.63723	407.0	103.75	103.75	0.7327511	158.625	0.49554962	193245.5	35563
292.3695	464.25	275.875	138.375	0.6473045	175.625	0.49554962	193245.5	35563
249.92006	468.75	73.0625	73.0625	0.56100553	143.25	-0.49554962	193245.5	35563
214.60204	635.0	133.45312	55.4375	0.4707228	147.625	-0.49554962	193245.5	35563
94.606415	223.875	34.59375	34.59375	0.754395	80.25	0.49554962	193245.5	35563
214.2617	333.5	262.0625	95.0	0.6106397	129.75	0.49554962	193245.5	35563
84.586266	290.25	93.5625	93.5625	0.7988964	114.875	0.49554962	193245.5	35563
71.45137	201.75	155.84375	92.4375	0.81754994	87.4375	0.49554962	193245.5	35563
52.70973	411.75	108.65625	68.5	0.5347349	79.0	-0.49554962	193245.5	35563
374.67508	538.5	154.15625	89.25	0.6001933	152.875	-0.49554962	193245.5	35563
174.63557	250.375	121.1875	121.1875	0.8328336	73.1875	0.49554962	193245.5	35563
154.18105	616.0	233.28125	137.875	0.6195383	180.875	0.49554962	193245.5	35563
551.7411	471.0	59.9375	59.9375	0.6219449	74.6875	0.49554962	193245.5	35563
139.15884	278.25	103.75	68.3125	0.5938389	128.625	0.49554962	193245.5	35563
217.90811	316.25	40.21875	40.21875	0.6950379	125.625	0.49554962	193245.5	35563
343.64838	672.5	71.125	71.125	0.6082397	196.625	0.49554962	193245.5	35563
75.038765	305.25	172.875	101.875	0.6501253	124.8125	0.49554962	193245.5	35563
73.32146	793.0	338.10938	253.5	0.5441941	305.25	0.49554962	193245.5	35563
96.46021	408.5	41.40625	41.40625	0.85282815	145.125	0.49554962	193245.5	35563
158.42278	372.25	61.75	61.75	0.5864789	124.1875	0.49554962	193245.5	35563
126.03322	235.125	122.75	80.5	0.60444444	99.625	-0.49554962	193245.5	35563
82.43678	387.75	57.53125	57.53125	0.7058824	157.75	0.49554962	193245.5	35563
109.5119	205.5	55.09375	55.09375	0.75624526	84.4375	-0.49554962	193245.5	35563
232.60626	369.75	63.15625	63.15625	0.80244315	123.8125	-0.49554962	193245.5	35563
229.77979	618.0	86.8125	86.8125	0.49357036	187.875	-0.49554962	193245.5	35563
112.712616	253.5	126.0	67.75	0.78208953	108.4375	0.49554962	193245.5	35563
145.22505	462.5	154.5	90.0625	0.48218623	138.5	0.49554962	193245.5	35563
183.47772	263.75	36.5625	36.5625	0.7388605	114.875	0.49554962	193245.5	35563
357.46344	476.25	191.53125	134.375	0.32672727	181.25	0.49554962	193245.5	35563
122.06417	507.75	157.0	157.0	0.2886224	171.75	0.49554962	193245.5	35563
149.02522	410.5	146.25	96.5	0.6245211	198.875	-0.49554962	193245.5	35563
219.90575	738.0	66.75	66.75	0.29083017	175.375	0.49554962	193245.5	35563
139.0614	272.25	122.875	122.875	0.9035346	83.75	0.49554962	193245.5	35563
184.46834	236.25	71.6875	71.6875	0.6883378	97.9375	-0.49554962	193245.5	35563
427.49973	648.0	26.703125	26.703125	0.7410072	136.375	-0.49554962	193245.5	35563
136.20177	291.0	47.96875	47.96875	0.6665348	103.1875	0.49554962	193245.5	35563
198.24054	413.0	241.71875	140.25	0.4344386	183.625	0.49554962	193245.5	35563
203.94931	254.25	36.46875	36.46875	0.92633927	92.0625	0.49554962	193245.5	35563
144.03265	433.5	27.9375	27.9375	0.72805506	79.5	-0.49554962	193245.5	35563
352.2467	404.5	121.59375	84.125	0.5812245	184.875	0.49554962	193245.5	35563
51.870907	319.25	227.4375	137.75	0.2850877	91.8125	0.49554962	193245.5	35563
228.99025	547.0	169.5	169.5	0.715103	188.375	0.49554962	193245.5	35563
61.753628	330.25	204.8125	147.75	0.57167834	93.0625	0.49554962	193245.5	35563
217.48773	310.0	133.17188	67.8125	0.69855255	112.5	0.49554962	193245.5	35563
176.36404	322.5	125.375	125.375	0.5096308	111.0	-0.49554962	193245.5	35563
122.524506	466.25	103.03125	70.875	0.5900685	121.4375	-0.49554962	193245.5	35563
220.06828	346.0	30.203125	30.203125	0.7363861	108.8125	-0.49554962	193245.5	35563
107.29212	223.375	88.875	88.875	0.5649318	94.6875	0.49554962	193245.5	35563
92.50885	324.75	126.15625	85.25	0.62068963	128.875	0.49554962	193245.5	35563
114.94263	381.5	272.78125	133.0	0.8292337	150.625	0.49554962	193245.5	35563
242.92458	259.0	123.6875	123.6875	0.732852	86.0625	0.49554962	193245.5	35563
169.7453	521.5	44.03125	44.03125	0.65967155	143.625	0.49554962	193245.5	35563
142.922	314.5	87.5	52.0	0.59546924	103.0625	0.49554962	193245.5	35563
239.03697	376.5	59.8125	59.8125	0.6541228	109.875	0.49554962	193245.5	35563
87.14086	341.75	166.3125	139.5	0.7605918	128.625	0.49554962	193245.5	35563
153.3108	322.0	64.3125	35.71875	0.5142349	94.75	0.49554962	193245.5	35563
89.62198	424.75	88.875	58.21875	0.52969044	88.375	0.49554962	193245.5	35563
145.93834	463.75	32.3125	32.3125	0.8292391	138.5	0.49554962	193245.5	35563
82.00641	641.0	142.125	142.125	0.38979682	199.875	-0.49554962	193245.5	35563
63.150078	378.5	124.75	124.75	0.7122208	151.375	-0.49554962	193245.5	35563
74.259155	345.75	73.90625	46.34375	0.8151094	132.375	0.49554962	193245.5	35563
421.3077	581.0	93.84375	61.40625	0.87746173	187.0	0.49554962	193245.5	35563
485.78427	1023.0	36.25	36.25	0.73976225	297.75	0.49554962	193245.5	35563
306.98413	466.5	103.375	103.375	0.31126174	183.5	0.49554962	193245.5	35563
45.000446	589.5	232.875	118.0	0.58246934	164.875	0.49554962	193245.5	35563
445.50565	515.5	157.21875	109.6875	0.46133828	188.625	-0.49554962	193245.5	35563
134.10396	421.75	156.25	156.25	0.65865386	168.0	0.49554962	193245.5	35563
396.33643	506.5	253.875	143.875	0.4327957	153.875	0.49554962	193245.5	35563
72.06557	458.5	67.0	67.0	0.6269127	152.875	-0.49554962	193245.5	35563
98.65301	220.0	250.3125	137.0	0.6726404	87.375	0.49554962	193245.5	35563
204.66187	543.0	163.5	122.625	0.67836964	148.75	0.49554962	193245.5	35563
163.22627	446.25	36.5	36.5	0.6005007	145.75	0.49554962	193245.5	35563
132.85605	412.75	186.98438	94.8125	0.30561736	171.0	0.49554962	193245.5	35563
584.1264	1070.0	63.90625	63.90625	0.42177722	184.75	0.49554962	193245.5	35563
133.23253	393.5	60.5625	60.5625	0.5331345	177.75	-0.49554962	193245.5	35563
143.90572	593.0	51.875	51.875	0.7340425	170.0	0.49554962	193245.5	35563
273.58533	389.5	114.8125	114.8125	0.7629428	105.9375	0.49554962	193245.5	35563
236.15979	545.5	53.96875	53.96875	0.49623546	163.25	-0.49554962	193245.5	35563
115.39183	248.25	160.9375	126.9375	0.82439446	90.1875	0.49554962	193245.5	35563
55.677414	419.0	29.84375	29.84375	0.6620776	180.625	-0.49554962	193245.5	35563
382.18753	409.75	110.84375	78.5625	0.44793928	157.0	0.49554962	193245.5	35563
354.5378	367.25	201.5625	103.625	0.760642	130.0	-0.49554962	193245.5	35563
166.37163	486.0	55.03125	55.03125	0.7983491	6.2929688	0.49554962	193245.5	35563
188.45377	431.5	56.84375	56.84375	0.49889013	173.75	0.49554962	193245.5	35563
198.74542	329.5	135.25	135.25	0.829463	124.5625	0.49554962	193245.5	35563
132.28937	507.5	141.625	141.625	0.7054441	186.75	-0.49554962	193245.5	35563
243.15494	568.5	56.75	56.75	0.57511926	123.0	-0.49554962	193245.5	35563
67.73539	863.0	142.78125	92.625	0.7617781	80.875	0.49554962	193245.5	35563
165.50513	359.0	122.125	80.625	0.81728536	93.1875	-0.49554962	193245.5	35563
658.25586	1008.5	167.375	90.8125	0.48031497	179.75	0.49554962	193245.5	35563
256.68912	1137.0	88.1875	88.1875	0.68307966	1.8686056e-05	0.49554962	193245.5	35563
263.15594	880.0	120.03125	75.5	0.4868421	207.25	0.49554962	193245.5	35563
125.270935	392.75	254.71875	149.25	0.6885475	94.1875	0.49554962	193245.5	35563
264.3371	236.5	119.9375	119.9375	0.87109005	103.375	0.49554962	193245.5	35563
114.4636	476.25	58.75	58.75	0.68200666	160.625	-0.49554962	193245.5	35563
165.81729	335.75	229.8125	104.8125	0.612013	124.6875	0.49554962	193245.5	35563
373.82462	957.0	187.9375	138.125	0.56561464	194.75	0.49554962	193245.5	35563
114.51312	345.75	159.54688	73.6875	0.6031746	97.9375	-0.49554962	193245.5	35563
220.09454	320.5	56.9375	56.9375	0.67595947	166.375	0.49554962	193245.5	35563
235.78311	497.0	123.9375	123.9375	0.6492366	83.625	0.49554962	193245.5	35563
81.29601	287.75	149.75	99.875	0.6747118	116.8125	-0.49554962	193245.5	35563
259.17017	399.75	138.75	69.6875	0.3282353	156.625	0.49554962	193245.5	35563
53.64703	337.25	186.07812	155.5	0.5321782	137.75	0.49554962	193245.5	35563
67.37706	363.5	322.625	177.875	0.42073733	190.0	0.49554962	193245.5	35563
155.39633	274.75	65.0	65.0	0.7262074	65.75	0.49554962	193245.5	35563
97.78211	279.0	120.96875	93.625	0.5948884	106.9375	0.49554962	193245.5	35563
269.02948	368.75	222.9375	129.375	0.37255996	172.75	0.49554962	193245.5	35563
72.51271	218.125	137.5625	76.4375	0.63249516	91.875	0.49554962	193245.5	35563
196.52074	493.0	110.0625	110.0625	0.46259186	161.0	0.49554962	193245.5	35563
405.63608	391.75	187.6875	114.25	0.22145669	147.0	0.49554962	193245.5	35563
173.164	355.5	28.21875	28.21875	0.88135594	122.9375	0.49554962	193245.5	35563
146.93208	336.75	142.53125	117.125	0.512275	134.0	0.49554962	193245.5	35563
160.67097	268.0	65.0625	65.0625	0.7323151	125.9375	0.49554962	193245.5	35563
254.3833	597.0	50.8125	50.8125	0.7376884	125.3125	0.49554962	193245.5	35563
90.66147	445.75	168.875	168.875	0.85424787	152.0	0.49554962	193245.5	35563
177.06291	578.0	84.375	84.375	0.47306398	196.75	-0.49554962	193245.5	35563
270.89252	282.75	54.03125	54.03125	0.4044586	117.5625	-0.49554962	193245.5	35563
63.54041	203.0	172.625	101.8125	0.8253425	73.375	0.49554962	193245.5	35563
74.48686	243.625	113.3125	113.3125	0.6379163	123.4375	0.49554962	193245.5	35563
141.5159	238.875	86.8125	86.8125	0.64705884	109.9375	-0.49554962	193245.5	35563
125.63841	305.25	26.84375	26.84375	0.86374897	104.8125	0.49554962	193245.5	35563
199.2513	798.0	45.78125	45.78125	0.6829419	78.8125	0.49554962	193245.5	35563
195.05229	220.75	67.703125	40.6875	0.8152789	82.25	0.49554962	193245.5	35563
239.57822	725.0	81.6875	81.6875	0.5025929	184.5	0.49554962	193245.5	35563
191.12177	240.375	136.14062	109.4375	0.54811203	106.0625	0.49554962	193245.5	35563
168.39587	426.5	50.40625	50.40625	0.61471665	124.4375	-0.49554962	193245.5	35563
218.25447	295.75	97.0625	97.0625	0.7092372	118.375	0.49554962	193245.5	35563
138.0453	213.0	107.890625	77.125	0.49902216	101.1875	0.49554962	193245.5	35563
34.454254	318.75	41.8125	41.8125	0.53009915	111.5625	-0.49554962	193245.5	35563
87.10517	296.75	372.28125	120.75	0.49212962	144.0	0.49554962	193245.5	35563
188.19803	517.5	259.0	130.125	0.59990346	116.6875	0.49554962	193245.5	35563
207.83936	238.375	120.4375	120.4375	0.7808399	78.5625	-0.49554962	193245.5	35563
106.386	410.25	100.125	100.125	0.87519747	2.5722656	-0.49554962	193245.5	35563
214.61256	488.0	63.375	63.375	0.84117645	106.375	-0.49554962	193245.5	35563
65.98025	471.0	163.98438	136.0	0.80117303	40.5625	0.49554962	193245.5	35563
255.16197	220.625	40.21875	40.21875	0.76600283	115.3125	0.49554962	193245.5	35563
122.04351	390.5	101.21875	65.125	0.8727273	102.5625	0.49554962	193245.5	35563
184.23758	434.25	143.34375	112.9375	0.52229965	82.75	0.49554962	193245.5	35563
324.69366	438.75	155.375	155.375	0.58666664	179.0	0.49554962	193245.5	35563
168.60855	425.25	80.4375	80.4375	0.4680511	104.875	0.49554962	193245.5	35563
93.94834	357.5	281.54688	135.75	0.2548974	166.875	0.49554962	193245.5	35563
252.15465	387.75	97.375	97.375	0.81873316	94.875	0.49554962	193245.5	35563
70.01703	382.75	96.0625	67.125	0.32324302	131.25	0.49554962	193245.5	35563
81.225525	295.25	189.3125	98.8125	0.5196319	123.0625	0.49554962	193245.5	35563
98.294235	211.625	39.21875	39.21875	0.59565216	109.375	-0.49554962	193245.5	35563
258.71207	402.5	87.5	87.5	0.78559273	114.9375	0.49554962	193245.5	35563
227.15123	414.75	204.75	141.5	0.6302041	177.625	0.49554962	193245.5	35563
420.35574	318.5	183.15625	108.1875	0.50367826	84.0	-0.49554962	193245.5	35563
103.10236	438.25	174.8125	142.0	0.89971346	158.875	0.49554962	193245.5	35563
70.53158	238.375	151.1875	86.375	0.47445974	111.875	-0.49554962	193245.5	35563
119.97069	371.75	164.0625	93.0625	0.40036014	125.3125	-0.49554962	193245.5	35563
144.37296	324.25	171.9375	112.5625	0.7757705	148.0	0.49554962	193245.5	35563
80.85182	421.75	90.9375	90.9375	0.41186216	162.625	0.49554962	193245.5	35563
246.66072	712.5	26.078125	26.078125	0.5728208	177.0	-0.49554962	193245.5	35563
148.45749	247.875	95.1875	95.1875	0.62762386	118.625	0.49554962	193245.5	35563
539.6623	440.25	120.703125	95.4375	0.5057915	174.25	0.49554962	193245.5	35563
640.60187	1189.0	161.51562	134.125	0.65477943	337.25	0.49554962	193245.5	35563
88.42949	368.75	159.46875	93.1875	0.38542545	164.125	0.49554962	193245.5	35563
376.0102	639.5	270.40625	102.0625	0.646402	117.4375	-0.49554962	193245.5	35563
156.7807	444.0	32.6875	32.6875	0.69765794	89.25	0.49554962	193245.5	35563
192.74199	547.0	177.25	177.25	0.6217902	136.75	0.49554962	193245.5	35563
194.98935	325.0	38.40625	38.40625	0.67	102.125	0.49554962	193245.5	35563
367.95154	397.75	118.453125	89.0	0.79991883	148.5	-0.49554962	193245.5	35563
77.96989	526.5	71.75	71.75	0.45948753	174.5	-0.49554962	193245.5	35563
172.69716	258.25	27.140625	27.140625	0.6929481	24.125	0.49554962	193245.5	35563
137.68388	318.0	97.875	97.875	0.730065	125.6875	0.49554962	193245.5	35563
92.22416	462.75	78.1875	78.1875	0.65384614	182.875	0.49554962	193245.5	35563
77.978485	237.0	196.75	119.0	0.73502994	114.4375	-0.49554962	193245.5	35563
123.30822	444.0	25.125	25.125	0.8101623	89.4375	-0.49554962	193245.5	35563
274.0482	391.75	61.71875	61.71875	0.7718733	117.625	0.49554962	193245.5	35563
269.25497	432.75	46.5625	46.5625	0.43105757	171.125	0.49554962	193245.5	35563
185.52802	518.0	101.3125	101.3125	0.52943724	139.875	0.49554962	193245.5	35563
106.5535	415.0	142.0	142.0	0.85714287	102.8125	-0.49554962	193245.5	35563
106.37202	431.5	154.20312	123.625	0.73721516	157.125	-0.49554962	193245.5	35563
245.0295	216.875	158.8125	83.625	0.830008	86.75	-0.49554962	193245.5	35563
514.7127	656.0	129.82812	98.6875	0.47189036	185.125	-0.49554962	193245.5	35563
68.1788	518.0	132.875	132.875	0.51876175	181.625	0.49554962	193245.5	35563
67.59668	487.0	108.5625	108.5625	0.28814408	227.875	-0.49554962	193245.5	35563
134.79639	416.25	159.6875	124.3125	0.3229554	182.0	0.49554962	193245.5	35563
306.73776	357.25	80.5	80.5	0.55546075	160.125	-0.49554962	193245.5	35563
75.39376	329.25	31.515625	31.515625	0.47574335	164.5	-0.49554962	193245.5	35563
126.43032	262.75	83.65625	44.25	0.70166016	107.5	0.49554962	193245.5	35563
93.455605	580.5	186.4375	129.125	0.51696604	179.5	0.49554962	193245.5	35563
50.421734	318.5	128.54688	102.125	0.84363824	125.6875	-0.49554962	193245.5	35563
200.50227	1045.0	88.9375	88.9375	0.7556155	164.125	0.49554962	193245.5	35563
233.9532	498.75	191.875	98.8125	0.27331272	195.75	-0.49554962	193245.5	35563
358.6389	591.0	235.6875	142.125	0.36764705	181.125	-0.49554962	193245.5	35563
220.28601	550.0	146.875	146.875	0.3814948	161.875	0.49554962	193245.5	35563
133.1283	384.0	179.21875	141.75	0.4335484	172.5	0.49554962	193245.5	35563
189.45743	373.75	209.875	130.5	0.551964	174.375	0.49554962	193245.5	35563
321.80188	453.5	126.6875	126.6875	0.50407606	180.75	0.49554962	193245.5	35563
198.4232	835.0	113.9375	73.5	0.73096824	18.78125	-0.49554962	193245.5	35563
209.87733	448.75	42.1875	42.1875	0.45517066	149.75	0.49554962	193245.5	35563
95.19876	262.25	200.125	101.3125	0.5787671	101.8125	0.49554962	193245.5	35563
385.8858	526.5	146.25	146.25	0.4790363	205.25	0.49554962	193245.5	35563
290.79886	324.75	59.90625	59.90625	0.7206047	110.0	-0.49554962	193245.5	35563
230.55391	468.25	126.9375	126.9375	0.44664842	185.875	0.49554962	193245.5	35563
152.85355	289.0	149.28125	101.3125	0.7250148	57.875	0.49554962	193245.5	35563
360.37823	610.5	130.32812	64.375	0.6577028	137.5	0.49554962	193245.5	35563
366.2741	504.5	101.5625	101.5625	0.6150393	179.75	0.49554962	193245.5	35563
142.63054	491.25	101.5625	101.5625	0.8377316	158.0	0.49554962	193245.5	35563
118.98038	443.5	101.875	101.875	0.31944445	190.5	0.49554962	193245.5	35563
107.40535	249.75	138.59375	55.34375	0.39655173	100.4375	0.49554962	193245.5	35563
129.20761	337.25	126.3125	126.3125	0.20304054	129.875	-0.49554962	193245.5	35563
124.37459	483.0	152.625	93.1875	0.19880366	167.25	0.49554962	193245.5	35563
55.970985	379.25	140.23438	111.5625	0.87851316	138.75	-0.49554962	193245.5	35563
59.82931	468.25	58.03125	58.03125	0.64234775	156.25	-0.49554962	193245.5	35563
166.08548	733.5	99.875	99.875	0.449345	190.625	0.49554962	193245.5	35563
164.0406	369.0	38.96875	38.96875	0.8746384	126.5	0.49554962	193245.5	35563
178.55418	520.5	97.6875	97.6875	0.60066706	177.5	0.49554962	193245.5	35563
263.7674	385.0	35.78125	35.78125	0.70408165	119.75	-0.49554962	193245.5	35563
111.00391	355.5	32.28125	32.28125	0.69040614	79.0	0.49554962	193245.5	35563
247.48206	478.0	27.78125	27.78125	0.56357855	158.625	0.49554962	193245.5	35563
379.10843	438.5	94.125	67.5	0.6192	190.625	0.49554962	193245.5	35563
272.25592	582.5	32.34375	32.34375	0.6045422	149.625	-0.49554962	193245.5	35563
282.59427	372.25	181.4375	92.5	0.45942777	135.125	-0.49554962	193245.5	35563
358.891	1276.0	194.375	194.375	0.96068376	13.609375	0.49554962	193245.5	35563
214.98643	520.0	74.625	49.15625	0.49197862	5.3203125	0.49554962	193245.5	35563
240.47502	424.0	78.8125	78.8125	0.7565892	122.5625	0.49554962	193245.5	35563
175.52737	566.0	48.5	48.5	0.6943925	13.609375	0.49554962	193245.5	35563
115.42706	433.25	124.75	124.75	0.5175631	169.75	0.49554962	193245.5	35563
417.77298	460.75	58.78125	58.78125	0.66534317	117.1875	0.49554962	193245.5	35563
101.78204	554.5	171.5	101.6875	0.51836264	153.875	0.49554962	193245.5	35563
166.12137	330.25	173.25	105.5625	0.8701299	101.875	0.49554962	193245.5	35563
104.00177	705.5	63.625	63.625	0.7663657	15.7890625	0.49554962	193245.5	35563
281.08673	360.5	90.5	90.5	0.46555218	159.0	0.49554962	193245.5	35563
140.09242	425.25	131.4375	87.875	0.47479954	156.875	0.49554962	193245.5	35563
184.56996	309.5	44.0625	44.0625	0.85600454	101.6875	0.49554962	193245.5	35563
292.49768	439.75	102.75	102.75	0.65234	169.5	0.49554962	193245.5	35563
167.98956	587.5	114.21875	76.1875	0.4908327	189.0	-0.49554962	193245.5	35563
87.23514	331.5	125.375	125.375	0.7277027	141.0	0.49554962	193245.5	35563
209.98079	395.75	163.6875	99.0625	0.7556207	84.0625	-0.49554962	193245.5	35563
114.27351	469.25	90.6875	90.6875	0.36185005	182.0	0.49554962	193245.5	35563
163.75656	673.0	50.59375	50.59375	0.6404342	53.84375	-0.49554962	193245.5	35563
393.14847	504.0	37.25	37.25	0.7409836	169.625	-0.49554962	193245.5	35563
193.59146	479.0	78.328125	47.96875	0.5824176	197.375	0.49554962	193245.5	35563
310.37494	229.875	134.9375	102.0	0.5741608	108.625	0.49554962	193245.5	35563
245.362	425.75	25.40625	25.40625	0.49112847	160.375	0.49554962	193245.5	35563
156.79613	463.0	164.1875	78.375	0.46472833	195.25	-0.49554962	193245.5	35563
187.33723	369.25	147.5	147.5	0.5825959	176.875	0.49554962	193245.5	35563
69.096306	490.0	462.5625	196.875	0.49620575	214.0	0.49554962	193245.5	35563
153.46365	208.75	238.78125	105.5	0.815311	75.5	0.49554962	193245.5	35563
278.83078	309.0	67.875	67.875	0.5619708	139.625	0.49554962	193245.5	35563
115.28231	428.25	109.5625	109.5625	0.66084194	157.5	0.49554962	193245.5	35563
364.89633	462.75	279.75	159.625	0.67104214	220.875	-0.49554962	193245.5	35563
102.760605	517.5	134.71875	107.25	0.34715995	173.75	-0.49554962	193245.5	35563
116.19861	250.375	97.9375	97.9375	0.83365947	103.375	0.49554962	193245.5	35563
76.17868	372.25	102.8125	102.8125	0.77507085	100.0625	0.49554962	193245.5	35563
247.8929	279.5	119.453125	48.875	0.51553065	112.375	0.49554962	193245.5	35563
84.51886	464.25	41.28125	41.28125	0.5256041	206.125	0.49554962	193245.5	35563
166.2037	342.25	87.25	87.25	0.89912283	108.625	0.49554962	193245.5	35563
101.73123	361.0	165.375	165.375	0.31086427	173.125	-0.49554962	193245.5	35563
349.6609	396.25	67.28125	34.0	0.60215056	154.25	0.49554962	193245.5	35563
300.87793	365.0	207.0625	145.5	0.91183037	121.25	0.49554962	193245.5	35563
157.03226	275.5	136.6875	90.625	0.7775581	123.8125	0.49554962	193245.5	35563
317.7767	427.25	98.875	98.875	0.4320158	163.875	-0.49554962	193245.5	35563
336.51767	380.75	28.625	28.625	0.7002635	123.4375	-0.49554962	193245.5	35563
215.10327	508.25	40.25	40.25	0.63293374	135.125	-0.49554962	193245.5	35563
255.96902	471.5	135.73438	105.5	0.52787936	215.625	0.49554962	193245.5	35563
234.4037	359.0	47.875	47.875	0.30817798	159.625	0.49554962	193245.5	35563
406.9078	386.25	173.26562	108.1875	0.5928899	131.0	-0.49554962	193245.5	35563
280.80432	810.0	37.40625	37.40625	0.36409128	184.625	0.49554962	193245.5	35563
143.95569	363.5	68.875	68.875	0.31741574	170.5	-0.49554962	193245.5	35563
117.90396	270.75	41.59375	41.59375	0.8177201	102.25	0.49554962	193245.5	35563
158.06293	439.25	236.375	144.125	0.471986	83.375	0.49554962	193245.5	35563
372.20502	486.25	28.34375	28.34375	0.40015054	196.375	-0.49554962	193245.5	35563
289.85883	386.25	129.75	129.75	0.80713034	134.125	0.49554962	193245.5	35563
101.57917	285.25	50.90625	50.90625	0.7664188	91.125	0.49554962	193245.5	35563
124.52459	489.25	112.5	112.5	0.37292024	172.125	-0.49554962	193245.5	35563
125.56621	264.0	35.40625	35.40625	0.7219283	82.375	-0.49554962	193245.5	35563
368.20013	531.0	173.8125	138.625	0.32624346	176.75	0.49554962	193245.5	35563
75.39749	408.75	144.875	144.875	0.33091113	162.625	0.49554962	193245.5	35563
97.95759	468.75	180.625	180.625	0.7872504	157.875	-0.49554962	193245.5	35563
239.7529	652.0	132.53125	69.375	0.60409254	98.4375	-0.49554962	193245.5	35563
66.74914	287.5	123.03125	90.9375	0.6329935	132.125	0.49554962	193245.5	35563
159.61783	265.75	401.0625	210.125	0.7287279	88.1875	0.49554962	193245.5	35563
145.39932	203.125	256.28125	129.625	0.56003356	99.9375	0.49554962	193245.5	35563
58.190014	307.5	319.375	133.375	0.4811546	151.375	0.49554962	193245.5	35563
381.83276	549.5	42.03125	42.03125	0.46791908	154.125	-0.49554962	193245.5	35563
50.73588	257.0	114.375	114.375	0.8101911	17.109375	-0.49554962	193245.5	35563
145.04498	360.25	166.6875	135.875	0.77495545	99.25	-0.49554962	193245.5	35563
273.44846	466.75	380.90625	205.5	0.45362473	208.875	0.49554962	193245.5	35563
200.03934	326.25	86.625	86.625	0.88241416	98.4375	0.49554962	193245.5	35563
168.11555	431.25	187.59375	135.875	0.69747084	129.125	0.49554962	193245.5	35563
308.6882	470.75	104.453125	77.625	0.41490227	167.25	-0.49554962	193245.5	35563
188.6283	268.5	42.84375	42.84375	0.47391787	107.5625	-0.49554962	193245.5	35563
127.92883	460.5	160.28125	120.625	0.801227	134.0	0.49554962	193245.5	35563
193.25932	425.5	28.234375	28.234375	0.21598905	157.375	-0.49554962	193245.5	35563
207.33197	277.75	128.625	71.5625	0.7823129	113.5625	0.49554962	193245.5	35563
189.78764	236.75	67.84375	34.625	0.7630363	66.0	-0.49554962	193245.5	35563
720.52496	737.0	144.75	144.75	0.6189665	270.25	-0.49554962	193245.5	35563
154.9313	460.75	82.875	82.875	0.46420234	160.125	-0.49554962	193245.5	35563
90.00703	336.0	92.71875	63.28125	0.65185183	125.75	0.49554962	193245.5	35563
71.09346	460.5	123.1875	123.1875	0.717755	158.25	0.49554962	193245.5	35563
134.21147	506.75	111.0625	111.0625	0.6844444	161.25	0.49554962	193245.5	35563
123.45293	344.0	212.5625	126.9375	0.5817909	124.6875	0.49554962	193245.5	35563
229.84099	898.5	42.25	42.25	0.6359718	137.25	0.49554962	193245.5	35563
132.45572	421.0	140.90625	61.1875	0.68713665	181.875	0.49554962	193245.5	35563
302.88538	440.75	111.6875	111.6875	0.72106826	116.1875	0.49554962	193245.5	35563
140.57643	227.875	80.71875	51.25	0.6796537	109.6875	0.49554962	193245.5	35563
86.074615	591.0	134.0	134.0	0.35152093	182.75	0.49554962	193245.5	35563
508.75955	467.25	123.0625	123.0625	0.7285012	139.0	0.49554962	193245.5	35563
110.95182	314.25	26.203125	26.203125	0.80125725	113.6875	0.49554962	193245.5	35563
107.03327	366.75	251.375	143.0	0.35177305	190.625	0.49554962	193245.5	35563
262.2798	308.0	293.90625	124.5	0.82306165	89.25	-0.49554962	193245.5	35563
111.63839	371.0	47.21875	47.21875	0.44337872	71.5625	0.49554962	193245.5	35563
439.29993	566.5	36.21875	36.21875	0.8200347	142.5	0.49554962	193245.5	35563
70.49591	580.0	214.8125	127.6875	0.45539615	181.375	0.49554962	193245.5	35563
202.86496	699.0	104.5	104.5	0.61782295	136.5	-0.49554962	193245.5	35563
78.86583	205.25	86.625	86.625	0.8596171	91.3125	0.49554962	193245.5	35563
227.70776	225.625	79.75	79.75	0.8525207	71.3125	0.49554962	193245.5	35563
177.47337	374.0	86.8125	86.8125	0.56604326	165.25	-0.49554962	193245.5	35563
70.06661	406.5	177.59375	145.625	0.8424522	88.375	-0.49554962	193245.5	35563
170.94879	511.25	172.25	172.25	0.830895	176.875	0.49554962	193245.5	35563
271.59766	683.5	99.5	99.5	0.20234205	189.625	0.49554962	193245.5	35563
152.28508	621.0	103.625	66.1875	0.4839477	158.875	0.49554962	193245.5	35563
188.04755	570.5	25.890625	25.890625	0.48937112	250.0	-0.49554962	193245.5	35563
118.4417	381.25	44.40625	44.40625	0.72971654	155.25	0.49554962	193245.5	35563
239.46767	244.125	126.75	126.75	0.8308208	72.9375	-0.49554962	193245.5	35563
111.62597	234.75	200.0625	78.0	0.710084	116.8125	-0.49554962	193245.5	35563
61.971622	253.5	48.1875	48.1875	0.5963529	76.8125	-0.49554962	193245.5	35563
98.538795	464.0	38.5625	38.5625	0.8103711	123.5625	0.49554962	193245.5	35563
121.64473	421.75	69.8125	69.8125	0.30311355	184.875	0.49554962	193245.5	35563
103.83313	471.75	159.4375	89.8125	0.31832796	168.375	0.49554962	193245.5	35563
246.75226	432.25	130.0	130.0	0.3890504	153.125	0.49554962	193245.5	35563
218.99953	381.0	32.84375	32.84375	0.8717572	128.5	0.49554962	193245.5	35563
302.4621	354.25	72.0	72.0	0.5834341	160.125	0.49554962	193245.5	35563
77.65207	217.5	84.03125	49.15625	0.5533012	76.1875	0.49554962	193245.5	35563
172.42126	423.75	80.375	80.375	0.508285	162.375	0.49554962	193245.5	35563
241.56828	393.75	110.125	110.125	0.7475474	121.4375	0.49554962	193245.5	35563
164.18289	469.5	90.5625	90.5625	0.8327974	103.0	0.49554962	193245.5	35563
97.26051	631.0	86.9375	86.9375	0.93370444	115.75	0.49554962	193245.5	35563
272.9427	498.75	27.140625	27.140625	0.4023415	181.125	-0.49554962	193245.5	35563
477.45224	447.0	215.125	111.5	0.31309903	188.0	-0.49554962	193245.5	35563
265.55643	539.0	220.1875	146.25	0.615228	188.75	0.49554962	193245.5	35563
134.67274	232.125	58.265625	30.296875	0.77961236	82.0625	0.49554962	193245.5	35563
118.21377	300.0	34.5	34.5	0.512858	123.0625	0.49554962	193245.5	35563
112.188286	330.75	91.4375	91.4375	0.5389129	134.25	-0.49554962	193245.5	35563
138.70634	386.25	93.53125	60.40625	0.6772784	87.3125	0.49554962	193245.5	35563
130.9292	356.5	155.28125	74.75	0.5307377	148.375	0.49554962	193245.5	35563
105.03203	265.0	81.375	81.375	0.45776567	104.75	0.49554962	193245.5	35563
156.45271	477.75	122.28125	87.25	0.40494895	166.5	0.49554962	193245.5	35563
212.73546	247.75	177.0625	85.0625	0.76559454	106.3125	0.49554962	193245.5	35563
194.07611	428.25	292.75	147.125	0.45769513	152.125	0.49554962	193245.5	35563
318.4798	358.0	117.265625	86.0	0.46349558	151.75	-0.49554962	193245.5	35563
151.65884	415.0	169.75	169.75	0.7104247	184.5	0.49554962	193245.5	35563
152.85527	361.25	121.6875	121.6875	0.90249264	135.5	-0.49554962	193245.5	35563
98.354645	284.25	29.3125	29.3125	0.5588714	92.25	-0.49554962	193245.5	35563
44.574947	466.25	101.625	101.625	0.49130833	103.5	0.49554962	193245.5	35563
127.956505	464.5	108.0	108.0	0.6935985	163.5	0.49554962	193245.5	35563
137.79565	494.5	261.5	136.875	0.34270415	168.0	0.49554962	193245.5	35563
290.81973	683.5	38.1875	38.1875	0.66019416	149.375	0.49554962	193245.5	35563
111.86935	242.25	117.6875	117.6875	0.6865672	79.4375	-0.49554962	193245.5	35563
192.45706	591.0	87.375	87.375	0.39678898	178.625	0.49554962	193245.5	35563
197.19502	325.0	72.3125	72.3125	0.78741866	112.375	-0.49554962	193245.5	35563
182.11938	336.25	119.0	86.625	0.6025499	136.875	0.49554962	193245.5	35563
316.61215	263.5	102.9375	66.0625	0.8427923	110.375	0.49554962	193245.5	35563
215.37949	513.5	170.90625	77.375	0.59130985	61.4375	0.49554962	193245.5	35563
324.84534	722.5	115.21875	60.03125	0.41211963	188.875	0.49554962	193245.5	35563
153.67572	269.25	73.3125	73.3125	0.8769575	111.0625	0.49554962	193245.5	35563
193.15422	492.5	37.625	37.625	0.7016248	214.375	0.49554962	193245.5	35563
193.34299	355.25	257.875	141.125	0.46099088	149.875	-0.49554962	193245.5	35563
208.67397	353.5	60.90625	60.90625	0.32272324	176.0	0.49554962	193245.5	35563
118.0704	248.625	82.9375	48.0	0.70239234	117.3125	-0.49554962	193245.5	35563
424.31763	689.0	477.9375	263.5	0.61471444	345.25	0.49554962	193245.5	35563
61.071815	216.0	89.4375	89.4375	0.8931955	95.875	0.49554962	193245.5	35563
148.56783	497.25	211.375	113.8125	0.5302548	168.375	-0.49554962	193245.5	35563
364.9339	527.5	36.65625	36.65625	0.916849	148.75	-0.49554962	193245.5	35563
65.39057	267.75	62.25	62.25	0.8245614	90.8125	0.49554962	193245.5	35563
135.14748	325.25	148.73438	89.6875	0.8369637	105.0	0.49554962	193245.5	35563
413.63583	909.0	74.375	74.375	0.55688125	110.5625	-0.49554962	193245.5	35563
156.72531	313.0	133.96875	89.4375	0.58928573	154.0	0.49554962	193245.5	35563
54.114315	426.0	88.625	88.625	0.6970387	122.1875	-0.49554962	193245.5	35563
244.3814	524.5	182.0	139.75	0.6766467	172.25	0.49554962	193245.5	35563
117.585945	375.25	168.625	168.625	0.73636365	130.125	-0.49554962	193245.5	35563
355.35065	452.75	164.25	124.3125	0.15316333	171.75	0.49554962	193245.5	35563
89.07797	312.0	155.65625	115.6875	0.70724463	136.125	-0.49554962	193245.5	35563
58.118557	334.75	77.875	52.125	0.84453404	144.0	0.49554962	193245.5	35563
143.60527	323.0	229.90625	148.625	0.67497957	149.75	-0.49554962	193245.5	35563
131.56538	327.0	136.3125	76.8125	0.45434174	132.5	0.49554962	193245.5	35563
93.31464	273.75	73.875	73.875	0.4384004	115.875	0.49554962	193245.5	35563
329.2008	570.5	70.8125	70.8125	0.45	175.25	0.49554962	193245.5	35563
186.15187	350.25	137.57812	109.1875	0.6730008	51.5	0.49554962	193245.5	35563
533.04663	511.25	88.4375	88.4375	0.5104712	196.875	0.49554962	193245.5	35563
700.4674	400.5	37.65625	37.65625	0.7394541	2.671875	-0.49554962	193245.5	35563
79.67458	478.25	235.5625	168.75	0.24383096	183.0	0.49554962	193245.5	35563
201.92639	360.5	149.375	95.75	0.5845563	109.875	0.49554962	193245.5	35563
79.60505	499.25	122.1875	122.1875	0.8365253	195.25	0.49554962	193245.5	35563
311.07678	360.25	25.40625	25.40625	0.92811596	146.125	0.49554962	193245.5	35563
673.99097	744.0	68.0	68.0	0.55259025	53.65625	0.49554962	193245.5	35563
134.58751	396.75	58.0625	58.0625	0.49812207	112.4375	0.49554962	193245.5	35563
160.38841	402.75	139.5	139.5	0.4672196	201.875	-0.49554962	193245.5	35563
665.5274	742.5	108.5625	108.5625	0.45648912	197.625	-0.49554962	193245.5	35563
134.96164	322.0	103.84375	65.125	0.53731346	136.375	-0.49554962	193245.5	35563
93.73598	378.5	25.921875	25.921875	0.8916723	95.9375	0.49554962	193245.5	35563
208.33824	220.875	111.59375	56.71875	0.67522264	66.875	-0.49554962	193245.5	35563
121.67265	569.0	29.234375	29.234375	0.56021506	235.875	0.49554962	193245.5	35563
447.55743	668.0	110.15625	65.0	0.82588595	125.25	0.49554962	193245.5	35563
348.2123	455.25	133.125	133.125	0.78249156	131.75	0.49554962	193245.5	35563
143.16782	480.75	25.703125	25.703125	0.42145398	138.0	0.49554962	193245.5	35563
107.50118	424.5	247.3125	127.25	0.49572954	174.25	0.49554962	193245.5	35563
59.51645	508.25	118.0625	118.0625	0.60871106	155.875	0.49554962	193245.5	35563
150.5399	425.25	118.375	118.375	0.6180285	154.125	0.49554962	193245.5	35563
168.46214	531.5	86.75	86.75	0.5670679	176.5	0.49554962	193245.5	35563
360.03232	520.0	61.3125	61.3125	0.85415214	149.5	0.49554962	193245.5	35563
122.41219	336.0	278.25	136.625	0.576555	133.75	0.49554962	193245.5	35563
93.30851	593.5	73.5	73.5	0.9677419	1.2636719	0.49554962	193245.5	35563
96.39645	397.75	27.546875	27.546875	0.6772846	176.375	0.49554962	193245.5	35563
120.996826	316.0	167.0	133.25	0.6208506	109.0	0.49554962	193245.5	35563
282.7546	395.25	165.875	122.6875	0.26799425	157.5	0.49554962	193245.5	35563
227.71368	347.0	95.4375	95.4375	0.61973333	112.25	0.49554962	193245.5	35563
48.3492	479.75	171.90625	146.375	0.35579842	193.0	0.49554962	193245.5	35563
427.954	400.0	298.3125	124.375	0.7805369	2.0839844	-0.49554962	193245.5	35563
135.75957	501.75	39.5625	39.5625	0.59896433	170.625	0.49554962	193245.5	35563
193.73987	235.625	96.28125	49.84375	0.7312391	94.875	-0.49554962	193245.5	35563
187.32906	328.5	27.53125	27.53125	0.81968087	65.375	0.49554962	193245.5	35563
206.35495	340.25	78.5625	78.5625	0.63729125	146.625	0.49554962	193245.5	35563
83.981514	507.5	114.3125	114.3125	0.48724955	195.0	-0.49554962	193245.5	35563
101.56438	882.0	88.4375	88.4375	0.62049687	136.125	-0.49554962	193245.5	35563
78.77072	308.0	44.625	44.625	0.4475854	130.5	0.49554962	193245.5	35563
346.4686	351.75	29.3125	29.3125	0.7733969	2.53125	-0.49554962	193245.5	35563
74.00031	444.5	133.9375	89.0	0.39591178	166.75	-0.49554962	193245.5	35563
106.978485	483.25	128.5	128.5	0.60654795	214.375	-0.49554962	193245.5	35563
463.51093	1041.0	75.75	75.75	0.78147614	145.625	0.49554962	193245.5	35563
192.98	672.0	28.0	28.0	0.6682578	114.0	0.49554962	193245.5	35563
245.99428	420.75	31.859375	31.859375	0.5391616	144.375	-0.49554962	193245.5	35563
48.301273	342.5	202.1875	110.25	0.5264471	147.375	0.49554962	193245.5	35563
226.77719	319.5	133.125	133.125	0.81430537	99.6875	0.49554962	193245.5	35563
222.33577	259.0	116.234375	88.6875	0.53195673	102.625	0.49554962	193245.5	35563
149.78232	333.75	227.6875	151.5	0.86928105	136.25	0.49554962	193245.5	35563
457.06616	697.0	69.5	38.875	0.8141892	179.625	0.49554962	193245.5	35563
88.39119	254.375	218.9375	98.8125	0.6470019	101.9375	0.49554962	193245.5	35563
218.93398	374.5	45.03125	45.03125	0.7375546	102.625	-0.49554962	193245.5	35563
269.09167	405.75	88.375	88.375	0.47079647	173.5	-0.49554962	193245.5	35563
172.69974	382.5	218.21875	126.8125	0.7124367	185.875	-0.49554962	193245.5	35563
116.18461	452.0	245.25	135.75	0.6365915	189.625	0.49554962	193245.5	35563
121.533264	304.0	208.875	127.75	0.5355316	126.4375	0.49554962	193245.5	35563
172.5104	201.125	151.3125	93.6875	0.92137754	92.0625	-0.49554962	193245.5	35563
84.5473	242.125	91.9375	91.9375	0.7586586	98.9375	-0.49554962	193245.5	35563
275.8511	314.0	133.15625	95.0	0.5191293	127.5	0.49554962	193245.5	35563
251.85733	522.5	208.4375	145.25	0.34186938	186.375	-0.49554962	193245.5	35563
244.53923	272.25	52.3125	52.3125	0.88076925	95.0	0.49554962	193245.5	35563
160.19159	246.625	181.15625	150.5	0.8660314	83.125	-0.49554962	193245.5	35563
228.70486	631.0	179.09375	143.375	0.59607995	188.625	0.49554962	193245.5	35563
132.42143	388.25	182.875	126.625	0.52286136	154.5	0.49554962	193245.5	35563
260.9153	638.5	59.34375	59.34375	0.6983591	87.1875	0.49554962	193245.5	35563
128.78876	606.0	42.78125	42.78125	0.58353806	168.75	0.49554962	193245.5	35563
107.59974	703.5	149.60938	121.3125	0.730427	3.2441406	0.49554962	193245.5	35563
70.458984	310.0	158.625	123.25	0.59879035	170.5	-0.49554962	193245.5	35563
350.4606	464.75	77.3125	49.15625	0.83301437	137.25	-0.49554962	193245.5	35563
387.68277	856.0	148.25	104.75	0.6708941	302.0	0.49554962	193245.5	35563
273.37152	313.0	30.984375	30.984375	0.6756591	96.25	-0.49554962	193245.5	35563
295.76202	702.5	59.25	59.25	0.38865796	178.375	0.49554962	193245.5	35563
263.1883	418.25	343.28125	143.5	0.38413462	176.125	-0.49554962	193245.5	35563
142.1339	465.75	199.0	108.6875	0.3992647	167.0	0.49554962	193245.5	35563
151.27866	408.75	73.25	73.25	0.41628087	148.75	0.49554962	193245.5	35563
136.7469	406.25	78.875	78.875	0.6752793	88.5625	0.49554962	193245.5	35563
71.46935	256.25	157.03125	121.4375	0.70018035	48.625	0.49554962	193245.5	35563
145.34126	277.75	115.4375	46.90625	0.8683274	27.84375	0.49554962	193245.5	35563
223.35544	362.5	34.28125	34.28125	0.57612455	89.625	0.49554962	193245.5	35563
256.76233	392.5	232.625	179.125	0.4378554	195.875	0.49554962	193245.5	35563
59.318867	348.5	46.875	46.875	0.78289837	138.5	0.49554962	193245.5	35563
187.2678	472.75	187.53125	123.6875	0.28448725	184.0	0.49554962	193245.5	35563
176.78693	288.0	80.8125	80.8125	0.66460675	99.75	0.49554962	193245.5	35563
141.41881	207.25	99.125	99.125	0.72952384	66.1875	0.49554962	193245.5	35563
88.31503	322.25	136.75	136.75	0.6545516	130.5	-0.49554962	193245.5	35563
110.714615	310.0	30.015625	30.015625	0.5287648	126.125	0.49554962	193245.5	35563
134.88785	466.75	256.1875	140.0	0.72070843	138.125	-0.49554962	193245.5	35563
152.2192	622.5	134.75	134.75	0.72602737	179.0	-0.49554962	193245.5	35563
101.41401	305.5	76.25	76.25	0.289644	125.9375	0.49554962	193245.5	35563
105.1244	295.75	51.09375	51.09375	0.68787575	114.4375	0.49554962	193245.5	35563
199.22037	605.5	113.5625	113.5625	0.578125	192.75	0.49554962	193245.5	35563
192.61751	419.0	128.5625	65.0	0.9294377	145.5	-0.49554962	193245.5	35563
321.93192	311.25	26.390625	26.390625	0.78712124	91.9375	-0.49554962	193245.5	35563
185.7055	501.25	134.5	134.5	0.38782564	193.625	0.49554962	193245.5	35563
237.48955	362.75	26.59375	26.59375	0.8852814	116.6875	0.49554962	193245.5	35563
154.23985	465.25	59.625	59.625	0.65848374	163.125	0.49554962	193245.5	35563
73.45087	305.25	33.1875	33.1875	0.4180328	136.75	-0.49554962	193245.5	35563
244.71431	224.5	79.90625	53.53125	0.44613335	93.3125	0.49554962	193245.5	35563
119.78995	619.0	55.3125	55.3125	0.32563922	204.0	0.49554962	193245.5	35563
165.33806	477.75	96.5625	96.5625	0.8146102	115.0625	0.49554962	193245.5	35563
215.94475	412.75	145.625	145.625	0.59595484	194.375	0.49554962	193245.5	35563
284.5596	456.25	89.25	89.25	0.4846379	227.5	0.49554962	193245.5	35563
172.83286	310.5	79.4375	79.4375	0.6038147	108.0	-0.49554962	193245.5	35563
409.15375	431.5	278.75	141.875	0.32962415	187.25	0.49554962	193245.5	35563
346.74323	543.0	73.3125	73.3125	0.58171207	153.75	0.49554962	193245.5	35563
214.5317	332.5	64.9375	64.9375	0.8436923	137.0	0.49554962	193245.5	35563
348.68515	446.25	373.125	194.375	0.6351351	179.75	0.49554962	193245.5	35563
100.8842	590.0	171.0625	99.4375	0.6549331	183.0	-0.49554962	193245.5	35563
78.61974	340.25	107.75	54.75	0.8194093	122.625	0.49554962	193245.5	35563
145.09198	520.5	85.1875	85.1875	0.5234099	149.625	-0.49554962	193245.5	35563
238.78822	711.5	98.84375	64.5625	0.35859728	174.875	0.49554962	193245.5	35563
142.03008	414.5	243.25	134.125	0.7225379	177.0	0.49554962	193245.5	35563
164.38652	263.0	150.1875	77.125	0.6854839	105.0	0.49554962	193245.5	35563
608.4998	551.5	58.40625	29.3125	0.8230925	138.0	0.49554962	193245.5	35563
114.28122	290.0	70.390625	41.40625	0.42072728	105.6875	0.49554962	193245.5	35563
126.96784	388.75	124.421875	97.5	0.6299852	203.625	0.49554962	193245.5	35563
123.31461	443.75	140.75	140.75	0.42671517	189.375	0.49554962	193245.5	35563
479.09625	691.5	178.9375	132.75	0.78351647	180.25	0.49554962	193245.5	35563
122.01342	707.5	70.9375	70.9375	0.6890547	111.8125	-0.49554962	193245.5	35563
228.14911	481.5	26.34375	26.34375	0.2580771	155.375	0.49554962	193245.5	35563
240.84497	306.5	107.3125	107.3125	0.42516682	153.875	-0.49554962	193245.5	35563
272.37167	522.5	107.5	107.5	0.505839	177.75	0.49554962	193245.5	35563
291.40768	418.75	182.375	99.5625	0.7265803	114.5	0.49554962	193245.5	35563
230.64497	283.0	56.4375	56.4375	0.7648013	126.625	0.49554962	193245.5	35563
212.9251	377.0	55.3125	55.3125	0.8090391	77.875	0.49554962	193245.5	35563
357.15048	295.75	74.5625	74.5625	0.8387622	100.875	-0.49554962	193245.5	35563
60.407078	330.75	119.53125	67.3125	0.7295787	93.0625	-0.49554962	193245.5	35563
98.38244	395.0	169.375	169.375	0.50434077	171.75	0.49554962	193245.5	35563
158.80032	236.625	30.375	30.375	0.77065766	91.3125	0.49554962	193245.5	35563
184.05823	264.75	124.09375	88.0625	0.827768	64.5625	0.49554962	193245.5	35563
158.46748	358.5	96.3125	96.3125	0.37037036	166.125	0.49554962	193245.5	35563
270.5253	507.75	110.875	110.875	0.4435337	189.25	0.49554962	193245.5	35563
193.8055	391.75	138.375	138.375	0.55421215	154.75	0.49554962	193245.5	35563
533.70746	447.0	93.75	93.75	0.7263682	206.125	-0.49554962	193245.5	35563
58.081467	265.5	40.1875	40.1875	0.87184876	97.0625	0.49554962	193245.5	35563
93.43669	304.0	94.1875	94.1875	0.3850626	162.375	0.49554962	193245.5	35563
159.9549	271.0	58.21875	58.21875	0.77109146	89.625	0.49554962	193245.5	35563
114.792114	433.75	309.0625	103.375	0.40536913	176.25	0.49554962	193245.5	35563
127.36101	560.5	279.84375	145.125	0.73964256	208.625	-0.49554962	193245.5	35563
175.74667	446.25	146.125	115.0	0.2815436	155.5	0.49554962	193245.5	35563
121.032364	202.875	153.53125	119.75	0.8117709	89.125	0.49554962	193245.5	35563
87.445854	331.5	119.5	119.5	0.9035461	103.625	0.49554962	193245.5	35563
69.5424	330.25	109.9375	71.625	0.67607003	149.0	0.49554962	193245.5	35563
142.24603	479.5	144.25	144.25	0.31455696	185.25	0.49554962	193245.5	35563
92.85583	295.25	112.1875	112.1875	0.30057472	126.375	0.49554962	193245.5	35563
422.43408	354.75	58.71875	58.71875	0.61447084	155.25	0.49554962	193245.5	35563
159.92104	270.75	91.5625	91.5625	0.822887	117.0	-0.49554962	193245.5	35563
113.14642	366.75	72.875	72.875	0.9367589	118.4375	0.49554962	193245.5	35563
179.77571	431.25	88.9375	44.59375	0.47176912	79.8125	0.49554962	193245.5	35563
323.7922	595.5	279.25	279.25	0.5177066	208.25	-0.49554962	193245.5	35563
224.39413	453.0	183.45312	156.5	0.6023424	189.375	0.49554962	193245.5	35563
653.2935	741.0	43.25	43.25	0.46060607	194.125	-0.49554962	193245.5	35563
380.0338	1146.0	96.875	96.875	0.72419536	150.0	0.49554962	193245.5	35563
89.10188	311.25	147.75	76.6875	0.5173735	116.125	0.49554962	193245.5	35563
93.100266	328.5	38.5	38.5	0.73978686	143.875	-0.49554962	193245.5	35563
231.42229	316.5	25.78125	25.78125	0.7111693	127.25	0.49554962	193245.5	35563
162.87918	399.75	190.6875	114.375	0.5074257	114.875	0.49554962	193245.5	35563
140.57298	420.5	184.6875	118.625	0.6913499	96.75	0.49554962	193245.5	35563
62.545757	461.0	203.25	203.25	0.4844021	223.5	0.49554962	193245.5	35563
82.12532	385.5	66.90625	34.78125	0.56763923	174.25	0.49554962	193245.5	35563
190.23306	391.5	89.0	46.0	0.7443572	115.9375	0.49554962	193245.5	35563
108.94213	367.5	111.25	111.25	0.5621806	173.625	-0.49554962	193245.5	35563
375.0569	314.0	132.45312	104.125	0.87114626	90.375	0.49554962	193245.5	35563
294.42648	321.5	55.21875	55.21875	0.71806943	120.625	0.49554962	193245.5	35563
87.223785	565.5	116.0	84.75	0.5307303	171.5	0.49554962	193245.5	35563
206.78099	674.0	40.9375	40.9375	0.6417769	107.25	-0.49554962	193245.5	35563
194.3898	461.0	153.125	153.125	0.5371179	176.25	0.49554962	193245.5	35563
247.88312	677.5	179.75	125.625	0.8526012	181.5	0.49554962	193245.5	35563
120.80313	280.5	162.125	70.0625	0.40772358	133.125	0.49554962	193245.5	35563
50.540493	624.5	99.53125	69.1875	0.62531537	17.484375	0.49554962	193245.5	35563
198.27298	352.5	32.34375	32.34375	0.59081733	127.75	0.49554962	193245.5	35563
81.78508	316.0	167.84375	111.0625	0.57419896	142.0	-0.49554962	193245.5	35563
221.43097	413.0	167.0	167.0	0.7487291	180.625	0.49554962	193245.5	35563
139.39304	564.5	83.9375	83.9375	0.6995053	2.8339844	-0.49554962	193245.5	35563
354.5669	494.75	168.0	168.0	0.47258687	220.25	0.49554962	193245.5	35563
133.9992	321.5	90.375	90.375	0.6202206	162.25	-0.49554962	193245.5	35563
297.24707	477.25	153.9375	78.875	0.31369638	165.875	0.49554962	193245.5	35563
80.57067	389.25	175.1875	97.5	0.3366925	161.125	-0.49554962	193245.5	35563
140.0155	419.25	59.390625	31.515625	0.67834103	96.75	0.49554962	193245.5	35563
155.1593	324.25	136.75	136.75	0.6864919	86.4375	0.49554962	193245.5	35563
58.12309	272.0	82.375	82.375	0.90831554	90.875	0.49554962	193245.5	35563
222.2505	465.25	52.625	52.625	0.89396286	81.625	0.49554962	193245.5	35563
229.0321	636.5	178.875	178.875	0.59738845	242.75	0.49554962	193245.5	35563
115.4797	229.5	35.09375	35.09375	0.8448173	49.4375	0.49554962	193245.5	35563
86.63218	373.75	234.625	130.125	0.48462382	146.5	0.49554962	193245.5	35563
184.08374	1327.0	100.5	100.5	0.8045931	11.453125	0.49554962	193245.5	35563
130.44907	337.0	72.9375	44.75	0.43289876	139.875	0.49554962	193245.5	35563
167.71553	471.0	167.3125	96.8125	0.36713997	174.25	-0.49554962	193245.5	35563
134.03491	379.25	34.84375	34.84375	0.7319376	75.1875	0.49554962	193245.5	35563
174.12302	301.25	115.65625	66.6875	0.49956933	110.625	0.49554962	193245.5	35563
126.600296	254.125	57.59375	57.59375	0.8366294	2.328125	0.49554962	193245.5	35563
122.63063	302.0	142.25	142.25	0.6097792	148.25	0.49554962	193245.5	35563
209.19742	353.0	158.5625	93.6875	0.55784243	162.0	0.49554962	193245.5	35563
115.518005	366.5	193.25	104.4375	0.80759096	13.625	0.49554962	193245.5	35563
155.7784	358.25	52.84375	52.84375	0.799448	121.4375	0.49554962	193245.5	35563
250.32426	428.5	98.5625	98.5625	0.53816795	160.875	0.49554962	193245.5	35563
144.96918	380.75	259.4375	134.375	0.8567881	182.75	0.49554962	193245.5	35563
310.69186	474.25	169.21875	95.125	0.6721434	100.9375	0.49554962	193245.5	35563
114.835396	211.625	95.9375	95.9375	0.82163405	71.0625	0.49554962	193245.5	35563
558.63947	691.0	129.03125	87.625	0.39449257	239.0	-0.49554962	193245.5	35563
194.44418	495.75	146.375	146.375	0.39134768	217.625	-0.49554962	193245.5	35563
412.9062	558.0	66.3125	66.3125	0.4130303	176.0	0.49554962	193245.5	35563
113.74254	446.25	223.5	138.5	0.271414	172.625	-0.49554962	193245.5	35563
270.7237	526.0	63.0	63.0	0.82765955	125.0	-0.49554962	193245.5	35563
200.45078	212.5	82.0625	82.0625	0.7637571	91.4375	0.49554962	193245.5	35563
126.878	326.0	123.125	123.125	0.9252949	115.9375	0.49554962	193245.5	35563
189.90562	431.25	124.4375	124.4375	0.31740522	153.875	0.49554962	193245.5	35563
149.04813	237.25	142.8125	113.375	0.7281106	123.4375	-0.49554962	193245.5	35563
579.24054	520.5	141.125	141.125	0.59372073	172.75	-0.49554962	193245.5	35563
227.25513	336.5	201.875	122.625	0.3684771	143.0	0.49554962	193245.5	35563
460.3224	505.75	96.734375	65.0	0.81958765	86.75	-0.49554962	193245.5	35563
55.516735	344.0	66.9375	66.9375	0.8461207	65.1875	0.49554962	193245.5	35563
133.65753	230.125	103.5625	42.09375	0.60527796	99.625	0.49554962	193245.5	35563
45.508583	359.0	191.15625	133.25	0.9219858	140.75	0.49554962	193245.5	35563
175.7294	358.75	316.0	159.75	0.49146423	175.0	0.49554962	193245.5	35563
143.02585	343.25	32.53125	32.53125	0.77771914	103.4375	-0.49554962	193245.5	35563
48.57521	368.0	136.5	136.5	0.48791823	175.375	0.49554962	193245.5	35563
90.10867	307.25	72.5625	72.5625	0.7744275	138.25	0.49554962	193245.5	35563
110.93833	331.25	64.625	64.625	0.6410544	92.875	0.49554962	193245.5	35563
87.04115	488.25	47.65625	47.65625	0.57419544	186.25	-0.49554962	193245.5	35563
240.58945	357.0	77.0625	77.0625	0.7127551	133.125	-0.49554962	193245.5	35563
94.638016	322.75	158.75	158.75	0.50638616	156.25	0.49554962	193245.5	35563
191.44115	274.5	50.65625	50.65625	0.7019969	86.5625	0.49554962	193245.5	35563
79.96713	408.25	108.125	108.125	0.9082719	125.5	0.49554962	193245.5	35563
209.57791	1047.0	40.21875	40.21875	0.7190476	112.625	0.49554962	193245.5	35563
102.49607	407.75	106.0625	106.0625	0.8364528	118.1875	0.49554962	193245.5	35563
267.51852	428.5	191.375	191.375	0.74877334	170.125	0.49554962	193245.5	35563
171.18251	430.0	199.625	133.125	0.8818245	157.125	0.49554962	193245.5	35563
177.25677	344.0	99.9375	99.9375	0.43693453	141.5	-0.49554962	193245.5	35563
247.83736	314.25	62.65625	62.65625	0.3515668	125.5	0.49554962	193245.5	35563
92.95594	213.125	84.125	84.125	0.92954105	69.3125	-0.49554962	193245.5	35563
131.51115	265.0	50.875	50.875	0.8426306	66.375	-0.49554962	193245.5	35563
183.38565	384.0	84.1875	84.1875	0.7172093	151.0	0.49554962	193245.5	35563
65.09671	263.0	84.953125	59.5	0.9132052	105.25	0.49554962	193245.5	35563
216.36899	473.25	207.6875	171.75	0.41142663	197.0	-0.49554962	193245.5	35563
105.91083	1007.0	132.375	132.375	0.706499	214.375	0.49554962	193245.5	35563
55.622467	233.125	195.53125	148.5	0.5420954	127.125	-0.49554962	193245.5	35563
157.85512	407.75	142.375	142.375	0.9100775	105.3125	-0.49554962	193245.5	35563
419.2584	315.25	125.8125	56.9375	0.531617	145.75	0.49554962	193245.5	35563
89.03369	365.5	53.75	53.75	0.53985125	151.75	0.49554962	193245.5	35563
268.94965	429.0	31.640625	31.640625	0.7617866	155.375	0.49554962	193245.5	35563
281.78647	398.0	151.9375	102.25	0.28374234	182.75	0.49554962	193245.5	35563
335.1131	706.0	106.125	106.125	0.801054	163.25	-0.49554962	193245.5	35563
101.96542	359.0	112.390625	85.4375	0.32826835	150.0	0.49554962	193245.5	35563
287.30377	441.5	170.125	170.125	0.54069465	207.0	0.49554962	193245.5	35563
129.17557	645.5	27.890625	27.890625	0.7816901	203.375	0.49554962	193245.5	35563
164.57477	454.0	184.53125	88.0625	0.5825951	159.5	0.49554962	193245.5	35563
115.052246	303.5	107.375	107.375	0.8485106	158.125	0.49554962	193245.5	35563
170.95633	542.5	212.25	212.25	0.5539157	238.75	0.49554962	193245.5	35563
172.3444	630.0	99.3125	99.3125	0.41485664	202.75	0.49554962	193245.5	35563
284.34906	484.5	142.0	94.3125	0.57654184	177.25	0.49554962	193245.5	35563
164.08257	547.5	142.5	142.5	0.7821361	144.875	-0.49554962	193245.5	35563
216.29068	264.0	203.0	118.5	0.86101085	88.5625	-0.49554962	193245.5	35563
200.30574	326.5	34.84375	34.84375	0.5856331	120.625	0.49554962	193245.5	35563
60.160843	1041.0	168.75	168.75	0.83497536	4.5117188	0.49554962	193245.5	35563
63.762245	548.5	125.25	125.25	0.3310463	176.75	0.49554962	193245.5	35563
123.32605	356.5	136.625	136.625	0.61908394	150.0	-0.49554962	193245.5	35563
517.6856	523.0	25.15625	25.15625	0.4933879	176.625	-0.49554962	193245.5	35563
254.06654	560.5	139.5	139.5	0.66507936	181.875	0.49554962	193245.5	35563
321.2074	480.25	176.375	176.375	0.4416191	186.375	-0.49554962	193245.5	35563
184.01476	235.125	161.875	83.9375	0.8897638	86.5625	0.49554962	193245.5	35563
262.3214	482.0	98.8125	98.8125	0.5841199	173.25	0.49554962	193245.5	35563
115.9337	540.0	144.875	144.875	0.57202137	96.75	0.49554962	193245.5	35563
237.41393	616.5	162.875	162.875	0.75536484	70.0625	-0.49554962	193245.5	35563
115.782425	254.625	63.625	63.625	0.44976744	112.5	-0.49554962	193245.5	35563
162.44116	273.75	67.875	67.875	0.7973897	98.875	-0.49554962	193245.5	35563
281.53192	392.25	213.8125	119.4375	0.470654	183.25	0.49554962	193245.5	35563
151.46672	391.5	94.6875	94.6875	0.59389514	149.25	-0.49554962	193245.5	35563
120.18788	263.25	106.625	106.625	0.38456157	107.25	0.49554962	193245.5	35563
81.59174	256.25	135.78125	81.6875	0.7540255	85.375	0.49554962	193245.5	35563
162.42816	204.625	168.54688	99.5625	0.60163933	101.6875	0.49554962	193245.5	35563
146.37973	329.25	78.25	78.25	0.7058574	82.4375	0.49554962	193245.5	35563
224.82292	489.25	164.78125	104.3125	0.7510917	115.25	0.49554962	193245.5	35563
138.83449	448.5	30.8125	30.8125	0.48253012	188.5	0.49554962	193245.5	35563
140.53354	377.5	74.9375	74.9375	0.6446655	163.125	-0.49554962	193245.5	35563
255.97829	512.5	35.40625	35.40625	0.66511196	118.375	0.49554962	193245.5	35563
246.48433	416.5	176.75	90.75	0.5687382	179.375	0.49554962	193245.5	35563
108.19873	670.5	85.0	85.0	0.86093247	5.6875	0.49554962	193245.5	35563
164.89404	221.25	105.90625	65.5	0.87087756	80.8125	0.49554962	193245.5	35563
138.74095	492.0	53.6875	53.6875	0.7069073	164.125	0.49554962	193245.5	35563
118.13482	258.0	47.34375	47.34375	0.8929188	17.84375	0.49554962	193245.5	35563
175.11017	226.5	158.15625	120.8125	0.6959786	88.5625	0.49554962	193245.5	35563
86.74529	293.75	261.25	151.5	0.8477237	111.0625	-0.49554962	193245.5	35563
118.83994	266.75	138.6875	91.0625	0.7214612	98.75	0.49554962	193245.5	35563
133.19029	285.25	127.8125	127.8125	0.6445959	67.0	0.49554962	193245.5	35563
197.68793	708.5	34.125	34.125	0.89261746	123.25	0.49554962	193245.5	35563
191.28947	237.5	31.671875	31.671875	0.54182804	91.5625	-0.49554962	193245.5	35563
199.13832	477.25	217.59375	160.25	0.39217654	193.0	0.49554962	193245.5	35563
95.24358	390.5	154.125	154.125	0.37548316	173.0	0.49554962	193245.5	35563
296.4417	514.5	68.5	68.5	0.44378465	157.0	0.49554962	193245.5	35563
127.41892	363.25	29.296875	29.296875	0.6106688	139.25	0.49554962	193245.5	35563
129.19579	225.5	145.4375	104.125	0.78021246	75.5625	-0.49554962	193245.5	35563
162.92519	390.25	95.53125	49.875	0.72962314	147.875	0.49554962	193245.5	35563
247.72098	501.5	61.28125	61.28125	0.48134327	170.5	0.49554962	193245.5	35563
76.76328	436.0	187.0	121.4375	0.64493394	172.375	0.49554962	193245.5	35563
246.81209	464.75	83.3125	83.3125	0.47775853	164.0	-0.49554962	193245.5	35563
217.42911	252.375	179.40625	95.375	0.6835148	114.0625	0.49554962	193245.5	35563
94.53574	391.25	142.125	142.125	0.6373113	151.25	0.49554962	193245.5	35563
78.23045	394.5	56.28125	56.28125	0.77678573	158.75	0.49554962	193245.5	35563
171.11768	394.0	80.25	80.25	0.64008623	141.5	0.49554962	193245.5	35563
74.175644	329.5	41.34375	41.34375	0.83785415	106.5625	-0.49554962	193245.5	35563
79.25011	267.5	161.34375	97.0	0.75131994	1.3007812	-0.49554962	193245.5	35563
465.7449	627.5	33.5625	33.5625	0.37948084	112.8125	-0.49554962	193245.5	35563
182.01282	481.75	29.71875	29.71875	0.4942155	181.375	-0.49554962	193245.5	35563
128.79536	355.5	212.875	117.25	0.5463822	127.875	0.49554962	193245.5	35563
193.44212	579.0	27.0	27.0	0.50361663	169.375	-0.49554962	193245.5	35563
306.12857	437.25	190.34375	147.0	0.60853356	164.25	0.49554962	193245.5	35563
128.72563	284.5	162.6875	94.0625	0.797263	106.0625	0.49554962	193245.5	35563
293.597	394.25	34.28125	34.28125	0.7735849	57.4375	0.49554962	193245.5	35563
177.64478	436.0	204.875	204.875	0.27058	210.0	0.49554962	193245.5	35563
116.39145	380.25	380.1875	161.25	0.40933853	196.75	-0.49554962	193245.5	35563
178.76591	480.25	262.5	152.625	0.50274295	147.25	0.49554962	193245.5	35563
106.42976	247.0	87.375	47.125	0.8609041	103.6875	-0.49554962	193245.5	35563
246.82193	541.0	115.3125	115.3125	0.5620402	177.25	0.49554962	193245.5	35563
187.64328	379.5	220.20312	119.625	0.5858357	140.75	-0.49554962	193245.5	35563
191.93376	494.25	46.84375	46.84375	0.4156267	133.25	0.49554962	193245.5	35563
69.85913	235.75	44.21875	44.21875	0.8670479	89.0625	-0.49554962	193245.5	35563
58.683353	346.0	67.40625	36.5	0.6057782	133.75	0.49554962	193245.5	35563
347.51266	689.0	208.125	108.4375	0.5362611	187.5	0.49554962	193245.5	35563
500.97977	251.25	120.875	120.875	0.4846517	114.0625	-0.49554962	193245.5	35563
153.62439	647.0	49.84375	49.84375	0.36878452	184.0	0.49554962	193245.5	35563
128.95764	579.5	139.5	86.5625	0.6541772	117.375	-0.49554962	193245.5	35563
138.11902	323.0	109.28125	81.0625	0.34582442	155.75	0.49554962	193245.5	35563
148.42366	410.75	62.5625	62.5625	0.65162313	112.0	0.49554962	193245.5	35563
84.3316	469.25	35.25	35.25	0.7302731	172.0	0.49554962	193245.5	35563
102.99236	446.5	187.01562	114.3125	0.6149958	121.4375	0.49554962	193245.5	35563
227.20085	513.0	28.53125	28.53125	0.5716266	136.0	0.49554962	193245.5	35563
324.5666	443.75	156.96875	94.8125	0.44282138	158.375	-0.49554962	193245.5	35563
103.2491	395.75	65.875	65.875	0.33693045	157.125	-0.49554962	193245.5	35563
82.650375	327.0	228.0	134.0	0.5857063	139.0	0.49554962	193245.5	35563
165.9134	425.5	272.125	130.25	0.56585366	191.875	0.49554962	193245.5	35563
403.79626	775.5	245.0	140.0	0.41322136	186.875	0.49554962	193245.5	35563
56.782173	314.5	97.875	97.875	0.7294214	114.375	0.49554962	193245.5	35563
78.9905	217.625	51.5625	51.5625	0.8030704	70.3125	0.49554962	193245.5	35563
280.5004	629.5	122.5625	122.5625	0.19932432	183.875	0.49554962	193245.5	35563
137.53622	356.25	157.9375	119.5	0.28794268	171.875	0.49554962	193245.5	35563
203.73193	696.5	204.0	204.0	0.47058824	135.5	0.49554962	193245.5	35563
203.92288	202.0	171.125	131.125	0.7579251	67.0625	0.49554962	193245.5	35563
161.00386	455.75	58.15625	58.15625	0.4089626	181.625	0.49554962	193245.5	35563
206.75562	489.75	139.125	96.0	0.79741377	124.375	-0.49554962	193245.5	35563
86.10935	227.75	30.90625	30.90625	0.8596998	77.6875	0.49554962	193245.5	35563
86.18845	378.75	83.9375	83.9375	0.6569657	154.875	0.49554962	193245.5	35563
418.07748	445.25	89.375	89.375	0.5696466	180.25	0.49554962	193245.5	35563
93.29242	323.75	223.21875	143.5	0.6615954	116.6875	-0.49554962	193245.5	35563
149.20404	436.25	364.84375	136.125	0.3210907	184.375	-0.49554962	193245.5	35563
126.03948	241.25	70.8125	70.8125	0.72331744	9.40625	0.49554962	193245.5	35563
70.44014	214.5	120.15625	57.5625	0.9129652	81.9375	0.49554962	193245.5	35563
149.8558	291.0	56.53125	56.53125	0.88539743	55.5625	0.49554962	193245.5	35563
92.55261	269.25	87.71875	51.0	0.7149926	119.8125	0.49554962	193245.5	35563
417.35025	537.0	51.75	51.75	0.47220615	148.125	0.49554962	193245.5	35563
191.54367	332.75	133.6875	89.1875	0.5952381	109.4375	0.49554962	193245.5	35563
150.1459	485.5	61.484375	33.21875	0.3897418	173.375	0.49554962	193245.5	35563
286.50363	483.5	49.46875	49.46875	0.59683204	142.625	0.49554962	193245.5	35563
548.50055	447.25	87.84375	52.75	0.6622252	161.875	0.49554962	193245.5	35563
99.67851	376.0	289.0	163.875	0.9224299	146.25	0.49554962	193245.5	35563
42.766884	256.25	73.8125	44.03125	0.83447415	4.9882812	0.49554962	193245.5	35563
130.45132	269.75	41.0	41.0	0.31611738	131.625	-0.49554962	193245.5	35563
87.15355	433.0	73.9375	73.9375	0.86836934	129.75	0.49554962	193245.5	35563
151.8601	496.5	143.125	143.125	0.6494074	144.5	-0.49554962	193245.5	35563
115.44799	462.0	82.0625	82.0625	0.8834459	120.875	0.49554962	193245.5	35563
391.74994	486.0	130.5	130.5	0.69700855	220.125	-0.49554962	193245.5	35563
150.54153	247.5	32.71875	32.71875	0.6541629	73.375	0.49554962	193245.5	35563
244.37741	391.0	325.25	154.25	0.6355841	189.125	-0.49554962	193245.5	35563
300.23224	414.5	88.0	88.0	0.74592465	171.375	-0.49554962	193245.5	35563
132.83237	311.25	28.984375	28.984375	0.6816038	120.0625	0.49554962	193245.5	35563
68.95823	548.5	153.375	90.625	0.61515	185.125	0.49554962	193245.5	35563
186.60902	383.0	117.5	67.9375	0.592511	96.4375	-0.49554962	193245.5	35563
157.12178	267.0	191.53125	146.875	0.7543171	83.3125	0.49554962	193245.5	35563
193.29051	374.5	95.625	33.40625	0.78758484	87.875	-0.49554962	193245.5	35563
79.801865	288.5	58.15625	58.15625	0.9173301	94.5	0.49554962	193245.5	35563
162.80296	463.5	118.046875	89.0625	0.84461707	118.8125	0.49554962	193245.5	35563
111.71177	334.75	190.0625	139.625	0.39881307	162.375	0.49554962	193245.5	35563
321.47687	434.0	131.875	96.0625	0.5796777	109.3125	0.49554962	193245.5	35563
144.07469	377.0	146.625	146.625	0.42421603	179.625	-0.49554962	193245.5	35563
153.86835	939.5	74.0625	74.0625	0.50136894	77.6875	0.49554962	193245.5	35563
301.98694	364.75	143.5625	85.625	0.6330972	163.125	0.49554962	193245.5	35563
536.9626	723.0	152.375	152.375	0.84842765	192.75	0.49554962	193245.5	35563
97.88149	360.0	79.5625	79.5625	0.79825366	126.875	0.49554962	193245.5	35563
393.26773	317.25	46.625	46.625	0.5021097	102.375	0.49554962	193245.5	35563
168.80312	369.75	218.9375	172.75	0.36910775	184.125	0.49554962	193245.5	35563
105.95109	453.75	244.71875	182.125	0.39353177	173.75	0.49554962	193245.5	35563
650.9816	495.0	94.125	94.125	0.60228574	162.0	0.49554962	193245.5	35563
164.45825	333.25	117.78125	59.5625	0.57670456	145.0	0.49554962	193245.5	35563
154.95705	420.5	213.0625	180.0	0.8510467	178.0	0.49554962	193245.5	35563
268.13342	580.5	97.3125	97.3125	0.5842839	199.125	-0.49554962	193245.5	35563
267.03983	359.75	254.9375	138.125	0.30204603	156.5	0.49554962	193245.5	35563
272.2957	489.5	259.125	131.5	0.29443127	187.75	0.49554962	193245.5	35563
135.79117	364.75	180.28125	129.375	0.5503202	173.875	0.49554962	193245.5	35563
367.2852	238.625	157.4375	94.75	0.71047497	85.875	0.49554962	193245.5	35563
86.729004	250.75	137.4375	81.0	0.6648385	81.5625	-0.49554962	193245.5	35563
155.38046	271.25	138.84375	94.3125	0.8326087	111.625	0.49554962	193245.5	35563
445.1371	696.5	237.28125	106.375	0.4558638	170.0	0.49554962	193245.5	35563
117.93973	340.25	54.53125	54.53125	0.7669211	132.125	-0.49554962	193245.5	35563
277.491	220.5	285.5	111.6875	0.7249022	63.0	0.49554962	193245.5	35563
202.39874	280.25	222.375	114.0	0.8118959	106.8125	0.49554962	193245.5	35563
166.95747	439.0	35.34375	35.34375	0.3486647	179.875	0.49554962	193245.5	35563
98.80974	437.25	110.5	74.8125	0.62553585	176.125	0.49554962	193245.5	35563
55.9946	238.625	94.25	94.25	0.8641115	95.25	0.49554962	193245.5	35563
183.32895	505.0	52.4375	52.4375	0.43943983	158.0	0.49554962	193245.5	35563
144.42433	250.125	45.9375	45.9375	0.68439305	109.1875	0.49554962	193245.5	35563
