lep_pt	genWeights	sumWeight	N_exp
176.03284	1.0	576609.0	77280
66.23192	1.0	576609.0	77280
874.4391	1.0	576609.0	77280
356.35046	1.0	576609.0	77280
595.967	1.0	576609.0	77280
131.9912	1.0	576609.0	77280
185.16428	1.0	576609.0	77280
154.68481	1.0	576609.0	77280
68.657196	1.0	576609.0	77280
88.56933	1.0	576609.0	77280
67.31036	1.0	576609.0	77280
121.93124	1.0	576609.0	77280
139.92555	1.0	576609.0	77280
344.58005	1.0	576609.0	77280
50.506973	1.0	576609.0	77280
60.839985	1.0	576609.0	77280
58.650303	1.0	576609.0	77280
65.94221	1.0	576609.0	77280
90.77709	1.0	576609.0	77280
254.02483	1.0	576609.0	77280
480.34515	1.0	576609.0	77280
141.68912	1.0	576609.0	77280
518.07324	1.0	576609.0	77280
78.748795	1.0	576609.0	77280
203.55414	1.0	576609.0	77280
383.0371	1.0	576609.0	77280
200.07791	1.0	576609.0	77280
49.61803	1.0	576609.0	77280
75.529854	1.0	576609.0	77280
114.409424	1.0	576609.0	77280
198.04839	1.0	576609.0	77280
77.639755	1.0	576609.0	77280
683.7873	1.0	576609.0	77280
303.92566	1.0	576609.0	77280
155.4174	1.0	576609.0	77280
151.5862	1.0	576609.0	77280
160.4467	1.0	576609.0	77280
54.535175	1.0	576609.0	77280
830.6981	1.0	576609.0	77280
277.4609	1.0	576609.0	77280
310.614	1.0	576609.0	77280
198.55219	1.0	576609.0	77280
182.16187	1.0	576609.0	77280
462.7148	1.0	576609.0	77280
76.71047	1.0	576609.0	77280
198.01646	1.0	576609.0	77280
127.358795	1.0	576609.0	77280
89.578896	1.0	576609.0	77280
119.534836	1.0	576609.0	77280
146.83804	1.0	576609.0	77280
55.414433	1.0	576609.0	77280
113.73855	1.0	576609.0	77280
103.55603	1.0	576609.0	77280
268.21542	1.0	576609.0	77280
79.94581	1.0	576609.0	77280
362.1282	1.0	576609.0	77280
139.08156	1.0	576609.0	77280
82.05114	1.0	576609.0	77280
227.092	1.0	576609.0	77280
70.57417	1.0	576609.0	77280
426.6077	1.0	576609.0	77280
212.36826	1.0	576609.0	77280
83.40196	1.0	576609.0	77280
169.94887	1.0	576609.0	77280
55.69822	1.0	576609.0	77280
617.7717	1.0	576609.0	77280
47.750343	1.0	576609.0	77280
148.11786	1.0	576609.0	77280
98.32672	1.0	576609.0	77280
475.97842	1.0	576609.0	77280
192.38396	1.0	576609.0	77280
239.97461	1.0	576609.0	77280
101.28743	1.0	576609.0	77280
139.15202	1.0	576609.0	77280
217.59688	1.0	576609.0	77280
61.56393	1.0	576609.0	77280
391.54965	1.0	576609.0	77280
336.8359	1.0	576609.0	77280
90.38552	1.0	576609.0	77280
96.45334	1.0	576609.0	77280
55.243053	1.0	576609.0	77280
104.117096	1.0	576609.0	77280
59.44756	1.0	576609.0	77280
116.5346	1.0	576609.0	77280
115.54315	1.0	576609.0	77280
120.405914	1.0	576609.0	77280
303.7044	1.0	576609.0	77280
74.618324	1.0	576609.0	77280
312.54236	1.0	576609.0	77280
195.27008	1.0	576609.0	77280
185.06326	1.0	576609.0	77280
91.878075	1.0	576609.0	77280
30.41639	1.0	576609.0	77280
104.42215	1.0	576609.0	77280
157.27951	1.0	576609.0	77280
90.37528	1.0	576609.0	77280
258.04675	1.0	576609.0	77280
1063.2384	1.0	576609.0	77280
317.96814	1.0	576609.0	77280
246.5144	1.0	576609.0	77280
99.27828	1.0	576609.0	77280
241.82349	1.0	576609.0	77280
149.86938	1.0	576609.0	77280
167.47935	1.0	576609.0	77280
62.32553	1.0	576609.0	77280
76.5839	1.0	576609.0	77280
701.23193	1.0	576609.0	77280
116.000916	1.0	576609.0	77280
54.797314	1.0	576609.0	77280
82.21247	1.0	576609.0	77280
50.190502	1.0	576609.0	77280
68.7907	1.0	576609.0	77280
93.26649	1.0	576609.0	77280
79.30617	1.0	576609.0	77280
227.80115	1.0	576609.0	77280
93.351265	1.0	576609.0	77280
69.13437	1.0	576609.0	77280
70.653725	1.0	576609.0	77280
668.3158	1.0	576609.0	77280
214.05531	1.0	576609.0	77280
313.3645	1.0	576609.0	77280
57.373375	1.0	576609.0	77280
199.48073	1.0	576609.0	77280
319.8584	1.0	576609.0	77280
141.60538	1.0	576609.0	77280
176.37639	1.0	576609.0	77280
69.82044	1.0	576609.0	77280
230.19473	1.0	576609.0	77280
79.916115	1.0	576609.0	77280
84.70683	1.0	576609.0	77280
181.6111	1.0	576609.0	77280
78.93554	1.0	576609.0	77280
50.09606	1.0	576609.0	77280
54.814365	1.0	576609.0	77280
231.46332	1.0	576609.0	77280
248.65512	1.0	576609.0	77280
72.7246	1.0	576609.0	77280
343.41565	1.0	576609.0	77280
251.31201	1.0	576609.0	77280
157.60347	1.0	576609.0	77280
204.90074	1.0	576609.0	77280
64.5529	1.0	576609.0	77280
446.6443	1.0	576609.0	77280
62.231583	1.0	576609.0	77280
178.3202	1.0	576609.0	77280
70.37449	1.0	576609.0	77280
124.97174	1.0	576609.0	77280
81.038284	1.0	576609.0	77280
399.49176	1.0	576609.0	77280
71.97978	1.0	576609.0	77280
104.04039	1.0	576609.0	77280
89.842285	1.0	576609.0	77280
174.42934	1.0	576609.0	77280
71.91296	1.0	576609.0	77280
103.27901	1.0	576609.0	77280
167.53934	1.0	576609.0	77280
238.24449	1.0	576609.0	77280
188.57181	1.0	576609.0	77280
55.0686	1.0	576609.0	77280
312.739	1.0	576609.0	77280
66.879486	1.0	576609.0	77280
161.89732	1.0	576609.0	77280
75.45606	1.0	576609.0	77280
198.75911	1.0	576609.0	77280
149.32597	1.0	576609.0	77280
670.2508	1.0	576609.0	77280
79.22943	1.0	576609.0	77280
102.56474	1.0	576609.0	77280
57.793304	1.0	576609.0	77280
120.46496	1.0	576609.0	77280
248.05397	1.0	576609.0	77280
524.58624	1.0	576609.0	77280
106.87246	1.0	576609.0	77280
559.4695	1.0	576609.0	77280
296.1067	1.0	576609.0	77280
93.17735	1.0	576609.0	77280
71.01315	1.0	576609.0	77280
266.25198	1.0	576609.0	77280
72.8078	1.0	576609.0	77280
186.29701	1.0	576609.0	77280
105.34645	1.0	576609.0	77280
240.69684	1.0	576609.0	77280
206.58969	1.0	576609.0	77280
140.67151	1.0	576609.0	77280
135.4555	1.0	576609.0	77280
86.6636	1.0	576609.0	77280
459.391	1.0	576609.0	77280
57.89765	1.0	576609.0	77280
501.80582	1.0	576609.0	77280
348.30136	1.0	576609.0	77280
89.43869	1.0	576609.0	77280
143.98987	1.0	576609.0	77280
80.73969	1.0	576609.0	77280
102.045815	1.0	576609.0	77280
131.9562	1.0	576609.0	77280
230.19193	1.0	576609.0	77280
92.46179	1.0	576609.0	77280
519.4461	1.0	576609.0	77280
66.75944	1.0	576609.0	77280
148.468	1.0	576609.0	77280
106.32352	1.0	576609.0	77280
89.201195	1.0	576609.0	77280
73.255	1.0	576609.0	77280
762.49713	1.0	576609.0	77280
63.342026	1.0	576609.0	77280
53.026035	1.0	576609.0	77280
97.10647	1.0	576609.0	77280
44.453983	1.0	576609.0	77280
301.8676	1.0	576609.0	77280
206.29988	1.0	576609.0	77280
165.51584	1.0	576609.0	77280
145.11168	1.0	576609.0	77280
182.30403	1.0	576609.0	77280
233.91872	1.0	576609.0	77280
27.463133	1.0	576609.0	77280
76.577614	1.0	576609.0	77280
86.201836	1.0	576609.0	77280
284.40753	1.0	576609.0	77280
161.59326	1.0	576609.0	77280
71.94433	1.0	576609.0	77280
162.3679	1.0	576609.0	77280
122.94183	1.0	576609.0	77280
349.62656	1.0	576609.0	77280
82.71315	1.0	576609.0	77280
202.34479	1.0	576609.0	77280
94.71095	1.0	576609.0	77280
95.65389	1.0	576609.0	77280
227.90623	1.0	576609.0	77280
48.99584	1.0	576609.0	77280
65.418304	1.0	576609.0	77280
105.90249	1.0	576609.0	77280
424.845	1.0	576609.0	77280
185.19936	1.0	576609.0	77280
94.72734	1.0	576609.0	77280
153.57834	1.0	576609.0	77280
85.96427	1.0	576609.0	77280
74.14175	1.0	576609.0	77280
243.83565	1.0	576609.0	77280
343.8232	1.0	576609.0	77280
48.593197	1.0	576609.0	77280
160.23022	1.0	576609.0	77280
109.86599	1.0	576609.0	77280
116.08191	1.0	576609.0	77280
389.19836	1.0	576609.0	77280
160.96956	1.0	576609.0	77280
56.174805	1.0	576609.0	77280
47.505775	1.0	576609.0	77280
55.056477	1.0	576609.0	77280
132.42586	1.0	576609.0	77280
98.26872	1.0	576609.0	77280
67.38576	1.0	576609.0	77280
90.86218	1.0	576609.0	77280
39.75428	1.0	576609.0	77280
182.50186	1.0	576609.0	77280
100.73011	1.0	576609.0	77280
90.04785	1.0	576609.0	77280
438.16397	1.0	576609.0	77280
118.02099	1.0	576609.0	77280
136.92159	1.0	576609.0	77280
74.84634	1.0	576609.0	77280
110.13164	1.0	576609.0	77280
145.44969	1.0	576609.0	77280
408.40668	1.0	576609.0	77280
171.585	1.0	576609.0	77280
39.214825	1.0	576609.0	77280
72.24831	1.0	576609.0	77280
233.41724	1.0	576609.0	77280
193.52364	1.0	576609.0	77280
359.82196	1.0	576609.0	77280
148.05016	1.0	576609.0	77280
55.97337	1.0	576609.0	77280
36.316776	1.0	576609.0	77280
440.89178	1.0	576609.0	77280
133.02849	1.0	576609.0	77280
251.1502	1.0	576609.0	77280
164.61841	1.0	576609.0	77280
158.86154	1.0	576609.0	77280
92.934616	1.0	576609.0	77280
163.64313	1.0	576609.0	77280
126.718895	1.0	576609.0	77280
174.87244	1.0	576609.0	77280
66.088875	1.0	576609.0	77280
137.60313	1.0	576609.0	77280
154.06676	1.0	576609.0	77280
116.88642	1.0	576609.0	77280
50.042286	1.0	576609.0	77280
709.8187	1.0	576609.0	77280
116.941986	1.0	576609.0	77280
120.36186	1.0	576609.0	77280
50.17928	1.0	576609.0	77280
162.20474	1.0	576609.0	77280
115.97144	1.0	576609.0	77280
57.195885	1.0	576609.0	77280
56.49584	1.0	576609.0	77280
55.77758	1.0	576609.0	77280
290.66617	1.0	576609.0	77280
110.88448	1.0	576609.0	77280
201.36398	1.0	576609.0	77280
44.79351	1.0	576609.0	77280
116.87946	1.0	576609.0	77280
73.72001	1.0	576609.0	77280
87.14957	1.0	576609.0	77280
50.593254	1.0	576609.0	77280
51.081642	1.0	576609.0	77280
79.93601	1.0	576609.0	77280
295.26074	1.0	576609.0	77280
171.8119	1.0	576609.0	77280
93.77983	1.0	576609.0	77280
119.89392	1.0	576609.0	77280
41.677353	1.0	576609.0	77280
142.59079	1.0	576609.0	77280
150.67451	1.0	576609.0	77280
71.28506	1.0	576609.0	77280
88.43349	1.0	576609.0	77280
138.3017	1.0	576609.0	77280
271.22372	1.0	576609.0	77280
130.85396	1.0	576609.0	77280
329.33682	1.0	576609.0	77280
136.59062	1.0	576609.0	77280
54.659897	1.0	576609.0	77280
555.5566	1.0	576609.0	77280
78.34144	1.0	576609.0	77280
141.45651	1.0	576609.0	77280
153.00471	1.0	576609.0	77280
121.620926	1.0	576609.0	77280
255.36528	1.0	576609.0	77280
74.11011	1.0	576609.0	77280
60.098946	1.0	576609.0	77280
158.65349	1.0	576609.0	77280
162.0564	1.0	576609.0	77280
150.7144	1.0	576609.0	77280
176.15082	1.0	576609.0	77280
112.96381	1.0	576609.0	77280
61.26531	1.0	576609.0	77280
211.60426	1.0	576609.0	77280
118.41541	1.0	576609.0	77280
233.29672	1.0	576609.0	77280
78.59068	1.0	576609.0	77280
108.768684	1.0	576609.0	77280
298.5648	1.0	576609.0	77280
159.78438	1.0	576609.0	77280
65.51216	1.0	576609.0	77280
229.71169	1.0	576609.0	77280
628.6662	1.0	576609.0	77280
72.89291	1.0	576609.0	77280
157.12468	1.0	576609.0	77280
58.605995	1.0	576609.0	77280
68.21415	1.0	576609.0	77280
79.27713	1.0	576609.0	77280
73.63937	1.0	576609.0	77280
112.15313	1.0	576609.0	77280
305.4036	1.0	576609.0	77280
167.43608	1.0	576609.0	77280
107.19321	1.0	576609.0	77280
69.45999	1.0	576609.0	77280
97.891266	1.0	576609.0	77280
87.695755	1.0	576609.0	77280
88.203476	1.0	576609.0	77280
331.39532	1.0	576609.0	77280
201.0171	1.0	576609.0	77280
77.76409	1.0	576609.0	77280
68.18913	1.0	576609.0	77280
285.87323	1.0	576609.0	77280
295.6207	1.0	576609.0	77280
152.67041	1.0	576609.0	77280
170.17131	1.0	576609.0	77280
63.8874	1.0	576609.0	77280
71.96112	1.0	576609.0	77280
201.76364	1.0	576609.0	77280
54.52391	1.0	576609.0	77280
292.00787	1.0	576609.0	77280
79.35007	1.0	576609.0	77280
195.62708	1.0	576609.0	77280
83.8492	1.0	576609.0	77280
212.0867	1.0	576609.0	77280
373.52975	1.0	576609.0	77280
308.31534	1.0	576609.0	77280
272.4667	1.0	576609.0	77280
99.745605	1.0	576609.0	77280
66.422615	1.0	576609.0	77280
63.90106	1.0	576609.0	77280
154.55316	1.0	576609.0	77280
233.91678	1.0	576609.0	77280
42.16761	1.0	576609.0	77280
109.85694	1.0	576609.0	77280
61.06465	1.0	576609.0	77280
113.50544	1.0	576609.0	77280
238.022	1.0	576609.0	77280
506.41605	1.0	576609.0	77280
114.95101	1.0	576609.0	77280
111.83901	1.0	576609.0	77280
81.0186	1.0	576609.0	77280
245.77592	1.0	576609.0	77280
68.73976	1.0	576609.0	77280
156.45143	1.0	576609.0	77280
65.2798	1.0	576609.0	77280
250.95683	1.0	576609.0	77280
49.505142	1.0	576609.0	77280
122.01292	1.0	576609.0	77280
103.24709	1.0	576609.0	77280
190.60762	1.0	576609.0	77280
150.1936	1.0	576609.0	77280
156.33719	1.0	576609.0	77280
742.24506	1.0	576609.0	77280
127.84586	1.0	576609.0	77280
69.17872	1.0	576609.0	77280
89.71233	1.0	576609.0	77280
101.72765	1.0	576609.0	77280
91.994606	1.0	576609.0	77280
293.11212	1.0	576609.0	77280
219.34741	1.0	576609.0	77280
107.31089	1.0	576609.0	77280
168.11446	1.0	576609.0	77280
173.5272	1.0	576609.0	77280
396.738	1.0	576609.0	77280
56.516857	1.0	576609.0	77280
64.187645	1.0	576609.0	77280
266.8295	1.0	576609.0	77280
307.95682	1.0	576609.0	77280
52.290813	1.0	576609.0	77280
98.90592	1.0	576609.0	77280
79.91528	1.0	576609.0	77280
75.123184	1.0	576609.0	77280
67.42934	1.0	576609.0	77280
159.9186	1.0	576609.0	77280
197.30309	1.0	576609.0	77280
54.45491	1.0	576609.0	77280
49.252487	1.0	576609.0	77280
294.35663	1.0	576609.0	77280
238.39893	1.0	576609.0	77280
445.96365	1.0	576609.0	77280
376.9517	1.0	576609.0	77280
736.7961	1.0	576609.0	77280
132.59392	1.0	576609.0	77280
77.745186	1.0	576609.0	77280
97.66179	1.0	576609.0	77280
589.35175	1.0	576609.0	77280
253.36023	1.0	576609.0	77280
89.80187	1.0	576609.0	77280
197.75122	1.0	576609.0	77280
235.9953	1.0	576609.0	77280
553.91614	1.0	576609.0	77280
103.84587	1.0	576609.0	77280
272.74554	1.0	576609.0	77280
465.74875	1.0	576609.0	77280
79.697945	1.0	576609.0	77280
177.01459	1.0	576609.0	77280
76.7523	1.0	576609.0	77280
111.77441	1.0	576609.0	77280
150.34206	1.0	576609.0	77280
184.349	1.0	576609.0	77280
453.45105	1.0	576609.0	77280
60.162968	1.0	576609.0	77280
391.3566	1.0	576609.0	77280
169.93805	1.0	576609.0	77280
97.32738	1.0	576609.0	77280
49.606934	1.0	576609.0	77280
119.501755	1.0	576609.0	77280
116.99631	1.0	576609.0	77280
184.51566	1.0	576609.0	77280
190.15498	1.0	576609.0	77280
90.2364	1.0	576609.0	77280
139.40416	1.0	576609.0	77280
170.26395	1.0	576609.0	77280
99.94966	1.0	576609.0	77280
103.63062	1.0	576609.0	77280
149.70955	1.0	576609.0	77280
174.24068	1.0	576609.0	77280
52.647564	1.0	576609.0	77280
136.482	1.0	576609.0	77280
232.86464	1.0	576609.0	77280
133.98073	1.0	576609.0	77280
99.69432	1.0	576609.0	77280
142.834	1.0	576609.0	77280
211.75594	1.0	576609.0	77280
81.20612	1.0	576609.0	77280
123.28846	1.0	576609.0	77280
94.73819	1.0	576609.0	77280
166.05629	1.0	576609.0	77280
69.505554	1.0	576609.0	77280
130.69576	1.0	576609.0	77280
106.295074	1.0	576609.0	77280
90.09874	1.0	576609.0	77280
54.69659	1.0	576609.0	77280
64.16244	1.0	576609.0	77280
106.78295	1.0	576609.0	77280
86.86746	1.0	576609.0	77280
61.341698	1.0	576609.0	77280
71.050224	1.0	576609.0	77280
121.96031	1.0	576609.0	77280
78.49033	1.0	576609.0	77280
58.903515	1.0	576609.0	77280
166.86913	1.0	576609.0	77280
180.66312	1.0	576609.0	77280
184.6065	1.0	576609.0	77280
165.06216	1.0	576609.0	77280
47.78087	1.0	576609.0	77280
87.87929	1.0	576609.0	77280
39.98527	1.0	576609.0	77280
73.97544	1.0	576609.0	77280
101.676186	1.0	576609.0	77280
111.57508	1.0	576609.0	77280
81.38202	1.0	576609.0	77280
90.03457	1.0	576609.0	77280
35.350143	1.0	576609.0	77280
141.74716	1.0	576609.0	77280
326.0372	1.0	576609.0	77280
98.62167	1.0	576609.0	77280
269.33447	1.0	576609.0	77280
366.75977	1.0	576609.0	77280
103.039635	1.0	576609.0	77280
113.74924	1.0	576609.0	77280
78.04827	1.0	576609.0	77280
106.94861	1.0	576609.0	77280
64.08154	1.0	576609.0	77280
78.750015	1.0	576609.0	77280
141.46844	1.0	576609.0	77280
62.58904	1.0	576609.0	77280
237.46481	1.0	576609.0	77280
127.11616	1.0	576609.0	77280
62.538044	1.0	576609.0	77280
59.897602	1.0	576609.0	77280
117.55168	1.0	576609.0	77280
54.488495	1.0	576609.0	77280
579.01886	1.0	576609.0	77280
149.56891	1.0	576609.0	77280
119.055534	1.0	576609.0	77280
180.82924	1.0	576609.0	77280
99.765076	1.0	576609.0	77280
167.92586	1.0	576609.0	77280
84.269646	1.0	576609.0	77280
70.73047	1.0	576609.0	77280
134.21289	1.0	576609.0	77280
242.44722	1.0	576609.0	77280
163.1755	1.0	576609.0	77280
122.18823	1.0	576609.0	77280
72.775215	1.0	576609.0	77280
52.563496	1.0	576609.0	77280
178.17279	1.0	576609.0	77280
90.51863	1.0	576609.0	77280
179.57979	1.0	576609.0	77280
93.751854	1.0	576609.0	77280
67.76021	1.0	576609.0	77280
54.375088	1.0	576609.0	77280
107.854	1.0	576609.0	77280
252.62473	1.0	576609.0	77280
226.68121	1.0	576609.0	77280
226.30896	1.0	576609.0	77280
61.847397	1.0	576609.0	77280
135.16557	1.0	576609.0	77280
159.2132	1.0	576609.0	77280
137.07101	1.0	576609.0	77280
54.220955	1.0	576609.0	77280
40.055767	1.0	576609.0	77280
45.364895	1.0	576609.0	77280
95.852066	1.0	576609.0	77280
141.51695	1.0	576609.0	77280
125.50342	1.0	576609.0	77280
78.85051	1.0	576609.0	77280
148.63503	1.0	576609.0	77280
102.15664	1.0	576609.0	77280
209.60522	1.0	576609.0	77280
140.83717	1.0	576609.0	77280
175.98668	1.0	576609.0	77280
202.24489	1.0	576609.0	77280
59.59027	1.0	576609.0	77280
167.25626	1.0	576609.0	77280
61.389282	1.0	576609.0	77280
100.7826	1.0	576609.0	77280
39.3004	1.0	576609.0	77280
125.08813	1.0	576609.0	77280
289.23456	1.0	576609.0	77280
66.31583	1.0	576609.0	77280
295.21326	1.0	576609.0	77280
356.857	1.0	576609.0	77280
133.14612	1.0	576609.0	77280
643.94366	1.0	576609.0	77280
183.58466	1.0	576609.0	77280
997.55115	1.0	576609.0	77280
45.657593	1.0	576609.0	77280
633.4505	1.0	576609.0	77280
144.67065	1.0	576609.0	77280
157.31316	1.0	576609.0	77280
178.96342	1.0	576609.0	77280
73.121376	1.0	576609.0	77280
164.81902	1.0	576609.0	77280
84.02628	1.0	576609.0	77280
470.31717	1.0	576609.0	77280
117.695984	1.0	576609.0	77280
695.0382	1.0	576609.0	77280
136.93234	1.0	576609.0	77280
63.80577	1.0	576609.0	77280
193.06136	1.0	576609.0	77280
190.38547	1.0	576609.0	77280
305.63828	1.0	576609.0	77280
147.44293	1.0	576609.0	77280
552.51544	1.0	576609.0	77280
136.08421	1.0	576609.0	77280
62.80272	1.0	576609.0	77280
291.27966	1.0	576609.0	77280
48.446198	1.0	576609.0	77280
44.336365	1.0	576609.0	77280
114.52948	1.0	576609.0	77280
60.998207	1.0	576609.0	77280
400.83133	1.0	576609.0	77280
109.13999	1.0	576609.0	77280
121.12223	1.0	576609.0	77280
424.52008	1.0	576609.0	77280
49.62408	1.0	576609.0	77280
152.10904	1.0	576609.0	77280
340.8816	1.0	576609.0	77280
42.55173	1.0	576609.0	77280
77.24351	1.0	576609.0	77280
57.814533	1.0	576609.0	77280
61.021156	1.0	576609.0	77280
105.12039	1.0	576609.0	77280
221.88202	1.0	576609.0	77280
134.35991	1.0	576609.0	77280
300.6041	1.0	576609.0	77280
110.044495	1.0	576609.0	77280
239.66632	1.0	576609.0	77280
154.00764	1.0	576609.0	77280
723.3936	1.0	576609.0	77280
141.40869	1.0	576609.0	77280
718.69385	1.0	576609.0	77280
232.50911	1.0	576609.0	77280
46.677944	1.0	576609.0	77280
224.58054	1.0	576609.0	77280
71.7905	1.0	576609.0	77280
66.93112	1.0	576609.0	77280
62.710575	1.0	576609.0	77280
120.76602	1.0	576609.0	77280
53.51962	1.0	576609.0	77280
68.91377	1.0	576609.0	77280
72.34077	1.0	576609.0	77280
78.83492	1.0	576609.0	77280
780.1675	1.0	576609.0	77280
78.686295	1.0	576609.0	77280
362.71616	1.0	576609.0	77280
416.10898	1.0	576609.0	77280
108.10535	1.0	576609.0	77280
175.25981	1.0	576609.0	77280
92.25811	1.0	576609.0	77280
234.8425	1.0	576609.0	77280
62.61077	1.0	576609.0	77280
240.24391	1.0	576609.0	77280
143.54504	1.0	576609.0	77280
114.044106	1.0	576609.0	77280
40.39757	1.0	576609.0	77280
337.39157	1.0	576609.0	77280
104.39563	1.0	576609.0	77280
167.48505	1.0	576609.0	77280
324.83304	1.0	576609.0	77280
393.32175	1.0	576609.0	77280
103.94065	1.0	576609.0	77280
105.531715	1.0	576609.0	77280
278.1209	1.0	576609.0	77280
75.208374	1.0	576609.0	77280
112.48045	1.0	576609.0	77280
31.62647	1.0	576609.0	77280
110.716835	1.0	576609.0	77280
108.6494	1.0	576609.0	77280
98.959404	1.0	576609.0	77280
119.33802	1.0	576609.0	77280
71.71982	1.0	576609.0	77280
194.83728	1.0	576609.0	77280
78.57131	1.0	576609.0	77280
388.66336	1.0	576609.0	77280
55.661434	1.0	576609.0	77280
83.8574	1.0	576609.0	77280
720.725	1.0	576609.0	77280
132.00972	1.0	576609.0	77280
410.72748	1.0	576609.0	77280
80.02167	1.0	576609.0	77280
135.50159	1.0	576609.0	77280
61.07324	1.0	576609.0	77280
529.3771	1.0	576609.0	77280
75.41285	1.0	576609.0	77280
171.27197	1.0	576609.0	77280
93.94196	1.0	576609.0	77280
86.1403	1.0	576609.0	77280
164.85786	1.0	576609.0	77280
54.617535	1.0	576609.0	77280
213.20692	1.0	576609.0	77280
286.45993	1.0	576609.0	77280
199.28406	1.0	576609.0	77280
112.638435	1.0	576609.0	77280
543.139	1.0	576609.0	77280
82.06876	1.0	576609.0	77280
155.85411	1.0	576609.0	77280
85.91861	1.0	576609.0	77280
64.05541	1.0	576609.0	77280
138.85606	1.0	576609.0	77280
86.55543	1.0	576609.0	77280
85.16422	1.0	576609.0	77280
55.415604	1.0	576609.0	77280
142.95819	1.0	576609.0	77280
179.93407	1.0	576609.0	77280
149.30006	1.0	576609.0	77280
164.0909	1.0	576609.0	77280
34.32529	1.0	576609.0	77280
546.62524	1.0	576609.0	77280
150.74858	1.0	576609.0	77280
83.39154	1.0	576609.0	77280
51.735485	1.0	576609.0	77280
39.878315	1.0	576609.0	77280
157.09453	1.0	576609.0	77280
96.980736	1.0	576609.0	77280
190.4305	1.0	576609.0	77280
105.34966	1.0	576609.0	77280
121.08106	1.0	576609.0	77280
134.93797	1.0	576609.0	77280
301.34958	1.0	576609.0	77280
208.1717	1.0	576609.0	77280
75.33054	1.0	576609.0	77280
93.519966	1.0	576609.0	77280
87.49408	1.0	576609.0	77280
147.64143	1.0	576609.0	77280
53.207077	1.0	576609.0	77280
595.75305	1.0	576609.0	77280
107.66898	1.0	576609.0	77280
60.482044	1.0	576609.0	77280
39.988106	1.0	576609.0	77280
363.2714	1.0	576609.0	77280
140.07706	1.0	576609.0	77280
52.992317	1.0	576609.0	77280
126.54948	1.0	576609.0	77280
59.493736	1.0	576609.0	77280
247.46014	1.0	576609.0	77280
217.51276	1.0	576609.0	77280
379.4978	1.0	576609.0	77280
235.89526	1.0	576609.0	77280
352.42407	1.0	576609.0	77280
396.4275	1.0	576609.0	77280
147.89026	1.0	576609.0	77280
153.39925	1.0	576609.0	77280
126.69148	1.0	576609.0	77280
101.25197	1.0	576609.0	77280
268.12897	1.0	576609.0	77280
120.68896	1.0	576609.0	77280
54.521862	1.0	576609.0	77280
82.17402	1.0	576609.0	77280
95.84541	1.0	576609.0	77280
94.42733	1.0	576609.0	77280
263.33118	1.0	576609.0	77280
46.327183	1.0	576609.0	77280
142.25157	1.0	576609.0	77280
118.45474	1.0	576609.0	77280
140.215	1.0	576609.0	77280
105.04117	1.0	576609.0	77280
94.17934	1.0	576609.0	77280
42.079655	1.0	576609.0	77280
55.022377	1.0	576609.0	77280
167.99445	1.0	576609.0	77280
332.91	1.0	576609.0	77280
561.7926	1.0	576609.0	77280
595.04834	1.0	576609.0	77280
67.1816	1.0	576609.0	77280
79.16605	1.0	576609.0	77280
261.9451	1.0	576609.0	77280
59.216206	1.0	576609.0	77280
51.404644	1.0	576609.0	77280
130.47382	1.0	576609.0	77280
144.2231	1.0	576609.0	77280
187.03831	1.0	576609.0	77280
49.379875	1.0	576609.0	77280
252.92918	1.0	576609.0	77280
332.10913	1.0	576609.0	77280
142.19032	1.0	576609.0	77280
70.95636	1.0	576609.0	77280
33.527164	1.0	576609.0	77280
173.10498	1.0	576609.0	77280
98.43411	1.0	576609.0	77280
169.65117	1.0	576609.0	77280
144.37718	1.0	576609.0	77280
107.316315	1.0	576609.0	77280
104.72821	1.0	576609.0	77280
191.35226	1.0	576609.0	77280
629.4574	1.0	576609.0	77280
190.03253	1.0	576609.0	77280
64.83901	1.0	576609.0	77280
118.90483	1.0	576609.0	77280
402.75314	1.0	576609.0	77280
95.82439	1.0	576609.0	77280
141.49376	1.0	576609.0	77280
228.3801	1.0	576609.0	77280
557.42706	1.0	576609.0	77280
52.58867	1.0	576609.0	77280
74.35737	1.0	576609.0	77280
95.77474	1.0	576609.0	77280
215.07436	1.0	576609.0	77280
299.16446	1.0	576609.0	77280
342.7128	1.0	576609.0	77280
53.577377	1.0	576609.0	77280
123.897835	1.0	576609.0	77280
122.46326	1.0	576609.0	77280
133.56444	1.0	576609.0	77280
198.35164	1.0	576609.0	77280
105.08041	1.0	576609.0	77280
228.0234	1.0	576609.0	77280
61.242607	1.0	576609.0	77280
209.84064	1.0	576609.0	77280
79.89366	1.0	576609.0	77280
225.69409	1.0	576609.0	77280
202.42772	1.0	576609.0	77280
239.60188	1.0	576609.0	77280
95.61292	1.0	576609.0	77280
152.58873	1.0	576609.0	77280
249.30235	1.0	576609.0	77280
57.274773	1.0	576609.0	77280
164.4072	1.0	576609.0	77280
230.38002	1.0	576609.0	77280
761.4287	1.0	576609.0	77280
133.41875	1.0	576609.0	77280
145.44069	1.0	576609.0	77280
154.92294	1.0	576609.0	77280
109.60604	1.0	576609.0	77280
169.15068	1.0	576609.0	77280
345.5704	1.0	576609.0	77280
426.10565	1.0	576609.0	77280
96.28669	1.0	576609.0	77280
127.95935	1.0	576609.0	77280
65.26505	1.0	576609.0	77280
50.0064	1.0	576609.0	77280
217.20451	1.0	576609.0	77280
45.87576	1.0	576609.0	77280
355.68774	1.0	576609.0	77280
422.7674	1.0	576609.0	77280
177.86821	1.0	576609.0	77280
134.16704	1.0	576609.0	77280
106.86323	1.0	576609.0	77280
642.9402	1.0	576609.0	77280
140.73302	1.0	576609.0	77280
323.44537	1.0	576609.0	77280
107.33964	1.0	576609.0	77280
67.14732	1.0	576609.0	77280
600.5993	1.0	576609.0	77280
64.85572	1.0	576609.0	77280
39.394768	1.0	576609.0	77280
233.11194	1.0	576609.0	77280
49.765533	1.0	576609.0	77280
74.18245	1.0	576609.0	77280
308.3693	1.0	576609.0	77280
54.26679	1.0	576609.0	77280
151.47574	1.0	576609.0	77280
236.01913	1.0	576609.0	77280
253.22224	1.0	576609.0	77280
243.67604	1.0	576609.0	77280
613.4546	1.0	576609.0	77280
97.15584	1.0	576609.0	77280
259.09302	1.0	576609.0	77280
106.214745	1.0	576609.0	77280
218.07924	1.0	576609.0	77280
99.79518	1.0	576609.0	77280
65.2944	1.0	576609.0	77280
131.71835	1.0	576609.0	77280
153.60893	1.0	576609.0	77280
55.938732	1.0	576609.0	77280
379.3801	1.0	576609.0	77280
56.498386	1.0	576609.0	77280
270.2142	1.0	576609.0	77280
93.77056	1.0	576609.0	77280
313.00366	1.0	576609.0	77280
639.8064	1.0	576609.0	77280
485.257	1.0	576609.0	77280
121.637695	1.0	576609.0	77280
227.80498	1.0	576609.0	77280
243.2587	1.0	576609.0	77280
156.0678	1.0	576609.0	77280
88.947784	1.0	576609.0	77280
127.6447	1.0	576609.0	77280
44.3478	1.0	576609.0	77280
92.216194	1.0	576609.0	77280
157.2037	1.0	576609.0	77280
45.586807	1.0	576609.0	77280
149.37172	1.0	576609.0	77280
204.23415	1.0	576609.0	77280
104.26183	1.0	576609.0	77280
49.62947	1.0	576609.0	77280
237.6054	1.0	576609.0	77280
132.2401	1.0	576609.0	77280
103.53048	1.0	576609.0	77280
76.67195	1.0	576609.0	77280
120.534355	1.0	576609.0	77280
49.218414	1.0	576609.0	77280
147.8531	1.0	576609.0	77280
82.881516	1.0	576609.0	77280
240.96275	1.0	576609.0	77280
96.80744	1.0	576609.0	77280
136.84827	1.0	576609.0	77280
329.40915	1.0	576609.0	77280
154.51183	1.0	576609.0	77280
252.08931	1.0	576609.0	77280
514.9317	1.0	576609.0	77280
90.9571	1.0	576609.0	77280
86.783615	1.0	576609.0	77280
172.06644	1.0	576609.0	77280
67.53193	1.0	576609.0	77280
57.218784	1.0	576609.0	77280
52.750145	1.0	576609.0	77280
169.01566	1.0	576609.0	77280
301.0416	1.0	576609.0	77280
83.39684	1.0	576609.0	77280
110.93892	1.0	576609.0	77280
345.7529	1.0	576609.0	77280
92.234886	1.0	576609.0	77280
193.3493	1.0	576609.0	77280
345.78555	1.0	576609.0	77280
146.59723	1.0	576609.0	77280
137.93811	1.0	576609.0	77280
133.36023	1.0	576609.0	77280
104.96505	1.0	576609.0	77280
74.29037	1.0	576609.0	77280
168.46739	1.0	576609.0	77280
125.31902	1.0	576609.0	77280
76.676674	1.0	576609.0	77280
123.914925	1.0	576609.0	77280
66.35912	1.0	576609.0	77280
59.764103	1.0	576609.0	77280
57.666416	1.0	576609.0	77280
467.4182	1.0	576609.0	77280
163.82065	1.0	576609.0	77280
57.85412	1.0	576609.0	77280
59.88666	1.0	576609.0	77280
358.41266	1.0	576609.0	77280
209.65306	1.0	576609.0	77280
55.516018	1.0	576609.0	77280
220.87027	1.0	576609.0	77280
64.33083	1.0	576609.0	77280
236.62387	1.0	576609.0	77280
125.03772	1.0	576609.0	77280
94.25574	1.0	576609.0	77280
225.18706	1.0	576609.0	77280
114.57607	1.0	576609.0	77280
174.14609	1.0	576609.0	77280
78.52283	1.0	576609.0	77280
143.0356	1.0	576609.0	77280
580.96136	1.0	576609.0	77280
235.84242	1.0	576609.0	77280
119.15791	1.0	576609.0	77280
381.87964	1.0	576609.0	77280
111.80105	1.0	576609.0	77280
44.65723	1.0	576609.0	77280
131.51999	1.0	576609.0	77280
152.33557	1.0	576609.0	77280
81.61185	1.0	576609.0	77280
179.60397	1.0	576609.0	77280
150.40256	1.0	576609.0	77280
49.344444	1.0	576609.0	77280
75.70829	1.0	576609.0	77280
103.228745	1.0	576609.0	77280
149.50241	1.0	576609.0	77280
53.912357	1.0	576609.0	77280
145.23991	1.0	576609.0	77280
59.28999	1.0	576609.0	77280
135.94223	1.0	576609.0	77280
49.29732	1.0	576609.0	77280
148.68047	1.0	576609.0	77280
56.103844	1.0	576609.0	77280
430.11145	1.0	576609.0	77280
31.92519	1.0	576609.0	77280
109.061646	1.0	576609.0	77280
105.72819	1.0	576609.0	77280
270.71732	1.0	576609.0	77280
271.60947	1.0	576609.0	77280
122.24747	1.0	576609.0	77280
198.15622	1.0	576609.0	77280
593.094	1.0	576609.0	77280
219.0476	1.0	576609.0	77280
179.31348	1.0	576609.0	77280
75.65087	1.0	576609.0	77280
59.253246	1.0	576609.0	77280
131.50085	1.0	576609.0	77280
47.25272	1.0	576609.0	77280
72.46201	1.0	576609.0	77280
123.17941	1.0	576609.0	77280
150.93898	1.0	576609.0	77280
77.66418	1.0	576609.0	77280
55.324825	1.0	576609.0	77280
217.0062	1.0	576609.0	77280
92.61494	1.0	576609.0	77280
279.11847	1.0	576609.0	77280
595.8854	1.0	576609.0	77280
844.9949	1.0	576609.0	77280
75.00936	1.0	576609.0	77280
146.07843	1.0	576609.0	77280
212.68092	1.0	576609.0	77280
94.700584	1.0	576609.0	77280
172.4836	1.0	576609.0	77280
187.22478	1.0	576609.0	77280
106.09102	1.0	576609.0	77280
148.69681	1.0	576609.0	77280
152.59413	1.0	576609.0	77280
140.77715	1.0	576609.0	77280
126.19347	1.0	576609.0	77280
423.29535	1.0	576609.0	77280
776.9714	1.0	576609.0	77280
22.420061	1.0	576609.0	77280
183.53773	1.0	576609.0	77280
70.55692	1.0	576609.0	77280
73.665794	1.0	576609.0	77280
166.05351	1.0	576609.0	77280
403.56363	1.0	576609.0	77280
162.1122	1.0	576609.0	77280
677.72614	1.0	576609.0	77280
543.68854	1.0	576609.0	77280
328.38583	1.0	576609.0	77280
71.19469	1.0	576609.0	77280
263.1199	1.0	576609.0	77280
95.10376	1.0	576609.0	77280
154.68372	1.0	576609.0	77280
124.01577	1.0	576609.0	77280
158.70535	1.0	576609.0	77280
82.47664	1.0	576609.0	77280
200.12756	1.0	576609.0	77280
123.54951	1.0	576609.0	77280
275.95657	1.0	576609.0	77280
227.03903	1.0	576609.0	77280
80.04145	1.0	576609.0	77280
130.84674	1.0	576609.0	77280
49.779747	1.0	576609.0	77280
140.69493	1.0	576609.0	77280
80.18493	1.0	576609.0	77280
111.586	1.0	576609.0	77280
160.6757	1.0	576609.0	77280
101.835075	1.0	576609.0	77280
135.77077	1.0	576609.0	77280
64.287735	1.0	576609.0	77280
83.878975	1.0	576609.0	77280
131.39899	1.0	576609.0	77280
50.77792	1.0	576609.0	77280
57.52263	1.0	576609.0	77280
225.30469	1.0	576609.0	77280
97.54469	1.0	576609.0	77280
61.003284	1.0	576609.0	77280
78.753265	1.0	576609.0	77280
138.03284	1.0	576609.0	77280
184.91331	1.0	576609.0	77280
54.04529	1.0	576609.0	77280
532.27954	1.0	576609.0	77280
49.628777	1.0	576609.0	77280
77.29105	1.0	576609.0	77280
71.773415	1.0	576609.0	77280
642.9492	1.0	576609.0	77280
103.65589	1.0	576609.0	77280
126.093445	1.0	576609.0	77280
146.64241	1.0	576609.0	77280
223.91391	1.0	576609.0	77280
428.80447	1.0	576609.0	77280
119.30653	1.0	576609.0	77280
253.48059	1.0	576609.0	77280
128.24771	1.0	576609.0	77280
222.60197	1.0	576609.0	77280
277.41016	1.0	576609.0	77280
63.865963	1.0	576609.0	77280
300.2087	1.0	576609.0	77280
153.18912	1.0	576609.0	77280
111.823494	1.0	576609.0	77280
136.59427	1.0	576609.0	77280
91.39979	1.0	576609.0	77280
547.41626	1.0	576609.0	77280
167.55807	1.0	576609.0	77280
150.48914	1.0	576609.0	77280
64.39734	1.0	576609.0	77280
214.78795	1.0	576609.0	77280
851.3107	1.0	576609.0	77280
274.9463	1.0	576609.0	77280
47.39273	1.0	576609.0	77280
97.09006	1.0	576609.0	77280
154.32684	1.0	576609.0	77280
202.55043	1.0	576609.0	77280
48.053013	1.0	576609.0	77280
128.86382	1.0	576609.0	77280
61.352318	1.0	576609.0	77280
63.036922	1.0	576609.0	77280
51.496346	1.0	576609.0	77280
548.782	1.0	576609.0	77280
184.47375	1.0	576609.0	77280
134.16269	1.0	576609.0	77280
609.9003	1.0	576609.0	77280
476.3735	1.0	576609.0	77280
398.3656	1.0	576609.0	77280
254.54277	1.0	576609.0	77280
108.672905	1.0	576609.0	77280
139.41437	1.0	576609.0	77280
106.16406	1.0	576609.0	77280
418.13742	1.0	576609.0	77280
119.59311	1.0	576609.0	77280
101.20458	1.0	576609.0	77280
246.06108	1.0	576609.0	77280
129.60118	1.0	576609.0	77280
62.02961	1.0	576609.0	77280
168.12773	1.0	576609.0	77280
73.63038	1.0	576609.0	77280
85.53316	1.0	576609.0	77280
82.24429	1.0	576609.0	77280
164.23068	1.0	576609.0	77280
48.77807	1.0	576609.0	77280
124.38268	1.0	576609.0	77280
60.570194	1.0	576609.0	77280
61.370422	1.0	576609.0	77280
83.30097	1.0	576609.0	77280
112.69243	1.0	576609.0	77280
506.60562	1.0	576609.0	77280
208.34467	1.0	576609.0	77280
159.02419	1.0	576609.0	77280
192.05872	1.0	576609.0	77280
68.14248	1.0	576609.0	77280
226.15016	1.0	576609.0	77280
218.3476	1.0	576609.0	77280
91.9711	1.0	576609.0	77280
107.57171	1.0	576609.0	77280
68.46455	1.0	576609.0	77280
74.7342	1.0	576609.0	77280
565.92163	1.0	576609.0	77280
54.47156	1.0	576609.0	77280
69.25195	1.0	576609.0	77280
555.94574	1.0	576609.0	77280
88.91158	1.0	576609.0	77280
80.88774	1.0	576609.0	77280
176.58156	1.0	576609.0	77280
97.502594	1.0	576609.0	77280
489.138	1.0	576609.0	77280
518.49664	1.0	576609.0	77280
163.37567	1.0	576609.0	77280
40.275997	1.0	576609.0	77280
159.2997	1.0	576609.0	77280
281.00534	1.0	576609.0	77280
182.37239	1.0	576609.0	77280
350.6999	1.0	576609.0	77280
82.824646	1.0	576609.0	77280
304.418	1.0	576609.0	77280
121.49636	1.0	576609.0	77280
450.58356	1.0	576609.0	77280
48.500896	1.0	576609.0	77280
130.40854	1.0	576609.0	77280
215.56726	1.0	576609.0	77280
123.409485	1.0	576609.0	77280
92.30744	1.0	576609.0	77280
108.89407	1.0	576609.0	77280
397.14932	1.0	576609.0	77280
209.47049	1.0	576609.0	77280
669.7815	1.0	576609.0	77280
54.33427	1.0	576609.0	77280
65.100876	1.0	576609.0	77280
53.88737	1.0	576609.0	77280
298.67145	1.0	576609.0	77280
88.7651	1.0	576609.0	77280
111.559494	1.0	576609.0	77280
188.21014	1.0	576609.0	77280
103.45174	1.0	576609.0	77280
192.37936	1.0	576609.0	77280
328.31876	1.0	576609.0	77280
51.553772	1.0	576609.0	77280
320.75165	1.0	576609.0	77280
120.11033	1.0	576609.0	77280
142.13245	1.0	576609.0	77280
75.36495	1.0	576609.0	77280
136.16559	1.0	576609.0	77280
813.5693	1.0	576609.0	77280
376.61856	1.0	576609.0	77280
197.8185	1.0	576609.0	77280
156.44957	1.0	576609.0	77280
85.61077	1.0	576609.0	77280
96.66909	1.0	576609.0	77280
52.76857	1.0	576609.0	77280
121.808014	1.0	576609.0	77280
64.777275	1.0	576609.0	77280
107.01462	1.0	576609.0	77280
160.19626	1.0	576609.0	77280
149.4745	1.0	576609.0	77280
170.80536	1.0	576609.0	77280
340.0489	1.0	576609.0	77280
150.15086	1.0	576609.0	77280
115.69248	1.0	576609.0	77280
140.52634	1.0	576609.0	77280
420.7613	1.0	576609.0	77280
114.20204	1.0	576609.0	77280
155.73894	1.0	576609.0	77280
57.253906	1.0	576609.0	77280
123.53883	1.0	576609.0	77280
174.58315	1.0	576609.0	77280
87.1773	1.0	576609.0	77280
107.35449	1.0	576609.0	77280
72.555305	1.0	576609.0	77280
48.017704	1.0	576609.0	77280
89.20394	1.0	576609.0	77280
120.20207	1.0	576609.0	77280
132.32077	1.0	576609.0	77280
84.87028	1.0	576609.0	77280
89.60396	1.0	576609.0	77280
172.69785	1.0	576609.0	77280
506.60394	1.0	576609.0	77280
405.8191	1.0	576609.0	77280
165.01633	1.0	576609.0	77280
453.58966	1.0	576609.0	77280
289.48782	1.0	576609.0	77280
65.56483	1.0	576609.0	77280
97.69085	1.0	576609.0	77280
73.54177	1.0	576609.0	77280
66.69918	1.0	576609.0	77280
63.435356	1.0	576609.0	77280
182.83905	1.0	576609.0	77280
21.26464	1.0	576609.0	77280
81.6063	1.0	576609.0	77280
409.05222	1.0	576609.0	77280
161.77155	1.0	576609.0	77280
214.59946	1.0	576609.0	77280
116.93705	1.0	576609.0	77280
148.16873	1.0	576609.0	77280
63.130978	1.0	576609.0	77280
489.8078	1.0	576609.0	77280
53.602192	1.0	576609.0	77280
57.739494	1.0	576609.0	77280
228.62901	1.0	576609.0	77280
51.027676	1.0	576609.0	77280
139.12231	1.0	576609.0	77280
434.26443	1.0	576609.0	77280
265.7038	1.0	576609.0	77280
217.03036	1.0	576609.0	77280
50.898056	1.0	576609.0	77280
82.90339	1.0	576609.0	77280
99.90149	1.0	576609.0	77280
65.84402	1.0	576609.0	77280
60.354076	1.0	576609.0	77280
56.494785	1.0	576609.0	77280
164.91425	1.0	576609.0	77280
470.1182	1.0	576609.0	77280
78.76454	1.0	576609.0	77280
186.31566	1.0	576609.0	77280
59.31497	1.0	576609.0	77280
70.84331	1.0	576609.0	77280
59.512318	1.0	576609.0	77280
59.27537	1.0	576609.0	77280
402.6213	1.0	576609.0	77280
60.191166	1.0	576609.0	77280
124.44288	1.0	576609.0	77280
53.84983	1.0	576609.0	77280
106.16751	1.0	576609.0	77280
87.84703	1.0	576609.0	77280
558.9028	1.0	576609.0	77280
44.490986	1.0	576609.0	77280
121.02612	1.0	576609.0	77280
380.98666	1.0	576609.0	77280
133.51581	1.0	576609.0	77280
174.62575	1.0	576609.0	77280
116.48949	1.0	576609.0	77280
183.64902	1.0	576609.0	77280
72.683914	1.0	576609.0	77280
687.81726	1.0	576609.0	77280
160.66763	1.0	576609.0	77280
235.37938	1.0	576609.0	77280
70.820694	1.0	576609.0	77280
81.25353	1.0	576609.0	77280
69.317665	1.0	576609.0	77280
118.369934	1.0	576609.0	77280
148.50401	1.0	576609.0	77280
51.1915	1.0	576609.0	77280
75.59754	1.0	576609.0	77280
218.46254	1.0	576609.0	77280
163.3402	1.0	576609.0	77280
213.87904	1.0	576609.0	77280
206.41057	1.0	576609.0	77280
486.0271	1.0	576609.0	77280
102.15682	1.0	576609.0	77280
566.9085	1.0	576609.0	77280
90.001434	1.0	576609.0	77280
127.4076	1.0	576609.0	77280
52.185513	1.0	576609.0	77280
164.42755	1.0	576609.0	77280
163.44362	1.0	576609.0	77280
100.26279	1.0	576609.0	77280
314.85754	1.0	576609.0	77280
95.40832	1.0	576609.0	77280
242.77237	1.0	576609.0	77280
127.18325	1.0	576609.0	77280
104.68731	1.0	576609.0	77280
158.19653	1.0	576609.0	77280
96.18316	1.0	576609.0	77280
100.341934	1.0	576609.0	77280
58.22795	1.0	576609.0	77280
47.785492	1.0	576609.0	77280
53.10524	1.0	576609.0	77280
122.51585	1.0	576609.0	77280
57.630486	1.0	576609.0	77280
246.75658	1.0	576609.0	77280
57.331203	1.0	576609.0	77280
152.26158	1.0	576609.0	77280
48.67132	1.0	576609.0	77280
122.830444	1.0	576609.0	77280
101.44352	1.0	576609.0	77280
103.56512	1.0	576609.0	77280
60.471222	1.0	576609.0	77280
426.5214	1.0	576609.0	77280
168.96086	1.0	576609.0	77280
86.56779	1.0	576609.0	77280
164.61667	1.0	576609.0	77280
132.38979	1.0	576609.0	77280
518.10236	1.0	576609.0	77280
63.624264	1.0	576609.0	77280
90.13238	1.0	576609.0	77280
64.81013	1.0	576609.0	77280
208.26883	1.0	576609.0	77280
123.77207	1.0	576609.0	77280
96.886795	1.0	576609.0	77280
79.56305	1.0	576609.0	77280
66.90607	1.0	576609.0	77280
191.2178	1.0	576609.0	77280
111.29033	1.0	576609.0	77280
67.357735	1.0	576609.0	77280
111.35641	1.0	576609.0	77280
76.867874	1.0	576609.0	77280
163.69359	1.0	576609.0	77280
56.089115	1.0	576609.0	77280
163.11572	1.0	576609.0	77280
98.24724	1.0	576609.0	77280
111.41884	1.0	576609.0	77280
109.25685	1.0	576609.0	77280
140.0672	1.0	576609.0	77280
73.47296	1.0	576609.0	77280
277.86633	1.0	576609.0	77280
92.51835	1.0	576609.0	77280
517.4126	1.0	576609.0	77280
110.99627	1.0	576609.0	77280
131.26787	1.0	576609.0	77280
127.25789	1.0	576609.0	77280
108.59356	1.0	576609.0	77280
177.17786	1.0	576609.0	77280
921.56946	1.0	576609.0	77280
51.616737	1.0	576609.0	77280
127.77095	1.0	576609.0	77280
353.16766	1.0	576609.0	77280
156.37587	1.0	576609.0	77280
190.6508	1.0	576609.0	77280
73.14998	1.0	576609.0	77280
175.97102	1.0	576609.0	77280
402.56927	1.0	576609.0	77280
182.6385	1.0	576609.0	77280
136.43297	1.0	576609.0	77280
82.638245	1.0	576609.0	77280
187.61713	1.0	576609.0	77280
332.1083	1.0	576609.0	77280
64.798775	1.0	576609.0	77280
194.64073	1.0	576609.0	77280
301.7181	1.0	576609.0	77280
178.19438	1.0	576609.0	77280
150.5931	1.0	576609.0	77280
79.6674	1.0	576609.0	77280
44.930164	1.0	576609.0	77280
172.43324	1.0	576609.0	77280
149.3166	1.0	576609.0	77280
100.47483	1.0	576609.0	77280
315.0964	1.0	576609.0	77280
105.579346	1.0	576609.0	77280
62.925156	1.0	576609.0	77280
73.2529	1.0	576609.0	77280
69.44204	1.0	576609.0	77280
145.34149	1.0	576609.0	77280
694.8378	1.0	576609.0	77280
73.37393	1.0	576609.0	77280
93.443695	1.0	576609.0	77280
98.45098	1.0	576609.0	77280
45.362583	1.0	576609.0	77280
251.07265	1.0	576609.0	77280
117.47914	1.0	576609.0	77280
49.1474	1.0	576609.0	77280
54.137157	1.0	576609.0	77280
318.93817	1.0	576609.0	77280
33.94234	1.0	576609.0	77280
86.06079	1.0	576609.0	77280
121.29834	1.0	576609.0	77280
298.2647	1.0	576609.0	77280
161.61781	1.0	576609.0	77280
516.0161	1.0	576609.0	77280
852.21497	1.0	576609.0	77280
388.88397	1.0	576609.0	77280
98.33115	1.0	576609.0	77280
185.21481	1.0	576609.0	77280
185.42638	1.0	576609.0	77280
196.74672	1.0	576609.0	77280
48.740616	1.0	576609.0	77280
49.34333	1.0	576609.0	77280
80.77407	1.0	576609.0	77280
138.37524	1.0	576609.0	77280
209.35587	1.0	576609.0	77280
41.038494	1.0	576609.0	77280
277.37073	1.0	576609.0	77280
88.192024	1.0	576609.0	77280
227.91388	1.0	576609.0	77280
146.90956	1.0	576609.0	77280
326.65274	1.0	576609.0	77280
499.86337	1.0	576609.0	77280
213.88335	1.0	576609.0	77280
114.8317	1.0	576609.0	77280
426.80798	1.0	576609.0	77280
45.912247	1.0	576609.0	77280
86.56079	1.0	576609.0	77280
82.40848	1.0	576609.0	77280
214.65416	1.0	576609.0	77280
97.29865	1.0	576609.0	77280
201.20827	1.0	576609.0	77280
47.006847	1.0	576609.0	77280
106.891754	1.0	576609.0	77280
490.75366	1.0	576609.0	77280
248.5654	1.0	576609.0	77280
121.089096	1.0	576609.0	77280
260.5818	1.0	576609.0	77280
554.20416	1.0	576609.0	77280
58.231472	1.0	576609.0	77280
93.0559	1.0	576609.0	77280
63.26567	1.0	576609.0	77280
356.05685	1.0	576609.0	77280
181.98056	1.0	576609.0	77280
126.32543	1.0	576609.0	77280
166.51129	1.0	576609.0	77280
95.01422	1.0	576609.0	77280
77.92576	1.0	576609.0	77280
53.392773	1.0	576609.0	77280
181.6989	1.0	576609.0	77280
142.08258	1.0	576609.0	77280
113.98259	1.0	576609.0	77280
58.087437	1.0	576609.0	77280
96.49019	1.0	576609.0	77280
138.5494	1.0	576609.0	77280
71.027664	1.0	576609.0	77280
310.51123	1.0	576609.0	77280
877.72144	1.0	576609.0	77280
273.11227	1.0	576609.0	77280
113.89693	1.0	576609.0	77280
252.01247	1.0	576609.0	77280
278.82785	1.0	576609.0	77280
399.1018	1.0	576609.0	77280
51.121887	1.0	576609.0	77280
74.47204	1.0	576609.0	77280
246.84659	1.0	576609.0	77280
182.61548	1.0	576609.0	77280
441.60574	1.0	576609.0	77280
330.3912	1.0	576609.0	77280
196.45494	1.0	576609.0	77280
71.2235	1.0	576609.0	77280
153.27101	1.0	576609.0	77280
217.97641	1.0	576609.0	77280
112.23532	1.0	576609.0	77280
48.305195	1.0	576609.0	77280
79.73745	1.0	576609.0	77280
143.8244	1.0	576609.0	77280
363.44153	1.0	576609.0	77280
443.05295	1.0	576609.0	77280
116.72188	1.0	576609.0	77280
293.54993	1.0	576609.0	77280
80.81611	1.0	576609.0	77280
96.077866	1.0	576609.0	77280
299.80066	1.0	576609.0	77280
80.097984	1.0	576609.0	77280
865.02893	1.0	576609.0	77280
136.82204	1.0	576609.0	77280
134.52612	1.0	576609.0	77280
196.32964	1.0	576609.0	77280
98.43697	1.0	576609.0	77280
265.27325	1.0	576609.0	77280
222.9418	1.0	576609.0	77280
208.07413	1.0	576609.0	77280
59.58459	1.0	576609.0	77280
40.016754	1.0	576609.0	77280
106.61293	1.0	576609.0	77280
214.73619	1.0	576609.0	77280
334.8162	1.0	576609.0	77280
78.77226	1.0	576609.0	77280
648.71454	1.0	576609.0	77280
106.19175	1.0	576609.0	77280
167.41782	1.0	576609.0	77280
227.31578	1.0	576609.0	77280
50.37416	1.0	576609.0	77280
163.90678	1.0	576609.0	77280
281.33307	1.0	576609.0	77280
45.21921	1.0	576609.0	77280
49.391193	1.0	576609.0	77280
142.90779	1.0	576609.0	77280
126.6512	1.0	576609.0	77280
110.499954	1.0	576609.0	77280
100.852196	1.0	576609.0	77280
54.945663	1.0	576609.0	77280
57.395508	1.0	576609.0	77280
353.45258	1.0	576609.0	77280
273.51193	1.0	576609.0	77280
99.37841	1.0	576609.0	77280
175.38634	1.0	576609.0	77280
212.1536	1.0	576609.0	77280
791.58276	1.0	576609.0	77280
234.56532	1.0	576609.0	77280
54.16435	1.0	576609.0	77280
71.25501	1.0	576609.0	77280
141.61378	1.0	576609.0	77280
80.76425	1.0	576609.0	77280
62.818497	1.0	576609.0	77280
203.07901	1.0	576609.0	77280
132.26051	1.0	576609.0	77280
59.874325	1.0	576609.0	77280
111.36115	1.0	576609.0	77280
261.15646	1.0	576609.0	77280
321.4013	1.0	576609.0	77280
149.1074	1.0	576609.0	77280
376.8222	1.0	576609.0	77280
90.49856	1.0	576609.0	77280
167.21861	1.0	576609.0	77280
