lep_pt	AK8_pt	AK4_pt	M_sd	genWeights	sumWeight	N_exp
52.165554	225.375	86.125	27.671875	72.6983	95186230.0	12199200
86.66427	294.75	92.0625	1.3203125	72.6983	95186230.0	12199200
131.4487	415.75	103.75	68.8125	72.6983	95186230.0	12199200
49.3074	245.875	126.875	89.9375	72.6983	95186230.0	12199200
91.64451	216.25	78.625	29.4375	72.6983	95186230.0	12199200
40.31311	232.75	108.25	6.2460938	72.6983	95186230.0	12199200
107.46799	230.25	39.40625	9.6171875	72.6983	95186230.0	12199200
57.129623	413.25	49.5625	24.984375	72.6983	95186230.0	12199200
47.408955	518.0	96.75	70.6875	72.6983	95186230.0	12199200
87.99656	204.125	79.25	29.328125	72.6983	95186230.0	12199200
97.4516	316.5	92.9375	12.7265625	72.6983	95186230.0	12199200
226.5304	304.25	50.1875	8.453125	72.6983	95186230.0	12199200
60.312344	210.25	103.25	77.1875	72.6983	95186230.0	12199200
50.442417	241.125	69.25	56.75	72.6983	95186230.0	12199200
72.65643	262.5	29.578125	58.625	72.6983	95186230.0	12199200
71.61491	427.75	64.5625	33.8125	72.6983	95186230.0	12199200
57.826042	246.125	141.625	15.09375	72.6983	95186230.0	12199200
111.21882	248.75	55.8125	62.65625	72.6983	95186230.0	12199200
60.24583	204.375	120.8125	2.8300781	72.6983	95186230.0	12199200
51.526447	242.25	121.875	0.57666016	72.6983	95186230.0	12199200
66.94843	231.125	153.625	8.3359375	72.6983	95186230.0	12199200
47.38838	226.75	113.625	28.1875	72.6983	95186230.0	12199200
57.85473	231.625	120.9375	3.8867188	72.6983	95186230.0	12199200
135.75214	321.5	45.875	1.2441406	72.6983	95186230.0	12199200
64.8879	203.125	67.4375	40.6875	72.6983	95186230.0	12199200
69.95725	388.75	67.9375	19.453125	72.6983	95186230.0	12199200
143.88058	389.75	111.25	64.5625	72.6983	95186230.0	12199200
71.66867	225.75	70.6875	5.4492188	72.6983	95186230.0	12199200
61.19679	320.5	85.9375	107.875	72.6983	95186230.0	12199200
76.04383	248.25	91.8125	35.4375	72.6983	95186230.0	12199200
68.74651	453.0	69.875	3.7597656	72.6983	95186230.0	12199200
86.2472	239.75	160.125	27.328125	72.6983	95186230.0	12199200
154.26424	733.5	32.71875	7.703125	72.6983	95186230.0	12199200
88.4585	200.875	48.03125	11.5703125	72.6983	95186230.0	12199200
56.428333	211.5	96.125	1.7148438	72.6983	95186230.0	12199200
35.868687	241.25	62.09375	60.65625	72.6983	95186230.0	12199200
128.67824	291.75	66.0625	40.4375	72.6983	95186230.0	12199200
61.966038	272.75	90.0625	2.578125	72.6983	95186230.0	12199200
150.95705	553.5	109.75	55.21875	72.6983	95186230.0	12199200
44.04119	221.625	74.625	56.90625	72.6983	95186230.0	12199200
71.14132	325.25	29.484375	9.0390625	72.6983	95186230.0	12199200
58.22451	297.5	82.25	3.3007812	72.6983	95186230.0	12199200
131.0735	439.75	78.6875	1.0126953	72.6983	95186230.0	12199200
68.34232	218.625	57.5625	10.6953125	72.6983	95186230.0	12199200
106.3605	495.75	52.8125	10.6328125	72.6983	95186230.0	12199200
69.650795	299.25	98.25	10.3671875	72.6983	95186230.0	12199200
69.90835	310.0	98.625	5.2226562	72.6983	95186230.0	12199200
50.673428	210.875	73.6875	2.4511719	72.6983	95186230.0	12199200
51.00236	228.875	63.84375	86.75	72.6983	95186230.0	12199200
129.53778	211.5	86.6875	97.0	72.6983	95186230.0	12199200
131.7767	209.75	90.5	2.1367188	72.6983	95186230.0	12199200
42.27166	262.5	148.125	41.84375	72.6983	95186230.0	12199200
23.715456	258.75	65.8125	3.4785156	72.6983	95186230.0	12199200
144.62355	572.5	37.8125	33.25	72.6983	95186230.0	12199200
47.473705	245.25	140.375	101.1875	72.6983	95186230.0	12199200
148.12311	228.375	105.125	1.3857422	72.6983	95186230.0	12199200
186.33322	265.25	180.125	122.3125	72.6983	95186230.0	12199200
58.258663	287.25	63.28125	5.1015625	72.6983	95186230.0	12199200
80.42958	253.25	46.21875	31.78125	72.6983	95186230.0	12199200
135.59059	236.75	141.875	3.9414062	72.6983	95186230.0	12199200
110.74152	467.5	144.0	202.375	72.6983	95186230.0	12199200
170.37227	251.875	58.46875	2.3671875	72.6983	95186230.0	12199200
55.323254	353.75	82.5625	140.75	72.6983	95186230.0	12199200
144.74435	221.625	118.0	2.1738281	72.6983	95186230.0	12199200
85.45608	235.375	36.375	3.4609375	72.6983	95186230.0	12199200
147.9442	347.25	47.4375	6.9453125	72.6983	95186230.0	12199200
165.38063	402.5	38.6875	12.8046875	72.6983	95186230.0	12199200
78.959915	218.75	151.75	46.96875	72.6983	95186230.0	12199200
54.705215	330.25	33.15625	0.14379883	72.6983	95186230.0	12199200
115.57662	222.875	37.75	50.21875	72.6983	95186230.0	12199200
53.768684	220.5	90.4375	55.5625	72.6983	95186230.0	12199200
28.637173	268.0	127.75	64.8125	72.6983	95186230.0	12199200
66.42796	211.0	72.25	4.2539062	72.6983	95186230.0	12199200
73.420975	227.125	129.5	54.625	72.6983	95186230.0	12199200
81.330284	402.75	49.46875	2.7519531	72.6983	95186230.0	12199200
54.921932	232.0	59.5	8.3828125	72.6983	95186230.0	12199200
60.52504	268.25	64.0625	17.515625	72.6983	95186230.0	12199200
81.779335	216.0	50.5625	46.5625	72.6983	95186230.0	12199200
74.16175	315.0	115.8125	117.9375	72.6983	95186230.0	12199200
37.187634	236.0	34.5625	5.375	72.6983	95186230.0	12199200
77.22787	205.0	40.03125	4.7460938	72.6983	95186230.0	12199200
77.309555	215.75	104.5625	6.0273438	72.6983	95186230.0	12199200
57.90366	214.25	130.25	2.7050781	72.6983	95186230.0	12199200
36.943512	201.875	80.125	103.0625	72.6983	95186230.0	12199200
93.31576	295.0	37.0625	6.296875	72.6983	95186230.0	12199200
26.53692	220.75	61.03125	10.6328125	72.6983	95186230.0	12199200
97.90752	316.25	74.125	64.75	72.6983	95186230.0	12199200
53.070133	241.125	90.125	95.375	72.6983	95186230.0	12199200
57.627235	217.25	123.3125	6.5703125	72.6983	95186230.0	12199200
86.01334	204.75	96.875	11.4765625	72.6983	95186230.0	12199200
106.46612	215.25	59.15625	4.4101562	72.6983	95186230.0	12199200
65.45394	291.0	86.8125	10.1640625	72.6983	95186230.0	12199200
80.53497	222.0	69.0	5.7890625	72.6983	95186230.0	12199200
81.48369	200.25	25.390625	6.546875	72.6983	95186230.0	12199200
92.752625	272.25	145.0	45.34375	72.6983	95186230.0	12199200
66.74272	214.0	77.25	59.0625	72.6983	95186230.0	12199200
48.665245	213.5	93.625	20.9375	72.6983	95186230.0	12199200
56.716698	321.0	98.875	62.78125	72.6983	95186230.0	12199200
57.316704	276.75	58.28125	1.4033203	72.6983	95186230.0	12199200
93.597374	226.25	26.109375	3.2734375	72.6983	95186230.0	12199200
100.24576	730.5	60.90625	7.328125	72.6983	95186230.0	12199200
55.486362	302.0	92.625	2.3828125	72.6983	95186230.0	12199200
58.173786	280.75	29.75	3.1933594	72.6983	95186230.0	12199200
114.72172	538.0	81.25	2.453125	72.6983	95186230.0	12199200
105.68765	209.75	46.0	80.3125	72.6983	95186230.0	12199200
57.70505	342.0	36.0	20.5625	72.6983	95186230.0	12199200
85.05942	281.25	108.8125	3.9882812	72.6983	95186230.0	12199200
70.665565	362.75	132.25	6.1484375	72.6983	95186230.0	12199200
115.542305	344.25	139.125	1.7207031	72.6983	95186230.0	12199200
90.720085	319.5	29.703125	5.1367188	72.6983	95186230.0	12199200
72.92126	223.125	65.625	10.765625	72.6983	95186230.0	12199200
96.46912	263.5	70.75	29.90625	72.6983	95186230.0	12199200
96.934845	288.0	54.71875	4.4179688	72.6983	95186230.0	12199200
103.64077	222.25	85.0	4.90625	72.6983	95186230.0	12199200
46.4184	310.25	54.03125	14.4375	72.6983	95186230.0	12199200
51.305595	221.5	90.75	73.0625	72.6983	95186230.0	12199200
67.05656	325.25	80.5625	15.0625	72.6983	95186230.0	12199200
61.39328	233.625	149.375	25.71875	72.6983	95186230.0	12199200
92.23263	250.375	67.125	2.0859375	72.6983	95186230.0	12199200
77.53839	380.0	118.0625	1.9316406	72.6983	95186230.0	12199200
86.624275	253.625	43.53125	2.2070312	72.6983	95186230.0	12199200
65.76427	207.75	55.96875	62.71875	72.6983	95186230.0	12199200
139.67792	278.5	129.75	3.2148438	72.6983	95186230.0	12199200
108.16668	228.875	50.21875	5.4960938	72.6983	95186230.0	12199200
88.359566	212.375	97.6875	7.137656e-06	72.6983	95186230.0	12199200
101.24231	224.125	30.625	4.4140625	72.6983	95186230.0	12199200
56.2854	202.125	164.5	4.15625	72.6983	95186230.0	12199200
46.893448	400.25	49.46875	28.703125	72.6983	95186230.0	12199200
105.45436	559.0	27.3125	103.75	72.6983	95186230.0	12199200
54.387142	369.0	110.25	0.7583008	72.6983	95186230.0	12199200
37.473095	213.125	78.5	23.453125	72.6983	95186230.0	12199200
84.47982	212.375	100.25	21.75	72.6983	95186230.0	12199200
114.82101	220.5	74.625	111.3125	72.6983	95186230.0	12199200
46.700443	417.5	39.75	125.0625	72.6983	95186230.0	12199200
101.19855	322.0	85.625	97.3125	72.6983	95186230.0	12199200
43.580193	217.5	102.3125	2.7929688	72.6983	95186230.0	12199200
93.60679	295.0	81.3125	63.5625	72.6983	95186230.0	12199200
35.030922	295.5	73.625	6.1875	72.6983	95186230.0	12199200
84.17372	208.125	65.0625	4.75	72.6983	95186230.0	12199200
173.5495	294.0	98.375	36.0	72.6983	95186230.0	12199200
154.96326	792.5	144.25	91.0625	72.6983	95186230.0	12199200
69.771095	226.5	127.8125	82.0625	72.6983	95186230.0	12199200
55.547264	222.625	83.3125	20.234375	72.6983	95186230.0	12199200
37.759842	228.75	63.21875	13.7265625	72.6983	95186230.0	12199200
61.54067	248.25	56.5625	71.4375	72.6983	95186230.0	12199200
95.99694	260.25	73.875	118.4375	72.6983	95186230.0	12199200
54.085518	252.875	113.0625	4.4765625	72.6983	95186230.0	12199200
209.6594	234.875	79.5625	2.1953125	72.6983	95186230.0	12199200
148.15858	590.0	63.5	68.875	72.6983	95186230.0	12199200
197.88406	316.25	87.625	10.1875	72.6983	95186230.0	12199200
93.90521	257.25	114.4375	66.3125	72.6983	95186230.0	12199200
98.7929	311.0	58.21875	69.75	72.6983	95186230.0	12199200
20.285662	244.625	82.5	1.4228516	72.6983	95186230.0	12199200
119.17622	401.0	127.0625	3.1113281	72.6983	95186230.0	12199200
128.56996	479.25	97.5	227.75	72.6983	95186230.0	12199200
70.66039	272.0	31.421875	33.9375	72.6983	95186230.0	12199200
55.180733	246.875	58.3125	6.8007812	72.6983	95186230.0	12199200
53.551193	226.75	67.1875	4.8476562	72.6983	95186230.0	12199200
81.72045	240.25	157.0	74.125	72.6983	95186230.0	12199200
96.26165	227.625	144.125	3.3007812	72.6983	95186230.0	12199200
107.32735	295.0	69.125	30.9375	72.6983	95186230.0	12199200
140.31102	300.75	62.375	5.4257812	72.6983	95186230.0	12199200
296.36108	477.0	162.875	94.125	72.6983	95186230.0	12199200
100.4811	252.375	39.71875	20.3125	72.6983	95186230.0	12199200
68.98311	449.25	133.25	184.125	72.6983	95186230.0	12199200
92.1288	451.0	62.28125	4.6289062	72.6983	95186230.0	12199200
127.760574	251.375	39.59375	13.0	72.6983	95186230.0	12199200
37.206913	253.125	56.0625	7.9257812	72.6983	95186230.0	12199200
51.40643	215.875	97.75	13.09375	72.6983	95186230.0	12199200
99.906395	201.375	34.0625	3.8515625	72.6983	95186230.0	12199200
61.121933	228.75	102.8125	4.2148438	72.6983	95186230.0	12199200
143.1574	546.0	98.625	12.859375	72.6983	95186230.0	12199200
62.416775	230.625	163.625	2.4277344	72.6983	95186230.0	12199200
69.59172	389.75	103.8125	109.5	72.6983	95186230.0	12199200
82.21797	268.5	44.6875	5.4921875	72.6983	95186230.0	12199200
83.07456	203.5	44.15625	26.140625	72.6983	95186230.0	12199200
111.896454	415.5	43.46875	41.34375	72.6983	95186230.0	12199200
44.264034	247.25	107.625	40.1875	72.6983	95186230.0	12199200
102.04514	206.5	71.0625	24.21875	72.6983	95186230.0	12199200
40.89565	249.125	61.0	4.265625	72.6983	95186230.0	12199200
41.877674	267.0	150.875	40.0	72.6983	95186230.0	12199200
40.302017	346.0	88.875	2.1484375	72.6983	95186230.0	12199200
64.41731	235.875	107.375	2.2851562	72.6983	95186230.0	12199200
61.945972	278.25	88.0625	6.234375	72.6983	95186230.0	12199200
125.68135	215.25	30.890625	5.5625	72.6983	95186230.0	12199200
103.48917	356.75	65.625	96.6875	72.6983	95186230.0	12199200
145.57677	208.25	105.5625	7.1679688	72.6983	95186230.0	12199200
83.97218	220.875	54.03125	19.890625	72.6983	95186230.0	12199200
51.413692	205.75	50.96875	62.0625	72.6983	95186230.0	12199200
102.563675	343.75	89.875	6.2265625	72.6983	95186230.0	12199200
71.49046	206.625	79.875	0.06213379	72.6983	95186230.0	12199200
103.88749	214.75	102.625	1.921875	72.6983	95186230.0	12199200
53.191715	213.5	50.6875	13.9765625	72.6983	95186230.0	12199200
69.770905	461.25	31.0625	7.8046875	72.6983	95186230.0	12199200
51.6805	241.125	46.46875	27.078125	72.6983	95186230.0	12199200
67.44855	308.5	128.0	7.59375	72.6983	95186230.0	12199200
28.938078	244.0	38.53125	45.21875	72.6983	95186230.0	12199200
113.30103	338.0	68.5625	16.015625	72.6983	95186230.0	12199200
83.02059	232.375	54.59375	0.7084961	72.6983	95186230.0	12199200
70.09812	308.0	114.25	7.140625	72.6983	95186230.0	12199200
64.53994	534.0	39.5	102.5625	72.6983	95186230.0	12199200
168.1253	259.0	42.3125	9.6953125	72.6983	95186230.0	12199200
131.1231	268.25	94.5625	41.09375	72.6983	95186230.0	12199200
97.73328	320.5	143.75	26.5	72.6983	95186230.0	12199200
36.845448	220.25	122.375	4.21875	72.6983	95186230.0	12199200
81.43806	249.75	76.0625	2.3710938	72.6983	95186230.0	12199200
61.180313	207.375	117.0	2.1757812	72.6983	95186230.0	12199200
88.746025	204.25	81.8125	77.3125	72.6983	95186230.0	12199200
101.18002	280.25	72.8125	13.5	72.6983	95186230.0	12199200
73.17129	235.875	141.875	2.671875	72.6983	95186230.0	12199200
57.95422	223.375	71.1875	4.4335938	72.6983	95186230.0	12199200
108.540245	298.25	28.484375	4.6992188	72.6983	95186230.0	12199200
86.66813	294.75	74.25	2.7441406	72.6983	95186230.0	12199200
48.509254	218.375	27.765625	2.9746094	72.6983	95186230.0	12199200
86.04324	207.625	99.4375	10.328125	72.6983	95186230.0	12199200
64.32784	262.5	92.8125	3.640625	72.6983	95186230.0	12199200
101.905334	224.25	54.71875	63.21875	72.6983	95186230.0	12199200
27.73502	220.75	108.6875	18.859375	72.6983	95186230.0	12199200
169.32121	237.375	37.28125	3.5	72.6983	95186230.0	12199200
26.222055	223.375	76.375	3.2910156	72.6983	95186230.0	12199200
364.96204	1104.0	91.8125	1.4306641	72.6983	95186230.0	12199200
64.61559	352.25	41.75	1.2207031	72.6983	95186230.0	12199200
84.4081	215.0	30.796875	63.03125	72.6983	95186230.0	12199200
73.01137	333.5	41.0625	97.8125	72.6983	95186230.0	12199200
73.69943	225.625	77.0	5.9726562	72.6983	95186230.0	12199200
43.83416	209.375	139.375	14.921875	72.6983	95186230.0	12199200
67.176445	297.5	148.375	76.6875	72.6983	95186230.0	12199200
136.97575	259.25	74.875	21.1875	72.6983	95186230.0	12199200
82.023224	352.5	33.21875	77.25	72.6983	95186230.0	12199200
87.3856	241.75	27.578125	3.3554688	72.6983	95186230.0	12199200
47.141	224.25	48.78125	2.2871094	72.6983	95186230.0	12199200
45.619125	294.5	120.125	35.9375	72.6983	95186230.0	12199200
54.54398	246.0	45.34375	4.4882812	72.6983	95186230.0	12199200
63.984352	240.875	95.375	89.0	72.6983	95186230.0	12199200
57.25791	214.125	31.078125	34.4375	72.6983	95186230.0	12199200
89.841606	219.625	52.9375	2.8046875	72.6983	95186230.0	12199200
63.447964	386.0	70.25	99.875	72.6983	95186230.0	12199200
81.05447	444.5	67.125	54.28125	72.6983	95186230.0	12199200
117.00758	403.0	39.1875	4.34375	72.6983	95186230.0	12199200
48.523792	413.25	83.9375	2.4199219	72.6983	95186230.0	12199200
59.559456	219.375	79.9375	73.875	72.6983	95186230.0	12199200
53.58535	205.25	30.53125	46.84375	72.6983	95186230.0	12199200
112.6933	239.5	126.0625	1.78125	72.6983	95186230.0	12199200
101.72034	221.625	79.3125	26.1875	72.6983	95186230.0	12199200
181.9988	222.125	113.75	4.8789062	72.6983	95186230.0	12199200
177.46138	583.5	116.0625	22.09375	72.6983	95186230.0	12199200
66.40472	244.625	131.5	95.875	72.6983	95186230.0	12199200
44.941734	276.75	80.3125	11.46875	72.6983	95186230.0	12199200
77.986046	366.5	117.9375	6.2773438	72.6983	95186230.0	12199200
80.49395	517.5	59.25	61.8125	72.6983	95186230.0	12199200
45.23399	244.75	77.6875	0.1496582	72.6983	95186230.0	12199200
71.04201	243.0	113.4375	32.46875	72.6983	95186230.0	12199200
157.71611	321.75	69.125	8.5	72.6983	95186230.0	12199200
304.8521	247.875	59.5625	70.3125	72.6983	95186230.0	12199200
76.4362	207.125	35.84375	21.0	72.6983	95186230.0	12199200
56.488163	240.5	90.1875	0.6035156	72.6983	95186230.0	12199200
104.446175	246.75	74.125	5.171875	72.6983	95186230.0	12199200
103.0155	235.25	51.59375	32.46875	72.6983	95186230.0	12199200
68.935326	226.125	64.6875	4.1640625	72.6983	95186230.0	12199200
76.3487	459.5	43.5625	4.2421875	72.6983	95186230.0	12199200
88.78358	201.0	165.25	-1.8617138e-06	72.6983	95186230.0	12199200
69.70229	231.625	84.75	6.28125	72.6983	95186230.0	12199200
71.03907	209.875	72.8125	6.1484375	72.6983	95186230.0	12199200
88.20248	220.625	104.375	17.046875	72.6983	95186230.0	12199200
130.32484	212.75	65.375	58.625	72.6983	95186230.0	12199200
39.172134	438.5	142.125	44.4375	72.6983	95186230.0	12199200
56.944992	229.625	91.875	3.0097656	72.6983	95186230.0	12199200
30.591438	216.0	87.5	14.9921875	72.6983	95186230.0	12199200
44.339104	251.25	82.1875	2.0820312	72.6983	95186230.0	12199200
96.82626	208.5	51.375	55.09375	72.6983	95186230.0	12199200
105.15389	259.0	86.9375	6.8242188	72.6983	95186230.0	12199200
82.22444	558.0	53.40625	7.3125	72.6983	95186230.0	12199200
58.15516	217.375	48.40625	3.9199219	72.6983	95186230.0	12199200
37.912426	225.0	98.8125	1.5488281	72.6983	95186230.0	12199200
93.91375	298.25	150.125	7.6293945e-06	72.6983	95186230.0	12199200
133.65422	268.5	100.625	48.34375	72.6983	95186230.0	12199200
52.958977	432.0	149.75	31.890625	72.6983	95186230.0	12199200
111.24423	254.5	118.0625	1.5947266	72.6983	95186230.0	12199200
105.43706	267.0	116.625	8.8984375	72.6983	95186230.0	12199200
73.37226	254.875	100.75	2.8984375	72.6983	95186230.0	12199200
71.175514	219.5	66.5	16.21875	72.6983	95186230.0	12199200
79.53718	297.75	32.75	81.5625	72.6983	95186230.0	12199200
77.08125	263.75	70.4375	91.8125	72.6983	95186230.0	12199200
52.801517	221.375	31.453125	10.0234375	72.6983	95186230.0	12199200
44.001625	338.25	115.0	64.75	72.6983	95186230.0	12199200
34.82391	208.75	153.5	85.375	72.6983	95186230.0	12199200
155.40465	484.75	102.3125	79.875	72.6983	95186230.0	12199200
63.762028	209.875	91.3125	28.859375	72.6983	95186230.0	12199200
48.665382	225.5	108.0625	34.46875	72.6983	95186230.0	12199200
126.930756	299.75	57.28125	35.84375	72.6983	95186230.0	12199200
100.58917	331.75	115.1875	2.5761719	72.6983	95186230.0	12199200
157.32129	233.25	57.6875	4.9414062	72.6983	95186230.0	12199200
68.86465	216.875	49.4375	88.0	72.6983	95186230.0	12199200
99.17838	206.375	36.84375	91.625	72.6983	95186230.0	12199200
62.125217	200.25	83.0	14.6640625	72.6983	95186230.0	12199200
190.6813	202.0	112.75	17.265625	72.6983	95186230.0	12199200
45.19975	264.0	85.875	30.171875	72.6983	95186230.0	12199200
177.36703	266.5	87.875	21.9375	72.6983	95186230.0	12199200
36.87632	221.125	140.625	0.021484375	72.6983	95186230.0	12199200
35.197693	223.375	98.75	83.8125	72.6983	95186230.0	12199200
55.03536	203.125	28.109375	47.59375	72.6983	95186230.0	12199200
186.19997	207.625	82.3125	59.375	72.6983	95186230.0	12199200
45.587532	331.25	140.25	58.625	72.6983	95186230.0	12199200
49.86852	237.375	61.59375	57.0625	72.6983	95186230.0	12199200
54.32181	257.5	123.4375	73.5	72.6983	95186230.0	12199200
28.406092	204.5	45.15625	64.125	72.6983	95186230.0	12199200
71.52855	263.5	89.0	59.34375	72.6983	95186230.0	12199200
59.636776	243.375	25.46875	8.2890625	72.6983	95186230.0	12199200
71.842445	379.0	74.6875	21.25	72.6983	95186230.0	12199200
81.339676	218.125	62.875	30.59375	72.6983	95186230.0	12199200
86.74581	237.125	76.0	20.046875	72.6983	95186230.0	12199200
49.152603	274.0	153.875	36.375	72.6983	95186230.0	12199200
68.05783	231.125	61.625	64.5625	72.6983	95186230.0	12199200
39.660847	223.875	58.375	6.8632812	72.6983	95186230.0	12199200
83.85557	232.0	31.703125	59.21875	72.6983	95186230.0	12199200
42.279778	201.375	116.3125	13.4296875	72.6983	95186230.0	12199200
56.979595	208.625	46.8125	8.625	72.6983	95186230.0	12199200
37.81831	236.0	45.34375	10.234375	72.6983	95186230.0	12199200
52.222584	346.0	106.4375	1.1738281	72.6983	95186230.0	12199200
65.446465	229.5	79.1875	56.8125	72.6983	95186230.0	12199200
118.96574	209.625	76.25	54.5625	72.6983	95186230.0	12199200
73.16558	348.5	73.375	12.5703125	72.6983	95186230.0	12199200
77.38293	204.75	106.4375	48.5625	72.6983	95186230.0	12199200
85.94656	405.0	79.125	10.5859375	72.6983	95186230.0	12199200
103.81007	391.0	74.5625	6.90625	72.6983	95186230.0	12199200
123.74419	591.5	122.1875	8.2734375	72.6983	95186230.0	12199200
66.279655	296.25	71.5	82.8125	72.6983	95186230.0	12199200
77.948326	335.5	41.9375	26.1875	72.6983	95186230.0	12199200
44.168648	242.625	80.0625	102.6875	72.6983	95186230.0	12199200
72.56304	221.0	114.9375	4.2382812	72.6983	95186230.0	12199200
58.302124	295.0	153.375	77.25	72.6983	95186230.0	12199200
59.60655	444.0	80.4375	8.0390625	72.6983	95186230.0	12199200
82.55914	212.125	120.875	0.7451172	72.6983	95186230.0	12199200
49.94804	302.25	71.125	52.3125	72.6983	95186230.0	12199200
38.91697	230.875	26.3125	10.53125	72.6983	95186230.0	12199200
61.269917	437.25	137.25	21.078125	72.6983	95186230.0	12199200
65.23339	303.75	43.40625	40.53125	72.6983	95186230.0	12199200
66.887474	218.75	87.25	44.875	72.6983	95186230.0	12199200
127.85478	211.875	124.9375	15.9609375	72.6983	95186230.0	12199200
84.94332	299.25	58.6875	27.046875	72.6983	95186230.0	12199200
74.96699	222.25	64.4375	13.28125	72.6983	95186230.0	12199200
49.412003	276.5	88.5625	54.28125	72.6983	95186230.0	12199200
50.478542	218.875	53.8125	14.6640625	72.6983	95186230.0	12199200
68.06744	214.875	25.625	3.9414062	72.6983	95186230.0	12199200
142.66684	216.0	84.75	5.8476562	72.6983	95186230.0	12199200
59.279476	210.125	27.203125	2.1796875	72.6983	95186230.0	12199200
42.159176	245.375	39.0625	30.0	72.6983	95186230.0	12199200
126.33228	284.75	49.625	2.0722656	72.6983	95186230.0	12199200
87.43616	478.0	93.5	7.0703125	72.6983	95186230.0	12199200
224.87373	243.0	32.375	13.15625	72.6983	95186230.0	12199200
107.0236	214.625	74.5	55.25	72.6983	95186230.0	12199200
74.53424	564.5	127.875	2.1894531	72.6983	95186230.0	12199200
67.122055	210.75	72.5625	29.453125	72.6983	95186230.0	12199200
52.762318	224.125	68.625	5.9140625	72.6983	95186230.0	12199200
143.40895	816.5	46.03125	227.375	72.6983	95186230.0	12199200
123.38921	295.25	61.46875	33.09375	72.6983	95186230.0	12199200
38.321377	265.5	94.5625	10.1328125	72.6983	95186230.0	12199200
95.81697	239.625	88.75	23.296875	72.6983	95186230.0	12199200
62.39966	205.25	134.375	47.03125	72.6983	95186230.0	12199200
155.63084	370.5	75.9375	47.0625	72.6983	95186230.0	12199200
89.75156	465.0	190.5	179.625	72.6983	95186230.0	12199200
98.69225	438.5	159.625	24.484375	72.6983	95186230.0	12199200
39.803425	273.0	38.90625	7.0859375	72.6983	95186230.0	12199200
73.67682	227.5	28.859375	66.8125	72.6983	95186230.0	12199200
104.10063	238.5	37.8125	0.12878418	72.6983	95186230.0	12199200
48.018238	255.75	26.84375	7.4804688	72.6983	95186230.0	12199200
47.02675	350.25	142.375	4.0976562	72.6983	95186230.0	12199200
76.782036	211.75	142.75	50.625	72.6983	95186230.0	12199200
84.85717	206.125	88.375	4.2695312	72.6983	95186230.0	12199200
70.59181	462.25	48.71875	45.78125	72.6983	95186230.0	12199200
62.37958	221.25	98.375	5.484375	72.6983	95186230.0	12199200
75.4124	295.0	59.34375	125.1875	72.6983	95186230.0	12199200
139.04948	207.375	26.703125	22.796875	72.6983	95186230.0	12199200
63.93611	228.375	111.1875	4.1171875	72.6983	95186230.0	12199200
152.88455	213.5	90.4375	14.3359375	72.6983	95186230.0	12199200
79.232635	232.0	82.375	20.546875	72.6983	95186230.0	12199200
66.04433	333.75	113.125	5.8476562	72.6983	95186230.0	12199200
60.188065	292.25	25.140625	88.3125	72.6983	95186230.0	12199200
54.42983	346.25	26.203125	5.015625	72.6983	95186230.0	12199200
185.58647	359.0	48.75	10.4296875	72.6983	95186230.0	12199200
148.61237	344.75	32.09375	8.59375	72.6983	95186230.0	12199200
56.291637	391.25	67.1875	22.84375	72.6983	95186230.0	12199200
110.72459	483.5	76.125	1.4609375	72.6983	95186230.0	12199200
66.013954	216.5	97.625	64.375	72.6983	95186230.0	12199200
107.027534	299.25	90.5625	11.9921875	72.6983	95186230.0	12199200
51.69095	258.25	63.625	106.5625	72.6983	95186230.0	12199200
46.047993	224.0	79.0625	2.7949219	72.6983	95186230.0	12199200
46.59004	366.0	45.46875	95.25	72.6983	95186230.0	12199200
187.27618	216.375	65.75	38.375	72.6983	95186230.0	12199200
134.03326	405.75	71.3125	9.953125	72.6983	95186230.0	12199200
52.6243	253.375	42.25	37.34375	72.6983	95186230.0	12199200
45.658688	413.5	35.3125	41.75	72.6983	95186230.0	12199200
111.15818	275.75	82.5	4.1601562	72.6983	95186230.0	12199200
175.23839	240.25	71.3125	0.9926758	72.6983	95186230.0	12199200
59.499336	238.5	127.5	14.34375	72.6983	95186230.0	12199200
39.66965	323.5	157.625	2.4082031	72.6983	95186230.0	12199200
69.617294	212.75	69.3125	9.7265625	72.6983	95186230.0	12199200
113.91013	382.75	116.5625	2.25	72.6983	95186230.0	12199200
176.59999	217.75	49.09375	46.8125	72.6983	95186230.0	12199200
91.61838	239.25	54.875	51.09375	72.6983	95186230.0	12199200
80.245636	349.5	30.78125	9.3125	72.6983	95186230.0	12199200
60.62884	283.25	117.0625	26.359375	72.6983	95186230.0	12199200
52.17981	201.25	45.625	68.1875	72.6983	95186230.0	12199200
95.256744	393.5	29.21875	13.4609375	72.6983	95186230.0	12199200
51.612415	224.0	76.0625	30.75	72.6983	95186230.0	12199200
63.77876	224.875	152.25	8.34375	72.6983	95186230.0	12199200
69.63291	414.25	139.0	77.25	72.6983	95186230.0	12199200
56.208538	208.0	54.09375	18.75	72.6983	95186230.0	12199200
87.758	273.0	113.75	1.2714844	72.6983	95186230.0	12199200
57.508698	366.5	142.375	177.25	72.6983	95186230.0	12199200
130.13617	244.5	75.25	99.375	72.6983	95186230.0	12199200
60.01695	433.75	141.875	2.6210938	72.6983	95186230.0	12199200
53.54838	202.125	45.0625	39.875	72.6983	95186230.0	12199200
91.25508	267.25	42.40625	5.0625	72.6983	95186230.0	12199200
32.57889	307.75	110.25	27.65625	72.6983	95186230.0	12199200
109.97023	368.75	89.6875	4.8554688	72.6983	95186230.0	12199200
48.16432	327.75	142.25	6.2421875	72.6983	95186230.0	12199200
122.635124	365.5	85.1875	8.7734375	72.6983	95186230.0	12199200
51.583332	240.25	145.5	98.25	-72.6983	95186230.0	12199200
53.40604	230.625	155.125	19.625	72.6983	95186230.0	12199200
67.644875	245.0	76.125	3.7988281	72.6983	95186230.0	12199200
95.89288	221.5	138.25	10.2890625	72.6983	95186230.0	12199200
42.8613	216.875	59.46875	64.625	72.6983	95186230.0	12199200
99.78421	235.375	43.28125	59.96875	72.6983	95186230.0	12199200
59.309956	206.0	65.0	48.5625	72.6983	95186230.0	12199200
98.76462	334.75	30.625	46.5625	72.6983	95186230.0	12199200
60.300877	261.25	57.4375	5.1992188	72.6983	95186230.0	12199200
68.450066	254.75	128.875	17.828125	72.6983	95186230.0	12199200
65.020744	208.125	27.6875	28.796875	72.6983	95186230.0	12199200
78.431114	228.375	63.84375	5.1640625	72.6983	95186230.0	12199200
99.05807	299.0	61.71875	87.0	72.6983	95186230.0	12199200
79.43015	534.5	64.75	5.6640625	72.6983	95186230.0	12199200
107.73758	242.625	48.34375	60.5625	72.6983	95186230.0	12199200
42.134777	268.75	67.0625	25.8125	72.6983	95186230.0	12199200
139.56944	214.875	97.4375	3.1621094	72.6983	95186230.0	12199200
84.13443	203.0	100.1875	9.78125	72.6983	95186230.0	12199200
124.327934	391.25	103.5	1.9570312	72.6983	95186230.0	12199200
200.3112	256.5	156.625	58.65625	72.6983	95186230.0	12199200
73.765114	203.375	75.9375	3.2753906	72.6983	95186230.0	12199200
86.058815	206.5	66.0625	41.5	72.6983	95186230.0	12199200
47.82979	219.375	73.5	7.3554688	72.6983	95186230.0	12199200
96.9603	330.25	75.8125	19.5	72.6983	95186230.0	12199200
50.020264	292.25	33.9375	11.265625	72.6983	95186230.0	12199200
86.42197	249.5	31.546875	1.9150391	72.6983	95186230.0	12199200
110.636925	206.625	63.9375	82.8125	72.6983	95186230.0	12199200
170.5597	329.5	75.4375	95.25	72.6983	95186230.0	12199200
49.538742	203.75	143.0	10.34375	72.6983	95186230.0	12199200
47.41045	244.375	54.90625	52.5625	72.6983	95186230.0	12199200
113.80805	893.5	121.1875	1.8261719	72.6983	95186230.0	12199200
192.8424	408.5	82.9375	23.984375	72.6983	95186230.0	12199200
76.38491	343.0	140.25	48.3125	72.6983	95186230.0	12199200
43.357597	252.75	32.34375	16.671875	72.6983	95186230.0	12199200
102.78645	213.75	50.6875	5.171875	72.6983	95186230.0	12199200
48.35376	209.375	131.125	11.3359375	72.6983	95186230.0	12199200
64.71354	254.0	59.84375	62.25	72.6983	95186230.0	12199200
69.457596	299.0	97.0	7.265625	72.6983	95186230.0	12199200
105.68939	229.25	141.125	5.8828125	72.6983	95186230.0	12199200
83.58638	202.0	98.875	16.0625	72.6983	95186230.0	12199200
31.791656	417.75	78.8125	2.9492188	72.6983	95186230.0	12199200
105.07797	244.25	106.0625	37.84375	72.6983	95186230.0	12199200
125.56913	235.5	36.125	7.1367188	72.6983	95186230.0	12199200
104.479485	218.75	149.5	10.109375	72.6983	95186230.0	12199200
50.718494	206.25	54.0625	41.25	72.6983	95186230.0	12199200
159.7721	533.0	66.125	66.5	72.6983	95186230.0	12199200
25.06647	231.375	102.9375	56.125	72.6983	95186230.0	12199200
109.928795	202.375	82.25	94.25	72.6983	95186230.0	12199200
62.703793	332.25	88.5	5.8632812	72.6983	95186230.0	12199200
30.588137	224.375	68.6875	15.1875	72.6983	95186230.0	12199200
70.658005	229.5	46.71875	17.75	72.6983	95186230.0	12199200
134.33746	355.75	54.3125	7.8242188	72.6983	95186230.0	12199200
76.01042	361.5	35.375	103.5	72.6983	95186230.0	12199200
72.095474	210.125	94.6875	31.0625	72.6983	95186230.0	12199200
42.64332	325.75	138.875	41.03125	72.6983	95186230.0	12199200
60.815796	265.5	114.9375	19.484375	72.6983	95186230.0	12199200
55.822227	589.0	107.125	195.75	72.6983	95186230.0	12199200
94.7206	353.0	48.4375	57.21875	72.6983	95186230.0	12199200
64.10634	300.75	108.625	29.625	72.6983	95186230.0	12199200
66.68001	210.375	102.9375	3.6464844	72.6983	95186230.0	12199200
49.500904	213.375	79.3125	46.5	72.6983	95186230.0	12199200
79.74412	228.75	125.25	32.3125	72.6983	95186230.0	12199200
88.61439	220.25	54.78125	9.953125	72.6983	95186230.0	12199200
98.37857	314.75	113.1875	70.3125	72.6983	95186230.0	12199200
45.665924	209.375	75.375	73.3125	72.6983	95186230.0	12199200
195.15973	235.25	111.375	19.046875	72.6983	95186230.0	12199200
43.19712	277.0	25.375	6.828125	-72.6983	95186230.0	12199200
103.0953	217.75	52.6875	93.3125	72.6983	95186230.0	12199200
83.97173	210.375	54.71875	19.953125	72.6983	95186230.0	12199200
45.85961	217.125	28.3125	78.4375	72.6983	95186230.0	12199200
110.14556	259.25	34.6875	32.0625	72.6983	95186230.0	12199200
64.23833	204.625	45.03125	1.3837891	72.6983	95186230.0	12199200
66.07439	255.125	39.34375	9.1015625	72.6983	95186230.0	12199200
67.91494	202.75	63.21875	5.5742188	72.6983	95186230.0	12199200
166.73114	210.375	51.625	7.15625	72.6983	95186230.0	12199200
100.814926	238.125	43.9375	79.5625	72.6983	95186230.0	12199200
69.47079	254.625	133.25	31.109375	72.6983	95186230.0	12199200
66.366196	227.25	149.375	19.359375	72.6983	95186230.0	12199200
156.11943	235.875	138.125	1.7675781	72.6983	95186230.0	12199200
113.97562	223.875	67.75	13.46875	72.6983	95186230.0	12199200
43.58911	232.0	89.0	47.0625	72.6983	95186230.0	12199200
99.22257	273.0	94.0	20.890625	72.6983	95186230.0	12199200
74.67472	203.25	90.125	63.875	72.6983	95186230.0	12199200
37.654274	270.5	153.625	15.1875	72.6983	95186230.0	12199200
83.03863	269.0	50.5625	19.40625	72.6983	95186230.0	12199200
40.131584	235.5	51.15625	4.8984375	72.6983	95186230.0	12199200
88.53532	222.5	96.875	96.0625	72.6983	95186230.0	12199200
41.90829	461.0	86.375	2.1347656	72.6983	95186230.0	12199200
88.55727	208.25	120.8125	18.328125	72.6983	95186230.0	12199200
79.46794	203.75	50.53125	11.5	72.6983	95186230.0	12199200
70.154366	261.75	126.625	3.9863281	72.6983	95186230.0	12199200
72.788086	204.75	60.71875	3.2910156	72.6983	95186230.0	12199200
58.144543	246.375	50.8125	2.0957031	72.6983	95186230.0	12199200
47.581467	205.375	128.25	5.4335938	72.6983	95186230.0	12199200
73.48909	260.75	94.3125	5.4570312	72.6983	95186230.0	12199200
88.77496	223.375	49.15625	15.6171875	72.6983	95186230.0	12199200
78.34807	203.0	135.375	16.546875	72.6983	95186230.0	12199200
85.583565	206.5	119.875	4.125	72.6983	95186230.0	12199200
39.672672	202.25	122.4375	10.5390625	72.6983	95186230.0	12199200
33.29223	221.875	118.375	4.7851562	72.6983	95186230.0	12199200
70.91714	213.875	96.6875	46.75	72.6983	95186230.0	12199200
75.37444	209.875	120.3125	5.6015625	72.6983	95186230.0	12199200
56.133934	348.5	102.5625	0.328125	72.6983	95186230.0	12199200
89.659256	370.25	46.25	89.125	72.6983	95186230.0	12199200
140.73534	286.75	62.34375	85.0	72.6983	95186230.0	12199200
81.96224	238.875	77.75	2.359375	72.6983	95186230.0	12199200
54.13552	452.75	107.1875	2.4199219	72.6983	95186230.0	12199200
127.46328	259.75	51.875	74.4375	72.6983	95186230.0	12199200
243.0636	413.25	167.625	195.375	72.6983	95186230.0	12199200
287.42316	1086.0	90.8125	115.3125	72.6983	95186230.0	12199200
81.67875	321.0	82.3125	19.25	72.6983	95186230.0	12199200
93.93844	313.5	46.875	6.1132812	72.6983	95186230.0	12199200
48.133823	209.625	151.5	73.875	72.6983	95186230.0	12199200
40.27046	213.875	42.625	82.0	72.6983	95186230.0	12199200
89.510574	203.5	45.96875	73.0	72.6983	95186230.0	12199200
80.722305	400.75	61.5625	103.875	72.6983	95186230.0	12199200
123.011314	313.75	37.28125	31.34375	72.6983	95186230.0	12199200
81.26238	220.75	110.5625	7.8398438	72.6983	95186230.0	12199200
39.09819	203.875	133.5	1.6083984	72.6983	95186230.0	12199200
87.30618	283.75	25.125	35.8125	72.6983	95186230.0	12199200
60.835495	219.75	74.1875	103.25	72.6983	95186230.0	12199200
33.024487	218.5	117.625	5.7695312	72.6983	95186230.0	12199200
32.047054	211.75	64.75	95.375	72.6983	95186230.0	12199200
139.07986	256.5	62.875	5.9570312	72.6983	95186230.0	12199200
60.643635	290.5	105.0625	0.99609375	72.6983	95186230.0	12199200
56.252094	221.125	44.0	30.03125	-72.6983	95186230.0	12199200
90.912674	286.25	52.125	92.4375	72.6983	95186230.0	12199200
201.62363	336.75	63.21875	13.59375	72.6983	95186230.0	12199200
89.37482	255.125	104.5	15.59375	72.6983	95186230.0	12199200
103.34802	460.5	89.3125	1.484375	72.6983	95186230.0	12199200
86.34524	349.5	37.90625	6.8671875	72.6983	95186230.0	12199200
44.45985	204.375	93.75	8.6328125	72.6983	95186230.0	12199200
59.03194	214.625	136.25	6.7734375	72.6983	95186230.0	12199200
47.886536	348.5	54.4375	63.96875	72.6983	95186230.0	12199200
52.8105	217.25	128.5	4.4960938	72.6983	95186230.0	12199200
62.338306	224.625	33.9375	26.640625	72.6983	95186230.0	12199200
56.119843	317.25	79.3125	23.34375	72.6983	95186230.0	12199200
75.79961	246.75	31.28125	4.2695312	72.6983	95186230.0	12199200
59.775143	355.25	76.625	0.9970703	72.6983	95186230.0	12199200
40.783516	290.0	49.1875	0.9091797	72.6983	95186230.0	12199200
86.29254	284.0	102.0	62.4375	72.6983	95186230.0	12199200
104.065125	225.0	59.21875	116.6875	72.6983	95186230.0	12199200
81.40955	208.625	26.484375	34.28125	72.6983	95186230.0	12199200
211.22844	388.25	144.5	1.5517578	72.6983	95186230.0	12199200
37.780853	215.375	120.25	7.921875	72.6983	95186230.0	12199200
106.510605	986.5	314.0	362.0	72.6983	95186230.0	12199200
60.93095	290.75	130.125	131.75	72.6983	95186230.0	12199200
44.195133	246.5	93.125	5.5039062	72.6983	95186230.0	12199200
98.5467	246.875	28.234375	8.2421875	72.6983	95186230.0	12199200
139.9604	351.0	34.96875	12.1640625	72.6983	95186230.0	12199200
90.93322	334.0	42.0	11.125	72.6983	95186230.0	12199200
55.453163	230.875	57.28125	1.1376953	72.6983	95186230.0	12199200
39.60707	277.25	143.875	1.609375	72.6983	95186230.0	12199200
96.19466	232.75	97.625	4.453125	72.6983	95186230.0	12199200
125.127235	352.25	86.6875	102.75	72.6983	95186230.0	12199200
120.85766	259.0	79.9375	4.40625	72.6983	95186230.0	12199200
50.55421	450.0	69.9375	2.1484375	72.6983	95186230.0	12199200
99.602135	243.5	133.625	2.6425781	72.6983	95186230.0	12199200
51.636562	229.25	49.46875	9.0546875	72.6983	95186230.0	12199200
40.572678	217.125	132.5	68.625	72.6983	95186230.0	12199200
135.7791	247.125	75.625	74.125	72.6983	95186230.0	12199200
59.206196	241.75	53.75	107.9375	72.6983	95186230.0	12199200
39.612514	620.0	158.125	9.90625	72.6983	95186230.0	12199200
48.69757	231.875	70.875	10.2265625	72.6983	95186230.0	12199200
101.36593	245.5	87.0625	1.6875	72.6983	95186230.0	12199200
61.587406	281.75	50.25	12.3046875	72.6983	95186230.0	12199200
103.83293	200.75	84.9375	5.2382812	72.6983	95186230.0	12199200
65.328064	272.5	104.4375	49.25	72.6983	95186230.0	12199200
67.85064	273.0	40.5	3.9257812	72.6983	95186230.0	12199200
68.02551	448.0	122.5	5.5898438	72.6983	95186230.0	12199200
55.725433	259.5	157.0	30.40625	72.6983	95186230.0	12199200
262.66876	331.75	52.6875	46.3125	72.6983	95186230.0	12199200
78.94669	257.0	62.875	68.8125	72.6983	95186230.0	12199200
131.07982	209.25	120.3125	12.1328125	72.6983	95186230.0	12199200
72.72138	212.375	87.0	5.046875	72.6983	95186230.0	12199200
78.16825	301.0	82.6875	2.390625	72.6983	95186230.0	12199200
104.05401	227.875	51.625	24.0625	72.6983	95186230.0	12199200
55.53418	201.0	80.8125	2.3242188	72.6983	95186230.0	12199200
53.685986	262.75	76.3125	41.625	72.6983	95186230.0	12199200
50.187523	235.5	48.40625	5.15625	72.6983	95186230.0	12199200
41.748436	223.0	75.375	92.6875	72.6983	95186230.0	12199200
68.454285	409.75	117.625	124.1875	72.6983	95186230.0	12199200
38.93742	260.5	93.4375	8.328125	72.6983	95186230.0	12199200
87.07562	258.75	71.0625	3.109375	72.6983	95186230.0	12199200
72.041794	212.5	104.1875	-6.608665e-06	72.6983	95186230.0	12199200
166.8401	668.0	80.375	244.625	72.6983	95186230.0	12199200
58.63689	225.0	65.0625	6.8867188	72.6983	95186230.0	12199200
114.839096	237.375	45.28125	9.140625	72.6983	95186230.0	12199200
58.14536	226.0	131.0	10.4921875	72.6983	95186230.0	12199200
55.250233	236.875	52.09375	22.0625	72.6983	95186230.0	12199200
62.014473	264.25	47.6875	8.734375	72.6983	95186230.0	12199200
215.8822	416.25	49.46875	39.625	72.6983	95186230.0	12199200
26.781324	232.75	113.625	11.6796875	72.6983	95186230.0	12199200
60.68071	270.25	57.46875	4.484375	72.6983	95186230.0	12199200
85.02193	322.5	49.15625	9.5625	72.6983	95186230.0	12199200
73.285286	224.375	150.625	18.453125	72.6983	95186230.0	12199200
154.40778	472.5	60.75	4.6015625	72.6983	95186230.0	12199200
61.674618	211.25	43.15625	16.9375	72.6983	95186230.0	12199200
191.24486	715.0	54.25	10.1484375	72.6983	95186230.0	12199200
61.099213	282.0	81.8125	3.3808594	72.6983	95186230.0	12199200
91.625694	208.25	74.125	41.78125	72.6983	95186230.0	12199200
25.870035	235.125	55.25	11.4765625	72.6983	95186230.0	12199200
126.96191	550.5	42.03125	5.9570312	72.6983	95186230.0	12199200
29.996576	200.25	26.625	6.0117188	72.6983	95186230.0	12199200
135.09135	242.25	94.6875	10.890625	72.6983	95186230.0	12199200
55.985508	233.125	107.25	46.34375	72.6983	95186230.0	12199200
90.19788	421.25	52.53125	0.90966797	72.6983	95186230.0	12199200
74.29863	491.25	33.71875	9.75	72.6983	95186230.0	12199200
89.25718	267.0	106.875	13.34375	72.6983	95186230.0	12199200
114.86683	228.0	40.875	4.8125	72.6983	95186230.0	12199200
85.11342	260.5	67.5625	54.40625	72.6983	95186230.0	12199200
63.804882	278.25	25.484375	29.921875	72.6983	95186230.0	12199200
57.74326	283.5	40.59375	6.484375	72.6983	95186230.0	12199200
140.24666	219.75	70.875	3.8242188	72.6983	95186230.0	12199200
67.80902	264.5	52.09375	16.75	72.6983	95186230.0	12199200
62.184765	228.5	103.375	3.2597656	72.6983	95186230.0	12199200
50.53491	273.5	132.75	2.5644531	72.6983	95186230.0	12199200
84.19789	220.75	78.25	11.8203125	72.6983	95186230.0	12199200
53.699017	329.75	143.5	81.6875	72.6983	95186230.0	12199200
103.51831	241.625	84.5625	55.65625	72.6983	95186230.0	12199200
122.22588	228.75	110.0	18.015625	72.6983	95186230.0	12199200
110.106995	320.75	104.0	0.84033203	72.6983	95186230.0	12199200
43.743977	222.125	57.46875	13.2421875	72.6983	95186230.0	12199200
167.83739	216.75	122.8125	2.8964844	72.6983	95186230.0	12199200
38.416203	209.5	31.578125	39.96875	72.6983	95186230.0	12199200
21.455294	231.0	44.5	2.1835938	72.6983	95186230.0	12199200
135.01884	242.25	139.25	4.15625	72.6983	95186230.0	12199200
107.99605	251.375	49.78125	69.0	72.6983	95186230.0	12199200
245.2072	556.5	39.875	11.09375	72.6983	95186230.0	12199200
51.95481	273.25	44.84375	8.0390625	72.6983	95186230.0	12199200
135.32251	434.0	44.625	89.8125	72.6983	95186230.0	12199200
70.28617	263.5	44.4375	16.84375	72.6983	95186230.0	12199200
61.56319	238.875	119.25	7.3046875	72.6983	95186230.0	12199200
57.493614	313.25	28.125	2.1269531	72.6983	95186230.0	12199200
85.81207	248.375	80.125	20.375	72.6983	95186230.0	12199200
50.16089	348.25	90.5	35.59375	72.6983	95186230.0	12199200
74.92084	332.0	80.5	64.9375	72.6983	95186230.0	12199200
155.53133	460.5	44.65625	13.0	72.6983	95186230.0	12199200
68.218475	323.25	159.125	2.890625	72.6983	95186230.0	12199200
72.25335	300.25	48.0625	1.8232422	72.6983	95186230.0	12199200
182.49219	245.25	116.875	4.3984375	72.6983	95186230.0	12199200
102.33478	245.0	83.5	3.5292969	72.6983	95186230.0	12199200
190.15698	256.75	75.6875	20.125	72.6983	95186230.0	12199200
67.69295	356.0	61.59375	9.4453125	72.6983	95186230.0	12199200
46.016907	376.0	108.0	5.5273438	72.6983	95186230.0	12199200
212.23445	227.5	51.71875	6.7929688	72.6983	95186230.0	12199200
162.06346	342.75	89.75	109.75	72.6983	95186230.0	12199200
48.545986	202.125	43.5	9.328125	72.6983	95186230.0	12199200
45.700558	223.0	144.25	65.1875	72.6983	95186230.0	12199200
54.642357	201.875	70.0	4.7421875	72.6983	95186230.0	12199200
181.88326	306.0	97.125	1.1767578	72.6983	95186230.0	12199200
162.48419	355.0	64.125	55.15625	72.6983	95186230.0	12199200
76.63286	521.5	152.25	18.0	72.6983	95186230.0	12199200
61.697124	245.75	70.0625	53.25	72.6983	95186230.0	12199200
50.429947	223.375	47.15625	5.2421875	72.6983	95186230.0	12199200
229.4216	303.0	86.8125	94.625	72.6983	95186230.0	12199200
69.28731	212.375	54.25	4.6875	72.6983	95186230.0	12199200
48.486526	223.25	116.375	12.484375	72.6983	95186230.0	12199200
58.325325	236.875	44.53125	2.6542693e-06	72.6983	95186230.0	12199200
56.633526	221.625	38.25	60.1875	72.6983	95186230.0	12199200
69.28833	341.5	45.8125	2.2675781	72.6983	95186230.0	12199200
85.20121	230.125	54.59375	60.65625	72.6983	95186230.0	12199200
57.783062	240.125	73.8125	46.0	72.6983	95186230.0	12199200
74.69771	317.75	75.75	16.640625	72.6983	95186230.0	12199200
24.824936	229.625	87.1875	5.0039062	72.6983	95186230.0	12199200
78.025215	267.75	35.96875	15.1015625	72.6983	95186230.0	12199200
167.70659	220.625	117.1875	12.96875	72.6983	95186230.0	12199200
57.38613	240.5	43.875	22.40625	72.6983	95186230.0	12199200
56.88589	239.75	42.6875	27.484375	72.6983	95186230.0	12199200
61.82198	202.0	71.6875	35.96875	72.6983	95186230.0	12199200
96.19297	203.75	75.5	86.1875	72.6983	95186230.0	12199200
39.61964	272.0	50.78125	71.3125	72.6983	95186230.0	12199200
77.458145	213.375	123.5625	44.40625	72.6983	95186230.0	12199200
91.06972	234.5	86.5625	77.4375	72.6983	95186230.0	12199200
69.157715	255.5	54.21875	4.3242188	72.6983	95186230.0	12199200
80.40628	358.0	154.5	3.1289062	72.6983	95186230.0	12199200
39.019424	247.0	52.28125	108.25	72.6983	95186230.0	12199200
50.161934	255.375	32.4375	9.6875	72.6983	95186230.0	12199200
87.69336	220.75	150.0	11.4609375	72.6983	95186230.0	12199200
32.202312	255.25	65.0	6.8671875	72.6983	95186230.0	12199200
119.1882	220.25	79.0625	93.625	72.6983	95186230.0	12199200
49.753544	228.5	162.25	3.2265625	72.6983	95186230.0	12199200
50.58522	232.75	78.3125	2.1269531	72.6983	95186230.0	12199200
104.51914	205.25	99.1875	8.71875	72.6983	95186230.0	12199200
141.86609	347.25	111.1875	137.25	72.6983	95186230.0	12199200
54.40294	232.375	55.78125	6.6601562	72.6983	95186230.0	12199200
91.741646	285.25	113.0	1.3339844	72.6983	95186230.0	12199200
50.810555	231.0	109.3125	41.6875	72.6983	95186230.0	12199200
69.47733	310.5	151.625	17.984375	72.6983	95186230.0	12199200
96.03315	442.5	91.875	69.8125	72.6983	95186230.0	12199200
40.229263	211.25	28.65625	2.8007812	72.6983	95186230.0	12199200
68.92265	351.75	66.875	94.1875	72.6983	95186230.0	12199200
44.16651	241.375	59.0	12.578125	72.6983	95186230.0	12199200
67.987366	331.25	132.5	0.6582031	72.6983	95186230.0	12199200
66.03056	425.0	61.21875	7.3125	72.6983	95186230.0	12199200
56.19931	342.0	82.125	99.5	72.6983	95186230.0	12199200
148.20685	384.25	33.59375	17.328125	72.6983	95186230.0	12199200
77.88578	217.5	42.90625	62.84375	72.6983	95186230.0	12199200
34.95595	204.5	132.375	26.546875	72.6983	95186230.0	12199200
48.998257	206.0	167.0	100.0	72.6983	95186230.0	12199200
138.25171	405.0	71.6875	151.5	72.6983	95186230.0	12199200
32.48981	329.25	89.4375	15.9765625	72.6983	95186230.0	12199200
104.81074	261.25	43.15625	15.2734375	72.6983	95186230.0	12199200
98.918564	340.25	100.3125	10.875	72.6983	95186230.0	12199200
41.663998	230.5	45.8125	40.84375	72.6983	95186230.0	12199200
95.04103	205.0	98.9375	3.7734375	72.6983	95186230.0	12199200
187.40169	335.0	95.25	4.65625	72.6983	95186230.0	12199200
78.27533	202.75	75.5625	48.25	72.6983	95186230.0	12199200
137.947	396.25	29.9375	6.2617188	72.6983	95186230.0	12199200
82.59055	213.25	46.8125	11.6015625	72.6983	95186230.0	12199200
98.96243	254.875	151.25	89.25	72.6983	95186230.0	12199200
112.09442	259.0	31.03125	0.8989258	72.6983	95186230.0	12199200
85.37366	268.25	86.375	7.3984375	72.6983	95186230.0	12199200
46.596935	252.125	140.625	76.9375	72.6983	95186230.0	12199200
137.14883	337.75	89.0625	8.40625	72.6983	95186230.0	12199200
47.420162	247.75	80.0625	16.5	72.6983	95186230.0	12199200
63.098522	313.75	38.40625	8.7890625	72.6983	95186230.0	12199200
86.928185	211.75	49.3125	74.25	72.6983	95186230.0	12199200
53.800472	258.75	87.875	2.3710938	72.6983	95186230.0	12199200
109.10612	356.5	29.828125	74.8125	72.6983	95186230.0	12199200
58.80379	236.875	42.1875	1.75	72.6983	95186230.0	12199200
101.11083	320.0	89.875	42.90625	72.6983	95186230.0	12199200
136.1618	562.5	60.125	3.2929688	72.6983	95186230.0	12199200
35.10236	228.125	50.40625	65.0	72.6983	95186230.0	12199200
64.911835	203.25	54.125	1.5771484	72.6983	95186230.0	12199200
93.66409	305.0	116.5	5.625	72.6983	95186230.0	12199200
55.362225	206.5	48.9375	8.734375	72.6983	95186230.0	12199200
65.20749	263.0	63.3125	2.1933594	72.6983	95186230.0	12199200
63.32044	223.625	29.96875	59.375	72.6983	95186230.0	12199200
51.90662	484.75	102.625	126.5	72.6983	95186230.0	12199200
99.83807	377.25	105.125	7.78125	72.6983	95186230.0	12199200
142.89285	300.5	63.78125	2.9375	72.6983	95186230.0	12199200
96.2604	352.25	43.3125	9.734375	72.6983	95186230.0	12199200
160.17703	451.75	105.75	53.65625	72.6983	95186230.0	12199200
143.28311	236.75	162.25	42.0	72.6983	95186230.0	12199200
73.790146	527.5	49.9375	5.578125	72.6983	95186230.0	12199200
126.549324	303.75	48.96875	27.296875	72.6983	95186230.0	12199200
60.012	201.25	64.8125	49.71875	72.6983	95186230.0	12199200
50.13229	557.0	155.625	3.2421875	72.6983	95186230.0	12199200
88.220985	311.25	85.1875	108.6875	72.6983	95186230.0	12199200
55.739998	200.625	151.125	25.71875	72.6983	95186230.0	12199200
83.69408	211.625	33.15625	39.8125	72.6983	95186230.0	12199200
33.540314	224.875	153.75	3.4550781	72.6983	95186230.0	12199200
80.405304	208.875	145.5	1.5478516	72.6983	95186230.0	12199200
129.9636	217.5	93.1875	3.3105469	72.6983	95186230.0	12199200
49.185104	319.5	49.375	1.5830078	72.6983	95186230.0	12199200
84.13953	333.5	34.71875	145.25	72.6983	95186230.0	12199200
116.8248	505.75	31.65625	7.15625	72.6983	95186230.0	12199200
69.61838	257.25	28.90625	51.1875	72.6983	95186230.0	12199200
108.40387	349.25	41.8125	4.7773438	72.6983	95186230.0	12199200
50.21628	267.5	137.5	94.875	72.6983	95186230.0	12199200
126.86583	202.5	75.0625	31.296875	72.6983	95186230.0	12199200
72.89381	655.0	141.125	4.65625	72.6983	95186230.0	12199200
110.299	240.0	109.625	2.6308594	72.6983	95186230.0	12199200
47.964603	279.25	131.875	49.25	72.6983	95186230.0	12199200
44.009544	208.75	33.4375	3.2832031	72.6983	95186230.0	12199200
103.72182	290.0	125.6875	12.3359375	72.6983	95186230.0	12199200
39.90605	291.0	108.375	48.09375	72.6983	95186230.0	12199200
47.830265	381.5	133.875	20.4375	72.6983	95186230.0	12199200
84.82004	269.0	37.125	39.6875	72.6983	95186230.0	12199200
127.515236	323.75	99.0625	2.4394531	72.6983	95186230.0	12199200
26.697723	390.0	126.4375	45.3125	72.6983	95186230.0	12199200
23.497633	225.5	59.84375	87.125	72.6983	95186230.0	12199200
79.788475	454.25	38.625	1.0947266	72.6983	95186230.0	12199200
244.91302	494.0	147.5	94.125	72.6983	95186230.0	12199200
66.609665	300.25	54.9375	79.1875	72.6983	95186230.0	12199200
59.14177	210.875	46.3125	2.2363281	72.6983	95186230.0	12199200
104.89815	232.625	37.90625	2.9238281	72.6983	95186230.0	12199200
84.127625	214.0	157.375	64.6875	72.6983	95186230.0	12199200
67.571915	203.25	85.6875	7.6523438	72.6983	95186230.0	12199200
97.76356	201.625	81.0625	18.890625	72.6983	95186230.0	12199200
71.27666	268.25	29.703125	5.4882812	72.6983	95186230.0	12199200
66.43793	217.75	69.8125	6.8945312	72.6983	95186230.0	12199200
43.658653	240.625	84.5	15.515625	72.6983	95186230.0	12199200
42.007996	204.125	138.875	8.7421875	72.6983	95186230.0	12199200
95.14652	565.0	43.9375	7.8867188	72.6983	95186230.0	12199200
75.35614	216.75	107.4375	77.875	72.6983	95186230.0	12199200
55.30966	202.0	112.0625	5.0585938	72.6983	95186230.0	12199200
57.830967	339.5	120.0625	146.25	72.6983	95186230.0	12199200
52.210846	235.0	90.25	40.375	72.6983	95186230.0	12199200
91.043755	327.25	40.40625	9.6015625	72.6983	95186230.0	12199200
79.22216	221.0	159.875	27.0625	72.6983	95186230.0	12199200
123.1764	390.75	39.75	11.6640625	72.6983	95186230.0	12199200
74.175964	242.5	45.21875	22.9375	72.6983	95186230.0	12199200
47.352703	224.5	54.53125	44.90625	72.6983	95186230.0	12199200
97.181564	201.875	101.125	63.75	72.6983	95186230.0	12199200
137.6552	216.125	90.75	3.7441406	72.6983	95186230.0	12199200
66.337364	238.875	71.3125	81.3125	72.6983	95186230.0	12199200
33.360287	244.125	122.875	6.4257812	72.6983	95186230.0	12199200
60.806057	219.375	69.375	78.0	72.6983	95186230.0	12199200
94.65143	336.5	87.25	5.6171875	72.6983	95186230.0	12199200
355.5923	912.0	52.09375	33.53125	72.6983	95186230.0	12199200
76.089455	239.875	80.5	14.6796875	72.6983	95186230.0	12199200
172.23322	248.5	81.5	13.640625	72.6983	95186230.0	12199200
78.65843	222.75	60.0625	7.3867188	72.6983	95186230.0	12199200
43.90318	212.75	120.9375	0.42260742	72.6983	95186230.0	12199200
31.679548	302.5	83.625	3.0332031	72.6983	95186230.0	12199200
53.517902	236.875	77.6875	28.0	72.6983	95186230.0	12199200
163.97888	365.0	52.03125	3.8476562	72.6983	95186230.0	12199200
114.06118	878.5	49.375	11.984375	72.6983	95186230.0	12199200
55.854874	294.25	84.0	21.21875	72.6983	95186230.0	12199200
124.34983	315.0	85.25	105.0625	72.6983	95186230.0	12199200
66.4338	235.875	66.375	27.59375	72.6983	95186230.0	12199200
61.639465	338.25	48.3125	13.2265625	72.6983	95186230.0	12199200
51.19213	206.625	30.328125	61.1875	72.6983	95186230.0	12199200
67.777695	240.0	100.8125	11.0390625	72.6983	95186230.0	12199200
62.473995	250.0	34.9375	6.3320312	72.6983	95186230.0	12199200
57.57021	271.25	136.125	12.2421875	72.6983	95186230.0	12199200
124.49371	336.5	30.1875	6.65625	72.6983	95186230.0	12199200
78.93064	307.0	74.5625	6.828125	72.6983	95186230.0	12199200
177.77328	278.0	29.484375	8.90625	72.6983	95186230.0	12199200
63.094173	320.75	43.03125	30.6875	72.6983	95186230.0	12199200
81.44268	212.0	55.25	11.03125	72.6983	95186230.0	12199200
101.02798	330.0	45.125	28.328125	72.6983	95186230.0	12199200
28.935978	209.0	155.75	49.5	72.6983	95186230.0	12199200
190.50719	246.25	96.0	45.84375	72.6983	95186230.0	12199200
56.26715	230.25	47.40625	38.3125	72.6983	95186230.0	12199200
73.04103	245.375	123.1875	3.4667969	72.6983	95186230.0	12199200
115.97181	347.0	81.9375	9.75	72.6983	95186230.0	12199200
65.05783	406.25	137.75	7.109375	72.6983	95186230.0	12199200
114.838875	441.25	77.0625	43.5	72.6983	95186230.0	12199200
77.82674	237.125	43.65625	62.375	72.6983	95186230.0	12199200
101.05863	252.25	57.53125	28.21875	72.6983	95186230.0	12199200
111.73482	281.0	53.34375	0.86279297	72.6983	95186230.0	12199200
82.00617	205.625	96.0	62.8125	72.6983	95186230.0	12199200
73.541504	302.25	126.875	14.15625	72.6983	95186230.0	12199200
39.116455	252.5	76.625	9.6484375	72.6983	95186230.0	12199200
176.84584	326.0	42.03125	1.1376953	72.6983	95186230.0	12199200
62.833958	202.5	61.84375	1.578125	72.6983	95186230.0	12199200
127.71202	459.5	102.9375	1.515625	72.6983	95186230.0	12199200
169.80806	350.75	106.0625	36.84375	72.6983	95186230.0	12199200
47.00555	258.0	80.1875	45.65625	72.6983	95186230.0	12199200
57.527477	397.25	162.0	17.421875	72.6983	95186230.0	12199200
62.589508	241.875	48.96875	63.6875	72.6983	95186230.0	12199200
38.291348	243.75	54.75	40.15625	72.6983	95186230.0	12199200
91.39035	231.875	65.4375	49.53125	72.6983	95186230.0	12199200
65.01144	202.375	42.625	67.3125	72.6983	95186230.0	12199200
66.48246	331.25	73.9375	4.6679688	72.6983	95186230.0	12199200
68.71067	239.25	134.375	1.9736328	72.6983	95186230.0	12199200
37.87124	277.75	56.0	21.453125	72.6983	95186230.0	12199200
112.38683	212.75	105.625	7.4453125	72.6983	95186230.0	12199200
53.778656	219.5	103.6875	22.3125	72.6983	95186230.0	12199200
59.247448	310.25	116.75	4.3984375	72.6983	95186230.0	12199200
98.35063	340.75	40.125	6.828125	72.6983	95186230.0	12199200
52.56025	226.875	107.9375	1.0849609	72.6983	95186230.0	12199200
58.275955	362.25	120.375	86.1875	72.6983	95186230.0	12199200
67.2779	204.375	28.0	47.125	72.6983	95186230.0	12199200
188.49347	545.0	96.125	102.3125	72.6983	95186230.0	12199200
53.96681	220.5	67.5	24.1875	72.6983	95186230.0	12199200
79.538704	209.0	77.5625	3.6835938	72.6983	95186230.0	12199200
73.19638	232.875	58.5	69.6875	72.6983	95186230.0	12199200
224.16286	408.0	25.3125	5.6601562	72.6983	95186230.0	12199200
64.21245	254.75	41.65625	5.2070312	72.6983	95186230.0	12199200
112.11275	492.25	82.8125	4.125	72.6983	95186230.0	12199200
86.018394	200.875	53.0	27.296875	72.6983	95186230.0	12199200
31.036133	226.0	93.4375	98.5625	72.6983	95186230.0	12199200
270.2096	359.5	141.125	19.78125	72.6983	95186230.0	12199200
55.068924	218.375	138.5	49.4375	72.6983	95186230.0	12199200
53.433216	268.25	79.0625	51.90625	72.6983	95186230.0	12199200
48.418808	283.0	67.1875	105.6875	72.6983	95186230.0	12199200
56.116158	253.25	53.4375	39.75	72.6983	95186230.0	12199200
60.25407	311.0	102.375	87.5625	72.6983	95186230.0	12199200
63.42344	250.375	38.28125	38.90625	72.6983	95186230.0	12199200
48.609074	255.0	35.0	14.3203125	72.6983	95186230.0	12199200
173.85071	326.0	131.0	4.6992188	72.6983	95186230.0	12199200
73.894104	306.75	46.625	87.9375	72.6983	95186230.0	12199200
152.57352	370.5	211.875	3.0976562	72.6983	95186230.0	12199200
65.039444	325.75	32.03125	1.8017578	72.6983	95186230.0	12199200
55.725716	223.25	93.3125	4.3164062	72.6983	95186230.0	12199200
129.17159	270.25	41.3125	6.7460938	72.6983	95186230.0	12199200
50.37263	285.5	31.9375	61.75	72.6983	95186230.0	12199200
60.742405	367.0	28.28125	24.765625	72.6983	95186230.0	12199200
124.91349	390.75	120.25	6.6679688	72.6983	95186230.0	12199200
54.11311	348.75	121.0	69.8125	72.6983	95186230.0	12199200
28.287226	207.875	37.15625	36.4375	72.6983	95186230.0	12199200
28.558077	208.5	74.0	6.3789062	72.6983	95186230.0	12199200
49.614407	354.75	73.8125	2.6699219	72.6983	95186230.0	12199200
85.92366	585.0	123.1875	56.6875	72.6983	95186230.0	12199200
60.747257	202.625	67.4375	7.2578125	72.6983	95186230.0	12199200
72.505745	317.5	36.5625	9.109375	72.6983	95186230.0	12199200
67.2208	328.0	93.9375	28.265625	72.6983	95186230.0	12199200
51.621643	284.75	54.03125	68.9375	72.6983	95186230.0	12199200
140.02429	527.5	29.671875	19.0	72.6983	95186230.0	12199200
240.646	504.0	66.5625	28.0625	72.6983	95186230.0	12199200
45.839596	201.875	94.4375	30.96875	72.6983	95186230.0	12199200
59.742588	203.5	134.5	3.5410156	72.6983	95186230.0	12199200
125.30298	224.75	148.875	56.90625	72.6983	95186230.0	12199200
59.126953	600.0	32.1875	51.78125	72.6983	95186230.0	12199200
127.97934	206.125	68.9375	62.0625	72.6983	95186230.0	12199200
62.60665	244.375	25.6875	63.375	72.6983	95186230.0	12199200
61.73169	211.375	108.375	67.4375	72.6983	95186230.0	12199200
50.377136	387.0	68.8125	129.0	72.6983	95186230.0	12199200
99.34393	256.5	105.25	82.875	72.6983	95186230.0	12199200
235.98282	470.5	119.0625	90.125	72.6983	95186230.0	12199200
55.736767	293.5	120.875	12.5	72.6983	95186230.0	12199200
88.30585	390.5	128.5	7.7851562	72.6983	95186230.0	12199200
123.62811	222.375	80.875	63.28125	72.6983	95186230.0	12199200
106.29718	261.5	27.1875	75.6875	72.6983	95186230.0	12199200
47.050743	208.125	143.875	1.4990234	72.6983	95186230.0	12199200
130.191	206.875	79.25	55.53125	72.6983	95186230.0	12199200
75.26712	202.125	42.9375	3.5820312	72.6983	95186230.0	12199200
89.39234	218.25	59.71875	8.1015625	72.6983	95186230.0	12199200
174.93317	341.25	112.0625	17.546875	72.6983	95186230.0	12199200
88.491905	348.0	116.9375	95.9375	-72.6983	95186230.0	12199200
202.64078	481.0	134.5	64.5	72.6983	95186230.0	12199200
175.00572	231.25	146.875	4.4570312	72.6983	95186230.0	12199200
149.24785	250.0	58.0	31.8125	72.6983	95186230.0	12199200
64.083466	212.5	105.3125	3.4179688	72.6983	95186230.0	12199200
47.23465	257.25	25.015625	2.0039062	72.6983	95186230.0	12199200
55.589375	209.875	43.4375	65.1875	72.6983	95186230.0	12199200
165.42375	314.75	85.3125	79.6875	72.6983	95186230.0	12199200
102.66649	227.75	57.3125	48.1875	72.6983	95186230.0	12199200
78.155426	231.5	43.875	1.3701172	72.6983	95186230.0	12199200
123.74266	218.625	54.5	34.875	72.6983	95186230.0	12199200
70.0771	204.875	154.75	5.53125	72.6983	95186230.0	12199200
103.37194	220.25	69.0	4.140625	72.6983	95186230.0	12199200
57.680195	312.5	57.8125	132.25	72.6983	95186230.0	12199200
68.14423	228.0	66.0	46.75	72.6983	95186230.0	12199200
51.590458	220.5	48.96875	6.1484375	72.6983	95186230.0	12199200
121.66919	252.25	68.0	65.5625	72.6983	95186230.0	12199200
90.93727	242.125	147.625	75.9375	72.6983	95186230.0	12199200
120.84218	330.25	49.84375	57.59375	72.6983	95186230.0	12199200
19.650175	329.0	26.171875	27.296875	72.6983	95186230.0	12199200
76.04734	222.625	143.125	4.3984375	72.6983	95186230.0	12199200
40.27151	215.0	78.625	15.7421875	72.6983	95186230.0	12199200
64.44954	571.5	97.5	1.7158203	72.6983	95186230.0	12199200
43.57281	441.5	75.0	113.6875	72.6983	95186230.0	12199200
68.51594	325.0	70.0	4.5117188	72.6983	95186230.0	12199200
64.469376	300.5	52.125	7.0390625	72.6983	95186230.0	12199200
83.804276	206.125	60.375	45.375	72.6983	95186230.0	12199200
109.44937	205.125	153.625	60.75	72.6983	95186230.0	12199200
174.32057	201.125	58.875	2.875	72.6983	95186230.0	12199200
57.117863	211.0	98.9375	22.625	72.6983	95186230.0	12199200
127.20339	262.75	128.75	67.3125	72.6983	95186230.0	12199200
63.39424	205.125	83.5625	83.0	72.6983	95186230.0	12199200
76.80524	229.625	61.5625	7.3359375	72.6983	95186230.0	12199200
77.805145	211.875	75.375	67.5	72.6983	95186230.0	12199200
50.620186	582.5	168.375	1.2333984	72.6983	95186230.0	12199200
69.86009	391.5	41.21875	172.125	72.6983	95186230.0	12199200
109.562706	217.5	37.59375	14.75	72.6983	95186230.0	12199200
43.354412	408.5	138.25	43.46875	72.6983	95186230.0	12199200
36.573532	314.75	118.1875	15.8125	72.6983	95186230.0	12199200
139.06868	251.375	52.03125	4.2851562	72.6983	95186230.0	12199200
75.26374	245.75	77.875	38.0	72.6983	95186230.0	12199200
74.25769	239.0	26.890625	16.015625	72.6983	95186230.0	12199200
78.778625	235.375	64.1875	5.4101562	72.6983	95186230.0	12199200
32.123512	204.125	149.875	3.8652344	72.6983	95186230.0	12199200
53.82398	224.5	91.625	8.359375	72.6983	95186230.0	12199200
42.58633	231.625	42.25	10.390625	72.6983	95186230.0	12199200
101.36797	229.875	51.84375	29.03125	72.6983	95186230.0	12199200
119.04107	202.5	73.0	55.6875	72.6983	95186230.0	12199200
151.37486	404.5	68.4375	84.0	72.6983	95186230.0	12199200
98.86924	240.375	52.53125	44.5	72.6983	95186230.0	12199200
57.38609	469.5	30.78125	40.21875	72.6983	95186230.0	12199200
54.11078	235.5	80.75	78.3125	72.6983	95186230.0	12199200
98.58927	218.5	61.59375	66.3125	72.6983	95186230.0	12199200
37.98504	202.625	131.75	17.6875	72.6983	95186230.0	12199200
77.0483	258.25	63.8125	105.125	72.6983	95186230.0	12199200
77.104774	640.5	109.4375	10.640625	72.6983	95186230.0	12199200
76.53234	430.75	82.125	131.125	72.6983	95186230.0	12199200
80.658394	277.75	71.5625	2.6972656	72.6983	95186230.0	12199200
72.06637	312.75	115.3125	43.875	72.6983	95186230.0	12199200
123.970474	244.5	93.125	75.75	72.6983	95186230.0	12199200
46.136818	251.5	57.15625	1.4228516	72.6983	95186230.0	12199200
111.43337	251.5	97.9375	121.8125	72.6983	95186230.0	12199200
66.17631	275.75	109.125	11.078125	72.6983	95186230.0	12199200
66.750656	224.625	88.3125	3.4375	72.6983	95186230.0	12199200
66.13452	279.5	96.8125	5.4804688	72.6983	95186230.0	12199200
74.68606	209.0	83.6875	4.546875	72.6983	95186230.0	12199200
100.08615	277.75	133.375	85.1875	72.6983	95186230.0	12199200
85.29035	243.125	70.0625	24.75	72.6983	95186230.0	12199200
107.24234	250.125	93.1875	62.96875	72.6983	95186230.0	12199200
58.10856	311.5	100.75	3.9570312	72.6983	95186230.0	12199200
43.640526	216.5	56.5	7.9648438	72.6983	95186230.0	12199200
64.058624	235.5	80.25	64.25	72.6983	95186230.0	12199200
63.462997	217.125	102.375	3.2597656	72.6983	95186230.0	12199200
55.97757	259.75	33.25	70.125	72.6983	95186230.0	12199200
63.80128	415.5	39.625	104.1875	72.6983	95186230.0	12199200
72.66628	320.25	28.734375	8.1875	72.6983	95186230.0	12199200
225.17863	239.0	29.671875	71.1875	72.6983	95186230.0	12199200
90.5438	235.625	121.1875	8.421875	72.6983	95186230.0	12199200
96.89833	218.25	72.0625	81.75	72.6983	95186230.0	12199200
43.1762	296.5	109.875	37.65625	72.6983	95186230.0	12199200
61.947655	279.75	147.75	34.34375	72.6983	95186230.0	12199200
92.93954	221.625	65.875	11.1484375	72.6983	95186230.0	12199200
47.315357	228.5	125.0	3.1835938	72.6983	95186230.0	12199200
64.20381	398.25	44.15625	-2.5890768e-06	72.6983	95186230.0	12199200
47.83858	204.25	28.875	14.90625	72.6983	95186230.0	12199200
124.34183	204.625	69.4375	88.5	72.6983	95186230.0	12199200
162.29948	370.75	53.6875	90.25	72.6983	95186230.0	12199200
110.7762	206.875	135.875	33.46875	72.6983	95186230.0	12199200
80.14579	234.75	72.5	87.875	72.6983	95186230.0	12199200
98.19115	623.0	75.6875	4.8046875	72.6983	95186230.0	12199200
49.132957	238.125	127.125	41.3125	72.6983	95186230.0	12199200
48.71858	217.25	107.0625	7.4726562	72.6983	95186230.0	12199200
78.92329	228.75	101.8125	31.890625	72.6983	95186230.0	12199200
71.101105	214.875	68.5625	51.46875	72.6983	95186230.0	12199200
29.294153	221.875	140.625	42.1875	72.6983	95186230.0	12199200
210.2461	290.25	61.21875	75.5625	72.6983	95186230.0	12199200
114.95195	489.5	51.0	1.4560547	72.6983	95186230.0	12199200
79.34688	229.875	98.9375	89.5625	72.6983	95186230.0	12199200
70.708336	223.75	68.9375	6.3359375	72.6983	95186230.0	12199200
52.2377	236.875	81.625	2.8847656	72.6983	95186230.0	12199200
26.029797	203.0	107.6875	4.5078125	72.6983	95186230.0	12199200
60.020638	207.375	88.6875	65.375	72.6983	95186230.0	12199200
86.99324	269.75	76.4375	33.59375	72.6983	95186230.0	12199200
59.6351	206.375	113.0	59.625	72.6983	95186230.0	12199200
44.976357	268.0	71.0	41.15625	72.6983	95186230.0	12199200
59.443806	297.75	66.25	122.4375	72.6983	95186230.0	12199200
65.43792	217.375	25.890625	2.3027344	72.6983	95186230.0	12199200
115.846634	215.5	114.1875	27.484375	72.6983	95186230.0	12199200
97.47877	276.0	73.0	26.234375	72.6983	95186230.0	12199200
37.992092	311.75	98.6875	87.4375	72.6983	95186230.0	12199200
77.324234	227.75	41.46875	3.6992188	72.6983	95186230.0	12199200
222.92519	220.125	73.3125	14.671875	72.6983	95186230.0	12199200
99.29079	294.5	74.8125	96.0625	72.6983	95186230.0	12199200
39.239006	273.0	163.125	27.421875	72.6983	95186230.0	12199200
57.320686	258.75	60.71875	39.15625	72.6983	95186230.0	12199200
61.38053	225.125	59.1875	60.59375	72.6983	95186230.0	12199200
74.33538	277.0	106.1875	1.9853516	72.6983	95186230.0	12199200
24.335888	268.5	125.25	20.6875	72.6983	95186230.0	12199200
110.36404	225.0	107.125	10.078125	72.6983	95186230.0	12199200
69.324234	265.75	78.6875	63.59375	72.6983	95186230.0	12199200
125.874855	357.0	29.484375	1.7783203	72.6983	95186230.0	12199200
42.59835	291.5	107.75	5.4335938	72.6983	95186230.0	12199200
74.796974	211.25	65.75	41.71875	72.6983	95186230.0	12199200
72.10377	203.25	34.15625	12.65625	72.6983	95186230.0	12199200
34.60975	248.875	110.375	6.0742188	72.6983	95186230.0	12199200
77.60941	203.25	123.25	6.7226562	72.6983	95186230.0	12199200
154.78989	207.375	53.71875	23.46875	72.6983	95186230.0	12199200
42.28993	228.625	82.75	7.8085938	72.6983	95186230.0	12199200
63.916912	200.125	38.71875	9.8125	72.6983	95186230.0	12199200
123.513565	208.0	65.6875	15.4453125	72.6983	95186230.0	12199200
64.53376	256.0	31.78125	16.96875	72.6983	95186230.0	12199200
94.07724	324.75	64.0625	89.25	72.6983	95186230.0	12199200
162.03012	593.0	130.5	220.5	72.6983	95186230.0	12199200
38.70873	279.25	59.625	43.1875	72.6983	95186230.0	12199200
68.483505	266.0	29.296875	6.9609375	72.6983	95186230.0	12199200
53.99305	212.25	45.15625	50.53125	72.6983	95186230.0	12199200
118.53159	206.5	145.0	54.6875	72.6983	95186230.0	12199200
68.84003	273.5	48.03125	25.203125	72.6983	95186230.0	12199200
100.126114	241.375	65.4375	72.3125	72.6983	95186230.0	12199200
39.06212	321.0	53.71875	0.89941406	72.6983	95186230.0	12199200
79.53879	259.75	25.6875	9.125	72.6983	95186230.0	12199200
94.834404	219.5	57.4375	78.1875	72.6983	95186230.0	12199200
134.56395	530.0	119.625	5.4453125	72.6983	95186230.0	12199200
108.64429	336.75	93.0625	47.4375	72.6983	95186230.0	12199200
52.11923	255.875	48.875	72.3125	72.6983	95186230.0	12199200
67.20108	278.0	110.75	26.125	72.6983	95186230.0	12199200
50.151924	244.375	115.375	16.46875	72.6983	95186230.0	12199200
57.34212	334.5	81.4375	2.5800781	72.6983	95186230.0	12199200
52.51768	266.5	78.0	38.21875	72.6983	95186230.0	12199200
26.361052	256.75	117.3125	33.6875	72.6983	95186230.0	12199200
60.429325	202.5	43.375	1.1972656	72.6983	95186230.0	12199200
96.62568	414.75	70.4375	0.43359375	72.6983	95186230.0	12199200
70.39837	325.25	62.375	2.2988281	72.6983	95186230.0	12199200
51.945354	321.25	93.125	4.9921875	72.6983	95186230.0	12199200
92.74451	207.0	36.75	29.796875	72.6983	95186230.0	12199200
78.6638	203.375	43.5625	2.2382812	72.6983	95186230.0	12199200
38.601448	218.75	70.875	24.921875	72.6983	95186230.0	12199200
64.50599	331.25	113.875	81.0	72.6983	95186230.0	12199200
22.19538	222.625	88.1875	2.6113281	72.6983	95186230.0	12199200
63.333435	294.75	86.0	9.3671875	72.6983	95186230.0	12199200
97.94695	271.0	48.75	20.15625	72.6983	95186230.0	12199200
68.90411	258.75	86.3125	89.3125	72.6983	95186230.0	12199200
56.18448	277.0	113.25	7.3828125	72.6983	95186230.0	12199200
54.78442	276.25	40.3125	60.0625	72.6983	95186230.0	12199200
50.53611	203.125	34.0	3.4785156	72.6983	95186230.0	12199200
72.112335	252.125	112.4375	1.0527344	72.6983	95186230.0	12199200
69.36252	222.625	71.8125	92.625	72.6983	95186230.0	12199200
59.208263	203.125	51.0625	3.8769531	72.6983	95186230.0	12199200
56.75135	201.0	128.75	27.1875	72.6983	95186230.0	12199200
96.05951	306.75	45.65625	156.5	72.6983	95186230.0	12199200
102.549034	239.125	51.15625	54.90625	72.6983	95186230.0	12199200
138.80554	201.5	69.9375	12.953125	72.6983	95186230.0	12199200
62.866722	285.5	42.15625	4.6953125	72.6983	95186230.0	12199200
52.114605	221.875	26.34375	23.453125	72.6983	95186230.0	12199200
67.116	201.75	114.625	1.7998047	72.6983	95186230.0	12199200
117.73659	231.5	53.9375	7.4960938	72.6983	95186230.0	12199200
84.76646	250.375	80.6875	19.0625	72.6983	95186230.0	12199200
51.294678	247.625	67.8125	91.875	72.6983	95186230.0	12199200
117.79447	214.25	67.1875	29.875	72.6983	95186230.0	12199200
165.25073	232.0	52.59375	71.875	72.6983	95186230.0	12199200
48.552055	279.0	41.40625	60.03125	72.6983	95186230.0	12199200
61.437885	215.5	116.9375	50.65625	72.6983	95186230.0	12199200
89.42684	209.625	116.125	77.8125	72.6983	95186230.0	12199200
47.28329	269.75	165.5	4.9960938	72.6983	95186230.0	12199200
164.34381	208.375	83.75	18.65625	72.6983	95186230.0	12199200
66.90915	244.375	67.6875	3.2285156	72.6983	95186230.0	12199200
106.72205	210.75	143.75	1.7568359	72.6983	95186230.0	12199200
159.74284	337.25	30.875	7.890625	72.6983	95186230.0	12199200
156.97221	211.125	111.1875	16.828125	72.6983	95186230.0	12199200
148.87204	251.625	98.4375	49.59375	72.6983	95186230.0	12199200
32.691223	211.75	116.9375	54.6875	72.6983	95186230.0	12199200
61.826694	376.0	134.0	161.75	72.6983	95186230.0	12199200
123.168396	210.375	109.4375	41.78125	72.6983	95186230.0	12199200
159.8437	221.0	116.6875	74.75	72.6983	95186230.0	12199200
131.77922	271.75	72.8125	13.1953125	72.6983	95186230.0	12199200
154.63332	243.5	50.34375	23.234375	72.6983	95186230.0	12199200
189.26414	532.5	31.96875	8.0625	72.6983	95186230.0	12199200
114.58176	255.625	68.9375	4.2421875	72.6983	95186230.0	12199200
64.35621	233.25	100.125	107.625	72.6983	95186230.0	12199200
143.30547	273.25	155.875	26.15625	72.6983	95186230.0	12199200
98.202965	202.375	63.6875	1.0888672	72.6983	95186230.0	12199200
49.6945	233.25	139.125	42.6875	72.6983	95186230.0	12199200
65.21234	265.25	64.5	57.53125	72.6983	95186230.0	12199200
63.386784	244.25	53.96875	4.6132812	72.6983	95186230.0	12199200
91.678604	397.25	27.40625	55.3125	72.6983	95186230.0	12199200
60.23384	204.125	90.8125	0.8408203	72.6983	95186230.0	12199200
235.48293	227.125	77.75	66.0625	72.6983	95186230.0	12199200
45.287	239.125	177.375	15.375	72.6983	95186230.0	12199200
59.738804	217.75	27.734375	5.2265625	72.6983	95186230.0	12199200
41.453697	242.375	53.3125	2.2851562	72.6983	95186230.0	12199200
83.05696	247.5	41.4375	47.90625	72.6983	95186230.0	12199200
235.18085	486.0	109.5	30.078125	72.6983	95186230.0	12199200
84.66463	237.625	80.6875	10.1484375	72.6983	95186230.0	12199200
134.48175	400.75	117.875	83.5	72.6983	95186230.0	12199200
100.01725	211.75	27.328125	64.625	72.6983	95186230.0	12199200
78.19481	320.25	48.28125	13.9921875	72.6983	95186230.0	12199200
131.30258	200.75	44.1875	11.25	72.6983	95186230.0	12199200
76.03439	202.375	27.234375	4.6132812	72.6983	95186230.0	12199200
82.859406	240.5	55.25	2.0917969	72.6983	95186230.0	12199200
39.804497	235.875	105.0625	5.3359375	72.6983	95186230.0	12199200
61.260334	212.25	68.5	2.7714844	72.6983	95186230.0	12199200
73.31131	368.25	34.0625	151.25	72.6983	95186230.0	12199200
61.587093	239.75	47.59375	4.4375	72.6983	95186230.0	12199200
88.38825	200.375	33.34375	14.3046875	72.6983	95186230.0	12199200
46.477142	270.75	123.125	116.8125	72.6983	95186230.0	12199200
58.338936	863.5	151.875	4.1289062	72.6983	95186230.0	12199200
80.4647	207.875	47.71875	7.5117188	72.6983	95186230.0	12199200
82.64095	229.125	57.125	29.640625	72.6983	95186230.0	12199200
174.69585	358.75	40.125	10.640625	72.6983	95186230.0	12199200
56.177532	212.125	41.03125	6.0898438	72.6983	95186230.0	12199200
40.71391	226.375	90.1875	96.1875	72.6983	95186230.0	12199200
55.744347	412.75	55.03125	1.8925781	72.6983	95186230.0	12199200
41.198257	383.0	81.875	12.0078125	72.6983	95186230.0	12199200
58.84611	342.75	178.125	6.734375	72.6983	95186230.0	12199200
52.21285	225.375	101.875	2.53125	72.6983	95186230.0	12199200
91.30201	233.375	110.0625	66.6875	72.6983	95186230.0	12199200
66.79878	201.75	101.375	4.6640625	72.6983	95186230.0	12199200
117.06772	273.25	69.6875	82.375	72.6983	95186230.0	12199200
37.29981	203.375	122.75	3.4667969	72.6983	95186230.0	12199200
142.85083	274.5	112.0	37.65625	72.6983	95186230.0	12199200
170.7069	221.0	44.75	16.125	72.6983	95186230.0	12199200
50.724476	343.75	42.6875	71.9375	72.6983	95186230.0	12199200
105.58001	422.25	45.4375	4.5507812	72.6983	95186230.0	12199200
46.982063	448.25	120.9375	73.375	72.6983	95186230.0	12199200
55.29953	230.25	31.78125	3.953125	72.6983	95186230.0	12199200
58.04443	320.25	62.96875	0.16125488	72.6983	95186230.0	12199200
91.33924	628.5	64.5625	12.9296875	72.6983	95186230.0	12199200
66.25506	266.75	117.4375	72.8125	72.6983	95186230.0	12199200
185.30888	218.25	117.8125	57.84375	72.6983	95186230.0	12199200
67.65847	272.0	47.875	10.8828125	72.6983	95186230.0	12199200
50.87893	222.125	116.4375	3.2949219	72.6983	95186230.0	12199200
59.723186	233.125	125.75	4.7226562	72.6983	95186230.0	12199200
74.205215	298.25	91.375	1.4101562	72.6983	95186230.0	12199200
137.49536	288.25	46.6875	56.5625	72.6983	95186230.0	12199200
142.75114	331.5	79.625	21.046875	72.6983	95186230.0	12199200
29.554731	232.25	123.0	8.4921875	72.6983	95186230.0	12199200
62.938	290.75	89.75	17.828125	72.6983	95186230.0	12199200
80.007195	265.25	99.375	97.5	72.6983	95186230.0	12199200
105.189896	250.125	102.3125	99.75	72.6983	95186230.0	12199200
55.191147	367.25	142.625	45.875	72.6983	95186230.0	12199200
72.6384	250.5	124.9375	35.90625	72.6983	95186230.0	12199200
67.80097	339.75	65.75	16.625	72.6983	95186230.0	12199200
86.30242	255.25	56.0625	1.3837891	72.6983	95186230.0	12199200
84.684235	336.75	78.1875	43.84375	72.6983	95186230.0	12199200
40.608734	227.75	93.25	5.0195312	72.6983	95186230.0	12199200
76.57446	254.875	46.53125	6.8125	72.6983	95186230.0	12199200
35.09533	354.0	41.78125	81.75	72.6983	95186230.0	12199200
79.54188	220.625	66.6875	41.78125	72.6983	95186230.0	12199200
172.31177	615.0	104.0625	2.2128906	72.6983	95186230.0	12199200
131.6993	204.75	90.0625	43.5	72.6983	95186230.0	12199200
43.134537	252.375	97.125	110.9375	72.6983	95186230.0	12199200
189.23253	276.0	78.125	6.8125	72.6983	95186230.0	12199200
105.82338	559.0	105.5	137.375	72.6983	95186230.0	12199200
235.41502	372.5	64.4375	18.4375	72.6983	95186230.0	12199200
113.34334	292.25	129.875	85.75	72.6983	95186230.0	12199200
45.899437	210.0	59.21875	71.4375	72.6983	95186230.0	12199200
97.316795	218.75	77.1875	3.0429688	72.6983	95186230.0	12199200
66.3189	219.625	31.625	3.7910156	72.6983	95186230.0	12199200
90.473045	242.875	50.8125	4.1601562	72.6983	95186230.0	12199200
76.14122	204.25	51.71875	49.84375	72.6983	95186230.0	12199200
102.2092	271.75	80.75	49.59375	72.6983	95186230.0	12199200
55.095505	216.625	48.46875	7.5625	72.6983	95186230.0	12199200
62.203716	200.375	82.625	1.2734375	72.6983	95186230.0	12199200
63.56989	275.5	35.9375	52.375	72.6983	95186230.0	12199200
106.284904	226.75	104.5	42.09375	72.6983	95186230.0	12199200
59.390705	215.0	112.3125	9.0546875	72.6983	95186230.0	12199200
99.18	419.5	112.0625	6.828125	72.6983	95186230.0	12199200
87.294655	232.25	98.9375	6.1054688	72.6983	95186230.0	12199200
53.75943	330.5	26.5625	2.0546875	72.6983	95186230.0	12199200
40.595543	295.0	86.4375	0.82666016	72.6983	95186230.0	12199200
197.83736	225.75	63.3125	5.53125	72.6983	95186230.0	12199200
160.95427	289.5	112.0	8.625	72.6983	95186230.0	12199200
111.4101	434.25	135.75	141.125	72.6983	95186230.0	12199200
40.67298	242.5	39.875	18.75	72.6983	95186230.0	12199200
83.38837	308.75	53.84375	1.8574219	72.6983	95186230.0	12199200
60.975464	257.0	85.75	4.6171875	72.6983	95186230.0	12199200
108.869644	288.5	93.0625	17.0625	72.6983	95186230.0	12199200
157.25876	629.5	50.1875	37.75	72.6983	95186230.0	12199200
74.457344	216.75	43.625	2.8945312	72.6983	95186230.0	12199200
57.750355	211.75	55.71875	2.1933594	72.6983	95186230.0	12199200
53.7142	212.375	57.1875	48.28125	72.6983	95186230.0	12199200
133.28984	447.75	26.625	0.8754883	72.6983	95186230.0	12199200
88.33611	417.75	91.375	3.3242188	72.6983	95186230.0	12199200
57.123215	383.25	49.375	1.9697266	72.6983	95186230.0	12199200
53.966297	245.875	41.0625	10.8828125	72.6983	95186230.0	12199200
68.525314	328.25	108.8125	82.375	72.6983	95186230.0	12199200
94.9939	222.875	79.5625	1.7080078	72.6983	95186230.0	12199200
232.3965	315.0	29.609375	3.0800781	72.6983	95186230.0	12199200
104.84552	223.25	34.78125	11.1953125	72.6983	95186230.0	12199200
51.89898	230.25	86.75	1.8427734	72.6983	95186230.0	12199200
44.072395	201.0	60.125	53.78125	72.6983	95186230.0	12199200
79.92899	235.0	47.46875	4.2148438	72.6983	95186230.0	12199200
55.605213	344.25	37.125	131.625	72.6983	95186230.0	12199200
75.77299	319.25	39.0625	2.703125	72.6983	95186230.0	12199200
130.73947	220.0	50.28125	53.3125	72.6983	95186230.0	12199200
47.042587	278.25	100.25	2.5683594	72.6983	95186230.0	12199200
79.36558	295.5	86.4375	97.9375	72.6983	95186230.0	12199200
94.337494	206.0	62.875	13.171875	72.6983	95186230.0	12199200
60.323242	279.5	106.625	21.03125	72.6983	95186230.0	12199200
52.476406	251.875	93.0625	53.9375	72.6983	95186230.0	12199200
103.978294	248.875	120.3125	3.75	72.6983	95186230.0	12199200
87.74737	241.625	71.375	36.15625	72.6983	95186230.0	12199200
70.68995	205.0	31.140625	13.390625	72.6983	95186230.0	12199200
60.824432	207.875	140.25	3.6074219	72.6983	95186230.0	12199200
128.34961	242.0	30.21875	5.0234375	72.6983	95186230.0	12199200
47.50824	259.25	124.625	23.03125	72.6983	95186230.0	12199200
87.28232	223.5	146.125	39.40625	72.6983	95186230.0	12199200
78.31501	202.375	36.90625	82.5	72.6983	95186230.0	12199200
76.247635	369.25	50.25	3.1464844	72.6983	95186230.0	12199200
64.03267	262.0	38.28125	83.0625	72.6983	95186230.0	12199200
153.16994	224.25	82.875	52.5	72.6983	95186230.0	12199200
62.31628	311.5	55.75	16.203125	72.6983	95186230.0	12199200
58.825096	333.25	27.03125	84.4375	72.6983	95186230.0	12199200
67.71127	220.625	116.9375	27.765625	72.6983	95186230.0	12199200
48.03674	218.375	37.125	6.7851562	72.6983	95186230.0	12199200
59.62197	243.25	113.5625	35.1875	72.6983	95186230.0	12199200
50.63649	247.875	105.375	5.703125	72.6983	95186230.0	12199200
91.99416	318.75	64.625	3.5195312	72.6983	95186230.0	12199200
76.90328	230.375	145.25	6.78125	72.6983	95186230.0	12199200
76.248405	365.5	37.84375	3.8828125	72.6983	95186230.0	12199200
135.51437	394.75	145.375	77.6875	72.6983	95186230.0	12199200
59.38542	313.0	154.75	71.625	72.6983	95186230.0	12199200
71.404495	318.0	76.3125	69.625	72.6983	95186230.0	12199200
195.30585	205.125	51.09375	22.4375	72.6983	95186230.0	12199200
116.193245	241.5	57.78125	5.0976562	72.6983	95186230.0	12199200
107.84701	270.0	26.390625	4.7070312	72.6983	95186230.0	12199200
100.38813	219.25	41.375	47.96875	72.6983	95186230.0	12199200
73.86693	200.125	52.03125	27.328125	72.6983	95186230.0	12199200
47.221962	221.0	148.875	43.4375	72.6983	95186230.0	12199200
117.316246	637.0	32.15625	48.0625	72.6983	95186230.0	12199200
78.42861	291.5	60.34375	6.4140625	72.6983	95186230.0	12199200
127.71838	201.625	82.25	2.9160156	72.6983	95186230.0	12199200
149.43622	231.375	88.1875	115.6875	72.6983	95186230.0	12199200
59.72555	226.5	147.375	6.5859375	72.6983	95186230.0	12199200
123.545845	434.5	141.5	61.21875	72.6983	95186230.0	12199200
78.32401	236.5	50.96875	8.5703125	72.6983	95186230.0	12199200
95.63236	368.5	78.5625	4.3007812	72.6983	95186230.0	12199200
71.2127	210.625	88.625	2.0234375	72.6983	95186230.0	12199200
68.59437	267.5	150.375	18.40625	72.6983	95186230.0	12199200
68.70071	293.5	149.125	49.46875	72.6983	95186230.0	12199200
36.609573	253.5	47.53125	15.9296875	72.6983	95186230.0	12199200
56.87006	219.125	83.4375	12.296875	72.6983	95186230.0	12199200
205.72359	228.75	38.6875	3.0234375	72.6983	95186230.0	12199200
41.66382	218.25	50.1875	3.828125	72.6983	95186230.0	12199200
78.00101	370.5	45.28125	6.1367188	72.6983	95186230.0	12199200
56.875393	331.5	64.0625	1.5263672	72.6983	95186230.0	12199200
58.596844	308.5	67.875	22.3125	72.6983	95186230.0	12199200
63.61069	252.125	125.25	37.59375	72.6983	95186230.0	12199200
69.27582	265.25	26.75	115.125	72.6983	95186230.0	12199200
39.508442	271.75	100.625	97.875	72.6983	95186230.0	12199200
119.90939	250.375	55.46875	4.9453125	72.6983	95186230.0	12199200
71.32271	295.5	36.375	2.7929688	72.6983	95186230.0	12199200
65.70909	251.375	154.0	50.0625	72.6983	95186230.0	12199200
69.46034	206.375	81.25	4.2578125	72.6983	95186230.0	12199200
150.91954	448.0	27.25	149.625	72.6983	95186230.0	12199200
114.66261	262.75	39.34375	17.421875	72.6983	95186230.0	12199200
51.574295	422.0	66.5625	0.9589844	72.6983	95186230.0	12199200
73.19486	310.25	65.625	40.03125	72.6983	95186230.0	12199200
113.68571	643.0	33.5	125.25	72.6983	95186230.0	12199200
78.8926	405.0	133.375	62.9375	72.6983	95186230.0	12199200
52.67885	246.25	53.625	2.1015625	72.6983	95186230.0	12199200
105.12904	289.0	124.5	6.7695312	72.6983	95186230.0	12199200
87.991356	351.75	38.0	1.5830078	72.6983	95186230.0	12199200
53.38908	397.75	93.75	28.421875	72.6983	95186230.0	12199200
97.39159	215.5	91.3125	32.4375	72.6983	95186230.0	12199200
90.10191	269.0	57.625	6.34375	72.6983	95186230.0	12199200
64.15855	262.75	86.875	12.609375	72.6983	95186230.0	12199200
67.704185	247.5	70.375	80.625	72.6983	95186230.0	12199200
140.32553	285.75	74.625	58.0	72.6983	95186230.0	12199200
37.48514	233.375	28.015625	3.0644531	72.6983	95186230.0	12199200
68.573296	221.25	100.75	58.90625	72.6983	95186230.0	12199200
132.42928	271.25	138.75	75.0	72.6983	95186230.0	12199200
145.47325	249.5	118.375	33.21875	72.6983	95186230.0	12199200
61.447403	203.125	35.65625	24.46875	72.6983	95186230.0	12199200
53.690903	269.25	95.75	35.1875	72.6983	95186230.0	12199200
269.26257	664.0	64.8125	121.5625	72.6983	95186230.0	12199200
82.06895	230.75	40.3125	64.625	72.6983	95186230.0	12199200
90.43839	239.75	32.25	8.4375	72.6983	95186230.0	12199200
91.38845	355.5	26.390625	1.1337891	72.6983	95186230.0	12199200
102.822495	283.5	118.3125	7.7578125	72.6983	95186230.0	12199200
87.49578	305.5	111.4375	138.25	72.6983	95186230.0	12199200
84.28329	238.625	107.9375	3.2207031	72.6983	95186230.0	12199200
87.80517	383.0	106.5625	138.125	72.6983	95186230.0	12199200
55.407475	444.0	122.375	1.8476562	72.6983	95186230.0	12199200
91.83631	200.125	63.8125	3.4550781	72.6983	95186230.0	12199200
64.26196	232.375	99.75	13.015625	72.6983	95186230.0	12199200
57.27157	267.5	70.4375	79.9375	72.6983	95186230.0	12199200
64.70385	235.125	28.796875	65.1875	72.6983	95186230.0	12199200
62.151787	328.75	115.1875	4.65625	72.6983	95186230.0	12199200
74.05223	219.0	126.875	8.546875	72.6983	95186230.0	12199200
106.96966	228.25	36.15625	85.375	72.6983	95186230.0	12199200
111.36177	218.875	53.03125	1.9150391	72.6983	95186230.0	12199200
136.03647	201.5	102.8125	47.875	72.6983	95186230.0	12199200
117.75757	459.25	102.3125	30.53125	72.6983	95186230.0	12199200
61.841904	218.125	41.25	12.8203125	72.6983	95186230.0	12199200
47.564686	205.75	28.375	6.96875	72.6983	95186230.0	12199200
82.62953	359.0	131.375	17.203125	72.6983	95186230.0	12199200
74.94592	231.875	63.65625	1.5712891	72.6983	95186230.0	12199200
144.81024	562.0	40.90625	127.875	72.6983	95186230.0	12199200
62.072	256.5	50.09375	45.46875	72.6983	95186230.0	12199200
47.565063	246.625	66.8125	7.8242188	72.6983	95186230.0	12199200
73.02311	244.375	57.90625	1.5703125	72.6983	95186230.0	12199200
115.52698	260.75	87.0625	95.125	72.6983	95186230.0	12199200
108.809616	234.25	65.0625	5.8125	72.6983	95186230.0	12199200
62.84086	242.125	97.5	6.0	72.6983	95186230.0	12199200
68.59292	273.25	51.96875	2.0371094	72.6983	95186230.0	12199200
65.4213	395.0	35.40625	21.5	72.6983	95186230.0	12199200
58.87095	482.5	57.6875	6.203125	72.6983	95186230.0	12199200
95.44908	217.625	70.0	4.828125	72.6983	95186230.0	12199200
83.4761	207.375	31.0	4.3867188	72.6983	95186230.0	12199200
112.96442	278.0	82.5625	4.3359375	72.6983	95186230.0	12199200
55.87743	227.125	82.0	3.4960938	72.6983	95186230.0	12199200
59.876312	224.875	31.453125	62.3125	72.6983	95186230.0	12199200
88.18699	242.0	116.375	4.2851562	72.6983	95186230.0	12199200
233.13577	230.25	68.9375	79.75	72.6983	95186230.0	12199200
70.6012	262.25	91.8125	5.53125	72.6983	95186230.0	12199200
54.009277	257.75	83.6875	54.5625	72.6983	95186230.0	12199200
80.98123	308.5	117.0625	2.3339844	72.6983	95186230.0	12199200
68.4609	211.75	58.5625	43.34375	72.6983	95186230.0	12199200
64.84711	211.875	109.0625	9.2890625	72.6983	95186230.0	12199200
30.192282	256.75	68.25	39.6875	72.6983	95186230.0	12199200
47.5835	264.75	130.5	71.0625	72.6983	95186230.0	12199200
75.082184	227.5	71.1875	80.6875	72.6983	95186230.0	12199200
69.098434	239.375	150.0	46.125	72.6983	95186230.0	12199200
145.22833	325.5	48.09375	78.6875	72.6983	95186230.0	12199200
46.440155	202.0	28.953125	63.875	72.6983	95186230.0	12199200
157.4176	241.25	75.625	26.84375	72.6983	95186230.0	12199200
43.46819	202.0	90.125	6.6757812	72.6983	95186230.0	12199200
97.008606	245.625	69.0625	76.0	72.6983	95186230.0	12199200
85.684166	337.25	82.0	7.3710938	72.6983	95186230.0	12199200
51.135735	259.75	42.03125	2.1171875	72.6983	95186230.0	12199200
53.01382	205.75	98.75	34.90625	72.6983	95186230.0	12199200
89.78785	265.5	25.84375	44.15625	72.6983	95186230.0	12199200
97.24243	576.5	95.9375	126.4375	72.6983	95186230.0	12199200
86.521935	238.5	140.0	12.984375	72.6983	95186230.0	12199200
123.61934	601.0	65.0625	6.6992188	72.6983	95186230.0	12199200
120.82482	210.375	117.9375	5.6132812	72.6983	95186230.0	12199200
126.93966	396.0	69.3125	33.6875	72.6983	95186230.0	12199200
71.99873	305.25	68.4375	17.0	72.6983	95186230.0	12199200
85.05647	225.25	60.25	72.875	72.6983	95186230.0	12199200
99.489624	566.0	50.75	4.1992188	72.6983	95186230.0	12199200
71.51067	410.5	83.6875	26.109375	72.6983	95186230.0	12199200
41.658737	278.25	93.875	1.0634766	72.6983	95186230.0	12199200
53.414497	220.75	119.0	7.046875	72.6983	95186230.0	12199200
60.282745	231.0	69.5	26.25	72.6983	95186230.0	12199200
59.193146	240.125	61.75	27.234375	72.6983	95186230.0	12199200
45.277428	241.625	138.125	2.0507812	72.6983	95186230.0	12199200
37.226845	224.875	96.75	6.7460938	72.6983	95186230.0	12199200
23.978712	204.125	72.875	4.859375	72.6983	95186230.0	12199200
93.49548	348.5	76.25	40.65625	72.6983	95186230.0	12199200
56.302673	240.375	155.5	12.3984375	72.6983	95186230.0	12199200
72.38581	290.5	73.4375	58.875	72.6983	95186230.0	12199200
57.82559	215.625	27.671875	1.3886719	72.6983	95186230.0	12199200
50.13246	200.5	34.8125	76.0	72.6983	95186230.0	12199200
47.162567	213.0	31.453125	16.515625	72.6983	95186230.0	12199200
38.657677	220.125	96.625	8.25	72.6983	95186230.0	12199200
120.149284	218.25	93.0625	72.8125	72.6983	95186230.0	12199200
97.91643	278.75	81.9375	40.15625	72.6983	95186230.0	12199200
76.13545	210.25	38.4375	4.6875	72.6983	95186230.0	12199200
146.89426	509.0	221.625	197.625	72.6983	95186230.0	12199200
62.037487	379.0	132.0	1.3164062	72.6983	95186230.0	12199200
58.162426	236.375	37.625	3.5585938	72.6983	95186230.0	12199200
69.56181	251.125	51.4375	13.4296875	72.6983	95186230.0	12199200
181.94702	365.5	88.5625	24.4375	72.6983	95186230.0	12199200
83.06993	329.25	54.96875	2.2070312	72.6983	95186230.0	12199200
82.51658	272.25	72.125	6.0	72.6983	95186230.0	12199200
63.48533	232.125	61.71875	29.296875	72.6983	95186230.0	12199200
