lep_pt	AK8_pt	AK4_pt	M_sd	genWeights	sumWeight	N_exp
81.82477	232.0	31.9375	92.125	-2.8689086	225952.33	29118
107.99417	270.75	146.75	90.4375	-2.8689086	225952.33	29118
259.82812	403.25	123.125	114.0625	-2.8689086	225952.33	29118
65.00854	475.75	187.25	208.25	2.8689086	225952.33	29118
104.49139	336.0	132.75	158.875	2.8689086	225952.33	29118
145.6007	333.75	35.0	98.5625	2.8689086	225952.33	29118
81.415215	344.75	44.90625	90.5	2.8689086	225952.33	29118
41.96195	303.25	105.5625	155.0	2.8689086	225952.33	29118
89.485344	514.5	96.3125	168.625	2.8689086	225952.33	29118
