lep_pt	genWeights	sumWeight	N_exp
51.297146	0.61813426	9132.316	33941
66.603615	0.61813426	9132.316	33941
63.163956	0.61813426	9132.316	33941
57.47556	-0.61813426	9132.316	33941
118.423485	-0.61813426	9132.316	33941
39.693134	0.61813426	9132.316	33941
86.38232	0.61813426	9132.316	33941
33.27797	0.61813426	9132.316	33941
93.573524	0.61813426	9132.316	33941
128.68686	-0.61813426	9132.316	33941
136.22217	0.61813426	9132.316	33941
98.254585	0.61813426	9132.316	33941
59.77316	0.61813426	9132.316	33941
76.848465	0.61813426	9132.316	33941
33.960316	0.61813426	9132.316	33941
83.43232	0.61813426	9132.316	33941
112.27355	0.61813426	9132.316	33941
72.68365	0.61813426	9132.316	33941
42.1745	0.61813426	9132.316	33941
93.19985	0.61813426	9132.316	33941
71.796425	0.61813426	9132.316	33941
30.403402	-0.61813426	9132.316	33941
76.523575	0.61813426	9132.316	33941
63.976234	0.61813426	9132.316	33941
65.54507	0.61813426	9132.316	33941
24.269302	-0.61813426	9132.316	33941
36.154026	0.61813426	9132.316	33941
139.21397	0.61813426	9132.316	33941
142.52513	-0.61813426	9132.316	33941
133.12323	0.61813426	9132.316	33941
52.974644	0.61813426	9132.316	33941
53.048927	0.61813426	9132.316	33941
69.94247	0.61813426	9132.316	33941
93.06827	0.61813426	9132.316	33941
142.43813	0.61813426	9132.316	33941
152.61163	0.61813426	9132.316	33941
42.20015	0.61813426	9132.316	33941
64.52797	-0.61813426	9132.316	33941
55.68806	0.61813426	9132.316	33941
81.86183	0.61813426	9132.316	33941
97.9773	0.61813426	9132.316	33941
53.729755	0.61813426	9132.316	33941
52.756184	-0.61813426	9132.316	33941
26.353962	0.61813426	9132.316	33941
36.560978	0.61813426	9132.316	33941
27.8958	0.61813426	9132.316	33941
46.868305	0.61813426	9132.316	33941
69.32284	0.61813426	9132.316	33941
31.26629	0.61813426	9132.316	33941
131.95724	0.61813426	9132.316	33941
143.37097	0.61813426	9132.316	33941
163.78986	0.61813426	9132.316	33941
228.45891	0.61813426	9132.316	33941
270.29257	0.61813426	9132.316	33941
96.422455	0.61813426	9132.316	33941
77.998695	0.61813426	9132.316	33941
52.867874	0.61813426	9132.316	33941
119.32131	0.61813426	9132.316	33941
18.26165	0.61813426	9132.316	33941
58.447067	-0.61813426	9132.316	33941
75.10716	0.61813426	9132.316	33941
251.36758	0.61813426	9132.316	33941
79.48934	0.61813426	9132.316	33941
42.21553	0.61813426	9132.316	33941
98.23282	0.61813426	9132.316	33941
40.567154	0.61813426	9132.316	33941
75.66322	-0.61813426	9132.316	33941
371.75793	0.61813426	9132.316	33941
119.034225	-0.61813426	9132.316	33941
91.48178	0.61813426	9132.316	33941
99.673294	0.61813426	9132.316	33941
50.461296	0.61813426	9132.316	33941
15.07525	-0.61813426	9132.316	33941
78.2807	0.61813426	9132.316	33941
71.53909	0.61813426	9132.316	33941
86.02441	0.61813426	9132.316	33941
142.63522	0.61813426	9132.316	33941
71.868416	0.61813426	9132.316	33941
318.17612	-0.61813426	9132.316	33941
72.36859	0.61813426	9132.316	33941
665.7391	0.61813426	9132.316	33941
44.66214	-0.61813426	9132.316	33941
283.7531	0.61813426	9132.316	33941
67.799934	0.61813426	9132.316	33941
66.06016	0.61813426	9132.316	33941
181.02121	-0.61813426	9132.316	33941
50.043644	0.61813426	9132.316	33941
34.115948	0.61813426	9132.316	33941
87.29042	0.61813426	9132.316	33941
30.626587	-0.61813426	9132.316	33941
181.6209	-0.61813426	9132.316	33941
93.24804	0.61813426	9132.316	33941
109.76547	-0.61813426	9132.316	33941
35.470016	0.61813426	9132.316	33941
88.61912	0.61813426	9132.316	33941
59.498966	0.61813426	9132.316	33941
55.171013	0.61813426	9132.316	33941
126.86962	0.61813426	9132.316	33941
49.237858	0.61813426	9132.316	33941
17.82526	0.61813426	9132.316	33941
112.81074	0.61813426	9132.316	33941
67.323296	0.61813426	9132.316	33941
85.40506	0.61813426	9132.316	33941
49.99283	0.61813426	9132.316	33941
76.96565	0.61813426	9132.316	33941
54.39387	0.61813426	9132.316	33941
49.498363	0.61813426	9132.316	33941
120.5144	0.61813426	9132.316	33941
87.6738	0.61813426	9132.316	33941
76.38007	0.61813426	9132.316	33941
39.08966	0.61813426	9132.316	33941
91.93743	0.61813426	9132.316	33941
194.08983	0.61813426	9132.316	33941
54.349205	0.61813426	9132.316	33941
31.971062	0.61813426	9132.316	33941
113.80581	0.61813426	9132.316	33941
142.02908	-0.61813426	9132.316	33941
75.208305	0.61813426	9132.316	33941
47.219654	0.61813426	9132.316	33941
118.923874	0.61813426	9132.316	33941
115.41243	0.61813426	9132.316	33941
56.351322	-0.61813426	9132.316	33941
103.303986	-0.61813426	9132.316	33941
21.281681	-0.61813426	9132.316	33941
85.93275	0.61813426	9132.316	33941
69.0029	0.61813426	9132.316	33941
92.221954	0.61813426	9132.316	33941
249.15015	0.61813426	9132.316	33941
117.33476	0.61813426	9132.316	33941
144.72292	0.61813426	9132.316	33941
41.195423	0.61813426	9132.316	33941
113.00414	-0.61813426	9132.316	33941
51.492237	0.61813426	9132.316	33941
131.03857	-0.61813426	9132.316	33941
196.76488	0.61813426	9132.316	33941
27.910318	0.61813426	9132.316	33941
60.903442	-0.61813426	9132.316	33941
253.22394	0.61813426	9132.316	33941
43.350807	-0.61813426	9132.316	33941
57.2346	0.61813426	9132.316	33941
217.89517	-0.61813426	9132.316	33941
114.05662	-0.61813426	9132.316	33941
98.45403	0.61813426	9132.316	33941
211.0812	-0.61813426	9132.316	33941
48.991795	0.61813426	9132.316	33941
176.5877	-0.61813426	9132.316	33941
51.657345	-0.61813426	9132.316	33941
30.058111	0.61813426	9132.316	33941
105.71279	0.61813426	9132.316	33941
113.076195	0.61813426	9132.316	33941
93.94185	0.61813426	9132.316	33941
352.2526	0.61813426	9132.316	33941
78.69779	0.61813426	9132.316	33941
106.74557	0.61813426	9132.316	33941
35.516674	0.61813426	9132.316	33941
62.354412	0.61813426	9132.316	33941
37.807755	0.61813426	9132.316	33941
87.97841	0.61813426	9132.316	33941
37.436626	-0.61813426	9132.316	33941
29.872759	-0.61813426	9132.316	33941
107.93063	-0.61813426	9132.316	33941
34.426285	0.61813426	9132.316	33941
130.65224	-0.61813426	9132.316	33941
53.988266	0.61813426	9132.316	33941
38.691277	0.61813426	9132.316	33941
197.74324	0.61813426	9132.316	33941
125.14616	-0.61813426	9132.316	33941
79.636314	0.61813426	9132.316	33941
82.95416	0.61813426	9132.316	33941
34.787525	0.61813426	9132.316	33941
41.250492	0.61813426	9132.316	33941
22.934435	0.61813426	9132.316	33941
65.79599	0.61813426	9132.316	33941
91.15565	0.61813426	9132.316	33941
139.25334	-0.61813426	9132.316	33941
73.40203	0.61813426	9132.316	33941
142.00195	-0.61813426	9132.316	33941
146.37715	0.61813426	9132.316	33941
42.684967	0.61813426	9132.316	33941
65.64075	0.61813426	9132.316	33941
180.31209	-0.61813426	9132.316	33941
109.44789	-0.61813426	9132.316	33941
32.88569	0.61813426	9132.316	33941
83.387596	0.61813426	9132.316	33941
103.776024	0.61813426	9132.316	33941
32.449852	0.61813426	9132.316	33941
68.036125	0.61813426	9132.316	33941
55.252064	0.61813426	9132.316	33941
266.36935	0.61813426	9132.316	33941
55.11242	0.61813426	9132.316	33941
127.386055	0.61813426	9132.316	33941
98.87426	0.61813426	9132.316	33941
79.20246	0.61813426	9132.316	33941
254.32208	0.61813426	9132.316	33941
335.4663	-0.61813426	9132.316	33941
245.4661	0.61813426	9132.316	33941
164.05272	0.61813426	9132.316	33941
64.35722	0.61813426	9132.316	33941
20.158737	0.61813426	9132.316	33941
263.89188	0.61813426	9132.316	33941
54.606663	0.61813426	9132.316	33941
49.03952	0.61813426	9132.316	33941
29.423632	0.61813426	9132.316	33941
129.21664	0.61813426	9132.316	33941
68.082634	0.61813426	9132.316	33941
51.89255	0.61813426	9132.316	33941
40.896244	-0.61813426	9132.316	33941
67.950966	0.61813426	9132.316	33941
103.05556	0.61813426	9132.316	33941
64.93896	-0.61813426	9132.316	33941
78.39282	0.61813426	9132.316	33941
214.21649	-0.61813426	9132.316	33941
42.33448	0.61813426	9132.316	33941
116.142494	0.61813426	9132.316	33941
46.168484	-0.61813426	9132.316	33941
116.36604	0.61813426	9132.316	33941
129.54129	-0.61813426	9132.316	33941
296.118	-0.61813426	9132.316	33941
71.800514	0.61813426	9132.316	33941
61.947357	0.61813426	9132.316	33941
47.198284	-0.61813426	9132.316	33941
52.921402	0.61813426	9132.316	33941
50.66186	0.61813426	9132.316	33941
205.95547	0.61813426	9132.316	33941
58.78232	0.61813426	9132.316	33941
118.53366	0.61813426	9132.316	33941
78.06056	0.61813426	9132.316	33941
107.56136	0.61813426	9132.316	33941
46.26132	0.61813426	9132.316	33941
125.727684	0.61813426	9132.316	33941
59.779846	0.61813426	9132.316	33941
102.84573	-0.61813426	9132.316	33941
276.35126	0.61813426	9132.316	33941
160.90009	0.61813426	9132.316	33941
32.997177	0.61813426	9132.316	33941
34.83302	0.61813426	9132.316	33941
60.130005	0.61813426	9132.316	33941
318.4971	0.61813426	9132.316	33941
153.94974	0.61813426	9132.316	33941
73.76533	0.61813426	9132.316	33941
43.24235	0.61813426	9132.316	33941
48.6245	0.61813426	9132.316	33941
69.68683	0.61813426	9132.316	33941
113.373344	0.61813426	9132.316	33941
49.677185	-0.61813426	9132.316	33941
101.93454	0.61813426	9132.316	33941
89.239174	0.61813426	9132.316	33941
62.769997	0.61813426	9132.316	33941
33.736523	0.61813426	9132.316	33941
24.317076	0.61813426	9132.316	33941
216.08862	0.61813426	9132.316	33941
114.07629	0.61813426	9132.316	33941
28.729712	0.61813426	9132.316	33941
166.85382	-0.61813426	9132.316	33941
72.984764	-0.61813426	9132.316	33941
60.59863	0.61813426	9132.316	33941
86.5646	0.61813426	9132.316	33941
58.985043	0.61813426	9132.316	33941
119.514854	0.61813426	9132.316	33941
131.71477	0.61813426	9132.316	33941
82.89275	0.61813426	9132.316	33941
130.50279	-0.61813426	9132.316	33941
131.55496	-0.61813426	9132.316	33941
46.461094	0.61813426	9132.316	33941
231.56636	0.61813426	9132.316	33941
43.50535	-0.61813426	9132.316	33941
81.2169	0.61813426	9132.316	33941
96.37272	0.61813426	9132.316	33941
64.903534	0.61813426	9132.316	33941
125.18375	0.61813426	9132.316	33941
46.91624	0.61813426	9132.316	33941
21.969893	0.61813426	9132.316	33941
54.52798	0.61813426	9132.316	33941
99.45071	0.61813426	9132.316	33941
188.3032	0.61813426	9132.316	33941
177.98209	-0.61813426	9132.316	33941
76.35808	-0.61813426	9132.316	33941
110.4527	0.61813426	9132.316	33941
46.48684	0.61813426	9132.316	33941
42.65833	0.61813426	9132.316	33941
170.15538	0.61813426	9132.316	33941
62.233696	-0.61813426	9132.316	33941
140.67444	0.61813426	9132.316	33941
51.886395	-0.61813426	9132.316	33941
253.20116	0.61813426	9132.316	33941
71.55382	0.61813426	9132.316	33941
134.0641	-0.61813426	9132.316	33941
108.41611	0.61813426	9132.316	33941
102.66472	0.61813426	9132.316	33941
115.56906	0.61813426	9132.316	33941
32.769028	0.61813426	9132.316	33941
57.882225	0.61813426	9132.316	33941
35.362938	-0.61813426	9132.316	33941
86.1589	0.61813426	9132.316	33941
65.69136	0.61813426	9132.316	33941
45.295197	0.61813426	9132.316	33941
40.461395	-0.61813426	9132.316	33941
117.09943	0.61813426	9132.316	33941
110.11106	0.61813426	9132.316	33941
53.12223	0.61813426	9132.316	33941
128.42496	0.61813426	9132.316	33941
28.377642	-0.61813426	9132.316	33941
133.23714	0.61813426	9132.316	33941
48.948017	0.61813426	9132.316	33941
42.266674	-0.61813426	9132.316	33941
39.87409	0.61813426	9132.316	33941
128.63918	0.61813426	9132.316	33941
75.924904	-0.61813426	9132.316	33941
55.710487	-0.61813426	9132.316	33941
32.374393	-0.61813426	9132.316	33941
244.71011	-0.61813426	9132.316	33941
80.49882	0.61813426	9132.316	33941
134.38481	0.61813426	9132.316	33941
29.561226	0.61813426	9132.316	33941
197.00291	0.61813426	9132.316	33941
48.593098	0.61813426	9132.316	33941
59.872765	0.61813426	9132.316	33941
93.384346	0.61813426	9132.316	33941
51.99397	0.61813426	9132.316	33941
107.47762	0.61813426	9132.316	33941
86.26135	0.61813426	9132.316	33941
100.69677	0.61813426	9132.316	33941
152.70107	0.61813426	9132.316	33941
42.669823	0.61813426	9132.316	33941
62.174427	0.61813426	9132.316	33941
37.780453	0.61813426	9132.316	33941
24.675856	-0.61813426	9132.316	33941
47.343555	0.61813426	9132.316	33941
45.714436	0.61813426	9132.316	33941
81.23036	0.61813426	9132.316	33941
96.7555	0.61813426	9132.316	33941
52.60472	0.61813426	9132.316	33941
75.33824	-0.61813426	9132.316	33941
59.37363	0.61813426	9132.316	33941
76.48618	-0.61813426	9132.316	33941
115.96693	0.61813426	9132.316	33941
50.71754	0.61813426	9132.316	33941
66.1827	0.61813426	9132.316	33941
108.29866	0.61813426	9132.316	33941
38.37499	-0.61813426	9132.316	33941
107.475655	0.61813426	9132.316	33941
62.66261	0.61813426	9132.316	33941
448.54453	-0.61813426	9132.316	33941
77.67576	0.61813426	9132.316	33941
23.972914	0.61813426	9132.316	33941
28.325996	-0.61813426	9132.316	33941
238.02333	-0.61813426	9132.316	33941
56.43953	0.61813426	9132.316	33941
100.89953	0.61813426	9132.316	33941
110.11048	0.61813426	9132.316	33941
50.11815	0.61813426	9132.316	33941
73.805855	0.61813426	9132.316	33941
127.031975	0.61813426	9132.316	33941
183.18097	-0.61813426	9132.316	33941
38.509823	0.61813426	9132.316	33941
80.63921	0.61813426	9132.316	33941
55.980556	0.61813426	9132.316	33941
103.31214	0.61813426	9132.316	33941
65.11224	0.61813426	9132.316	33941
156.75208	0.61813426	9132.316	33941
147.8396	-0.61813426	9132.316	33941
80.51863	0.61813426	9132.316	33941
22.93255	0.61813426	9132.316	33941
85.63189	-0.61813426	9132.316	33941
83.780914	0.61813426	9132.316	33941
148.31224	0.61813426	9132.316	33941
152.19472	0.61813426	9132.316	33941
26.346798	0.61813426	9132.316	33941
117.513954	0.61813426	9132.316	33941
32.081024	0.61813426	9132.316	33941
31.887325	0.61813426	9132.316	33941
55.75082	0.61813426	9132.316	33941
65.27423	0.61813426	9132.316	33941
92.069626	-0.61813426	9132.316	33941
56.030426	0.61813426	9132.316	33941
110.908875	0.61813426	9132.316	33941
119.94301	0.61813426	9132.316	33941
37.850456	-0.61813426	9132.316	33941
100.59086	-0.61813426	9132.316	33941
50.628536	-0.61813426	9132.316	33941
150.93547	0.61813426	9132.316	33941
59.146862	0.61813426	9132.316	33941
49.03534	0.61813426	9132.316	33941
67.35856	0.61813426	9132.316	33941
58.704456	0.61813426	9132.316	33941
57.190434	-0.61813426	9132.316	33941
48.47207	0.61813426	9132.316	33941
64.91691	0.61813426	9132.316	33941
122.2961	-0.61813426	9132.316	33941
91.91922	-0.61813426	9132.316	33941
57.068146	0.61813426	9132.316	33941
178.6867	0.61813426	9132.316	33941
65.18816	0.61813426	9132.316	33941
64.63186	0.61813426	9132.316	33941
90.716446	0.61813426	9132.316	33941
153.5142	0.61813426	9132.316	33941
60.38032	0.61813426	9132.316	33941
26.430073	0.61813426	9132.316	33941
64.19738	0.61813426	9132.316	33941
201.94978	0.61813426	9132.316	33941
121.25014	0.61813426	9132.316	33941
90.31888	0.61813426	9132.316	33941
129.10762	0.61813426	9132.316	33941
138.64975	0.61813426	9132.316	33941
48.21613	0.61813426	9132.316	33941
287.1495	0.61813426	9132.316	33941
140.10661	0.61813426	9132.316	33941
18.369194	0.61813426	9132.316	33941
53.745354	-0.61813426	9132.316	33941
174.10379	0.61813426	9132.316	33941
33.135487	0.61813426	9132.316	33941
36.592907	0.61813426	9132.316	33941
258.86	0.61813426	9132.316	33941
70.934074	0.61813426	9132.316	33941
107.80711	0.61813426	9132.316	33941
51.261845	0.61813426	9132.316	33941
72.1045	0.61813426	9132.316	33941
63.75571	0.61813426	9132.316	33941
56.368988	0.61813426	9132.316	33941
57.18177	0.61813426	9132.316	33941
129.76329	0.61813426	9132.316	33941
63.29534	0.61813426	9132.316	33941
140.3153	0.61813426	9132.316	33941
158.243	0.61813426	9132.316	33941
97.87144	0.61813426	9132.316	33941
16.535666	0.61813426	9132.316	33941
21.722712	-0.61813426	9132.316	33941
96.56283	0.61813426	9132.316	33941
53.602566	0.61813426	9132.316	33941
222.06396	0.61813426	9132.316	33941
58.845623	0.61813426	9132.316	33941
89.564476	0.61813426	9132.316	33941
42.171997	0.61813426	9132.316	33941
80.80853	-0.61813426	9132.316	33941
38.997406	0.61813426	9132.316	33941
33.32478	0.61813426	9132.316	33941
189.36617	0.61813426	9132.316	33941
23.138895	0.61813426	9132.316	33941
78.04972	0.61813426	9132.316	33941
15.568981	0.61813426	9132.316	33941
109.77835	-0.61813426	9132.316	33941
82.165565	0.61813426	9132.316	33941
114.61239	0.61813426	9132.316	33941
30.430183	0.61813426	9132.316	33941
80.88103	0.61813426	9132.316	33941
76.402214	-0.61813426	9132.316	33941
62.235424	0.61813426	9132.316	33941
101.28731	0.61813426	9132.316	33941
50.532764	0.61813426	9132.316	33941
105.30455	0.61813426	9132.316	33941
157.42685	0.61813426	9132.316	33941
181.18951	0.61813426	9132.316	33941
79.69714	-0.61813426	9132.316	33941
79.13979	0.61813426	9132.316	33941
115.335495	0.61813426	9132.316	33941
133.7678	-0.61813426	9132.316	33941
104.51056	-0.61813426	9132.316	33941
45.344707	0.61813426	9132.316	33941
187.43031	0.61813426	9132.316	33941
108.02246	0.61813426	9132.316	33941
123.04717	-0.61813426	9132.316	33941
113.528564	-0.61813426	9132.316	33941
27.427298	0.61813426	9132.316	33941
54.860416	0.61813426	9132.316	33941
43.25907	0.61813426	9132.316	33941
92.94451	0.61813426	9132.316	33941
95.02185	0.61813426	9132.316	33941
96.33453	0.61813426	9132.316	33941
77.0671	0.61813426	9132.316	33941
49.471226	-0.61813426	9132.316	33941
95.51884	0.61813426	9132.316	33941
69.36266	0.61813426	9132.316	33941
219.67368	-0.61813426	9132.316	33941
79.90564	0.61813426	9132.316	33941
177.4926	-0.61813426	9132.316	33941
58.57811	0.61813426	9132.316	33941
119.375275	0.61813426	9132.316	33941
106.30567	0.61813426	9132.316	33941
92.54626	0.61813426	9132.316	33941
49.948757	-0.61813426	9132.316	33941
86.05001	0.61813426	9132.316	33941
126.95514	-0.61813426	9132.316	33941
35.530376	0.61813426	9132.316	33941
172.88698	0.61813426	9132.316	33941
100.57406	0.61813426	9132.316	33941
87.2426	0.61813426	9132.316	33941
157.54344	0.61813426	9132.316	33941
43.65541	0.61813426	9132.316	33941
88.95431	-0.61813426	9132.316	33941
194.05617	0.61813426	9132.316	33941
141.36531	-0.61813426	9132.316	33941
98.07646	-0.61813426	9132.316	33941
204.42479	0.61813426	9132.316	33941
68.38638	0.61813426	9132.316	33941
63.500164	0.61813426	9132.316	33941
54.620358	0.61813426	9132.316	33941
123.04781	0.61813426	9132.316	33941
42.118694	0.61813426	9132.316	33941
60.32898	0.61813426	9132.316	33941
42.296062	0.61813426	9132.316	33941
162.74777	0.61813426	9132.316	33941
459.68033	-0.61813426	9132.316	33941
51.246582	0.61813426	9132.316	33941
54.649063	0.61813426	9132.316	33941
19.70441	0.61813426	9132.316	33941
75.32028	0.61813426	9132.316	33941
92.57507	0.61813426	9132.316	33941
101.950226	-0.61813426	9132.316	33941
57.876545	0.61813426	9132.316	33941
89.48178	0.61813426	9132.316	33941
43.83074	0.61813426	9132.316	33941
59.780983	0.61813426	9132.316	33941
93.0977	-0.61813426	9132.316	33941
74.12	0.61813426	9132.316	33941
68.718575	0.61813426	9132.316	33941
130.36232	0.61813426	9132.316	33941
27.997025	-0.61813426	9132.316	33941
40.79342	-0.61813426	9132.316	33941
144.4654	0.61813426	9132.316	33941
88.41832	-0.61813426	9132.316	33941
57.085735	-0.61813426	9132.316	33941
80.7415	-0.61813426	9132.316	33941
41.284092	-0.61813426	9132.316	33941
168.86423	-0.61813426	9132.316	33941
30.96629	0.61813426	9132.316	33941
48.192818	0.61813426	9132.316	33941
57.77775	-0.61813426	9132.316	33941
103.52735	0.61813426	9132.316	33941
44.070087	0.61813426	9132.316	33941
97.504105	-0.61813426	9132.316	33941
81.73495	0.61813426	9132.316	33941
207.1455	0.61813426	9132.316	33941
156.66135	-0.61813426	9132.316	33941
261.3261	0.61813426	9132.316	33941
58.346252	0.61813426	9132.316	33941
31.729654	0.61813426	9132.316	33941
109.36168	0.61813426	9132.316	33941
312.68127	0.61813426	9132.316	33941
92.36709	0.61813426	9132.316	33941
72.00144	0.61813426	9132.316	33941
92.20264	0.61813426	9132.316	33941
114.96714	0.61813426	9132.316	33941
46.095875	-0.61813426	9132.316	33941
97.35204	0.61813426	9132.316	33941
60.145283	0.61813426	9132.316	33941
56.19938	-0.61813426	9132.316	33941
109.1117	-0.61813426	9132.316	33941
91.73783	0.61813426	9132.316	33941
65.38755	0.61813426	9132.316	33941
42.41019	0.61813426	9132.316	33941
196.3684	0.61813426	9132.316	33941
27.869785	-0.61813426	9132.316	33941
113.86742	0.61813426	9132.316	33941
98.859985	-0.61813426	9132.316	33941
108.85799	0.61813426	9132.316	33941
80.62637	0.61813426	9132.316	33941
31.995483	0.61813426	9132.316	33941
110.44239	-0.61813426	9132.316	33941
72.25716	0.61813426	9132.316	33941
98.45947	-0.61813426	9132.316	33941
70.86071	0.61813426	9132.316	33941
93.81063	0.61813426	9132.316	33941
190.37286	0.61813426	9132.316	33941
29.093891	0.61813426	9132.316	33941
63.942154	0.61813426	9132.316	33941
72.21302	0.61813426	9132.316	33941
129.46408	0.61813426	9132.316	33941
110.13661	0.61813426	9132.316	33941
53.554882	0.61813426	9132.316	33941
62.009296	-0.61813426	9132.316	33941
66.819244	-0.61813426	9132.316	33941
29.21426	0.61813426	9132.316	33941
166.21144	0.61813426	9132.316	33941
60.11759	0.61813426	9132.316	33941
21.438885	0.61813426	9132.316	33941
66.09405	0.61813426	9132.316	33941
82.995605	0.61813426	9132.316	33941
87.66175	-0.61813426	9132.316	33941
47.28895	0.61813426	9132.316	33941
94.173355	-0.61813426	9132.316	33941
56.11851	-0.61813426	9132.316	33941
62.405224	0.61813426	9132.316	33941
68.832375	-0.61813426	9132.316	33941
98.55044	0.61813426	9132.316	33941
44.47036	0.61813426	9132.316	33941
137.91042	0.61813426	9132.316	33941
194.952	0.61813426	9132.316	33941
235.97235	0.61813426	9132.316	33941
96.07555	0.61813426	9132.316	33941
52.970203	0.61813426	9132.316	33941
71.38548	0.61813426	9132.316	33941
104.95108	0.61813426	9132.316	33941
70.75303	0.61813426	9132.316	33941
21.474205	-0.61813426	9132.316	33941
66.39384	-0.61813426	9132.316	33941
26.050053	0.61813426	9132.316	33941
94.66126	-0.61813426	9132.316	33941
62.897587	-0.61813426	9132.316	33941
42.985756	-0.61813426	9132.316	33941
55.11804	0.61813426	9132.316	33941
141.14322	0.61813426	9132.316	33941
113.233025	-0.61813426	9132.316	33941
87.613976	-0.61813426	9132.316	33941
47.464603	-0.61813426	9132.316	33941
29.05898	0.61813426	9132.316	33941
43.069893	0.61813426	9132.316	33941
63.765476	-0.61813426	9132.316	33941
91.01845	0.61813426	9132.316	33941
24.574255	0.61813426	9132.316	33941
57.396366	0.61813426	9132.316	33941
50.316757	0.61813426	9132.316	33941
70.38004	0.61813426	9132.316	33941
125.73985	0.61813426	9132.316	33941
68.6259	-0.61813426	9132.316	33941
122.918755	0.61813426	9132.316	33941
119.96697	0.61813426	9132.316	33941
43.587822	-0.61813426	9132.316	33941
51.827457	0.61813426	9132.316	33941
61.247776	-0.61813426	9132.316	33941
38.76501	0.61813426	9132.316	33941
74.03451	-0.61813426	9132.316	33941
63.28461	0.61813426	9132.316	33941
47.944447	0.61813426	9132.316	33941
41.52355	-0.61813426	9132.316	33941
64.04346	0.61813426	9132.316	33941
94.236	0.61813426	9132.316	33941
94.525604	0.61813426	9132.316	33941
82.23629	0.61813426	9132.316	33941
91.191895	0.61813426	9132.316	33941
52.67105	0.61813426	9132.316	33941
36.5148	0.61813426	9132.316	33941
108.33972	-0.61813426	9132.316	33941
54.229897	0.61813426	9132.316	33941
88.86604	0.61813426	9132.316	33941
88.51304	-0.61813426	9132.316	33941
19.682701	0.61813426	9132.316	33941
29.225786	0.61813426	9132.316	33941
67.43846	-0.61813426	9132.316	33941
62.007336	0.61813426	9132.316	33941
43.294468	-0.61813426	9132.316	33941
77.48158	0.61813426	9132.316	33941
35.000225	-0.61813426	9132.316	33941
112.45833	0.61813426	9132.316	33941
242.40166	0.61813426	9132.316	33941
188.39487	0.61813426	9132.316	33941
136.36014	-0.61813426	9132.316	33941
49.440235	0.61813426	9132.316	33941
228.73009	0.61813426	9132.316	33941
49.642036	0.61813426	9132.316	33941
128.97229	0.61813426	9132.316	33941
135.65782	-0.61813426	9132.316	33941
137.27005	0.61813426	9132.316	33941
279.21445	0.61813426	9132.316	33941
77.29723	0.61813426	9132.316	33941
33.01589	0.61813426	9132.316	33941
355.5833	0.61813426	9132.316	33941
46.700172	0.61813426	9132.316	33941
61.6976	0.61813426	9132.316	33941
28.916338	0.61813426	9132.316	33941
110.09224	0.61813426	9132.316	33941
96.02858	0.61813426	9132.316	33941
95.41525	-0.61813426	9132.316	33941
23.399393	0.61813426	9132.316	33941
53.570965	0.61813426	9132.316	33941
146.037	0.61813426	9132.316	33941
47.74268	0.61813426	9132.316	33941
128.27403	0.61813426	9132.316	33941
38.23391	-0.61813426	9132.316	33941
54.01245	0.61813426	9132.316	33941
194.53644	0.61813426	9132.316	33941
75.57578	0.61813426	9132.316	33941
166.52582	0.61813426	9132.316	33941
85.00826	-0.61813426	9132.316	33941
65.2732	0.61813426	9132.316	33941
103.36632	0.61813426	9132.316	33941
63.36839	0.61813426	9132.316	33941
60.756912	0.61813426	9132.316	33941
61.32597	0.61813426	9132.316	33941
54.88875	0.61813426	9132.316	33941
68.5231	0.61813426	9132.316	33941
54.645195	0.61813426	9132.316	33941
92.17723	-0.61813426	9132.316	33941
76.096756	0.61813426	9132.316	33941
69.92941	0.61813426	9132.316	33941
38.326633	0.61813426	9132.316	33941
54.23254	0.61813426	9132.316	33941
136.3294	-0.61813426	9132.316	33941
44.196236	-0.61813426	9132.316	33941
82.16866	0.61813426	9132.316	33941
147.82405	0.61813426	9132.316	33941
47.667347	0.61813426	9132.316	33941
33.791313	0.61813426	9132.316	33941
64.07793	0.61813426	9132.316	33941
46.025284	0.61813426	9132.316	33941
111.7556	0.61813426	9132.316	33941
38.42365	0.61813426	9132.316	33941
181.71124	0.61813426	9132.316	33941
40.24985	-0.61813426	9132.316	33941
57.064972	0.61813426	9132.316	33941
20.421469	0.61813426	9132.316	33941
36.093273	0.61813426	9132.316	33941
45.34801	-0.61813426	9132.316	33941
46.373253	0.61813426	9132.316	33941
48.046074	0.61813426	9132.316	33941
182.14253	0.61813426	9132.316	33941
117.905	0.61813426	9132.316	33941
28.326841	0.61813426	9132.316	33941
80.893074	0.61813426	9132.316	33941
263.16214	0.61813426	9132.316	33941
22.116478	0.61813426	9132.316	33941
57.948853	0.61813426	9132.316	33941
32.267544	-0.61813426	9132.316	33941
43.30369	-0.61813426	9132.316	33941
250.37276	-0.61813426	9132.316	33941
114.60331	0.61813426	9132.316	33941
78.57941	0.61813426	9132.316	33941
68.133156	0.61813426	9132.316	33941
155.52638	0.61813426	9132.316	33941
40.952477	-0.61813426	9132.316	33941
74.09848	0.61813426	9132.316	33941
119.58906	0.61813426	9132.316	33941
45.362415	0.61813426	9132.316	33941
151.11586	0.61813426	9132.316	33941
109.02845	0.61813426	9132.316	33941
50.12054	-0.61813426	9132.316	33941
136.15283	-0.61813426	9132.316	33941
87.26923	-0.61813426	9132.316	33941
34.909534	0.61813426	9132.316	33941
161.8164	0.61813426	9132.316	33941
103.47124	0.61813426	9132.316	33941
59.33744	0.61813426	9132.316	33941
89.05716	-0.61813426	9132.316	33941
99.91988	0.61813426	9132.316	33941
40.191265	0.61813426	9132.316	33941
91.15483	-0.61813426	9132.316	33941
88.51918	0.61813426	9132.316	33941
56.806625	0.61813426	9132.316	33941
27.871626	0.61813426	9132.316	33941
62.33461	0.61813426	9132.316	33941
59.981537	0.61813426	9132.316	33941
36.927692	-0.61813426	9132.316	33941
44.09312	0.61813426	9132.316	33941
47.807953	0.61813426	9132.316	33941
263.59033	0.61813426	9132.316	33941
52.216602	0.61813426	9132.316	33941
34.652546	0.61813426	9132.316	33941
14.650075	0.61813426	9132.316	33941
325.949	0.61813426	9132.316	33941
73.3926	0.61813426	9132.316	33941
97.05584	0.61813426	9132.316	33941
48.64492	0.61813426	9132.316	33941
144.16594	0.61813426	9132.316	33941
137.17104	0.61813426	9132.316	33941
78.81059	0.61813426	9132.316	33941
33.33176	0.61813426	9132.316	33941
120.09699	-0.61813426	9132.316	33941
48.73697	0.61813426	9132.316	33941
71.45103	-0.61813426	9132.316	33941
94.63417	0.61813426	9132.316	33941
50.710632	0.61813426	9132.316	33941
108.14412	0.61813426	9132.316	33941
37.260345	-0.61813426	9132.316	33941
27.417902	-0.61813426	9132.316	33941
154.33224	-0.61813426	9132.316	33941
105.38303	0.61813426	9132.316	33941
101.2739	0.61813426	9132.316	33941
104.65623	-0.61813426	9132.316	33941
119.08981	0.61813426	9132.316	33941
24.45854	0.61813426	9132.316	33941
408.1759	0.61813426	9132.316	33941
193.8723	0.61813426	9132.316	33941
100.081764	0.61813426	9132.316	33941
86.7948	-0.61813426	9132.316	33941
38.997955	0.61813426	9132.316	33941
156.6341	0.61813426	9132.316	33941
143.82634	0.61813426	9132.316	33941
59.47213	0.61813426	9132.316	33941
75.2837	0.61813426	9132.316	33941
206.81706	0.61813426	9132.316	33941
66.82371	0.61813426	9132.316	33941
58.619392	0.61813426	9132.316	33941
53.39029	-0.61813426	9132.316	33941
46.183674	-0.61813426	9132.316	33941
41.042496	-0.61813426	9132.316	33941
77.23167	0.61813426	9132.316	33941
81.495	0.61813426	9132.316	33941
65.32809	-0.61813426	9132.316	33941
64.32026	0.61813426	9132.316	33941
100.92988	0.61813426	9132.316	33941
35.17208	-0.61813426	9132.316	33941
72.94038	0.61813426	9132.316	33941
111.79368	0.61813426	9132.316	33941
118.33165	0.61813426	9132.316	33941
89.262726	-0.61813426	9132.316	33941
65.66778	-0.61813426	9132.316	33941
164.6951	0.61813426	9132.316	33941
98.75379	0.61813426	9132.316	33941
51.208363	0.61813426	9132.316	33941
109.66256	0.61813426	9132.316	33941
75.41246	0.61813426	9132.316	33941
48.8787	0.61813426	9132.316	33941
45.054054	0.61813426	9132.316	33941
29.397804	0.61813426	9132.316	33941
97.303345	0.61813426	9132.316	33941
53.346554	0.61813426	9132.316	33941
76.31383	0.61813426	9132.316	33941
72.31213	0.61813426	9132.316	33941
85.92561	0.61813426	9132.316	33941
149.20305	-0.61813426	9132.316	33941
56.079025	-0.61813426	9132.316	33941
50.30697	0.61813426	9132.316	33941
14.785752	0.61813426	9132.316	33941
32.78541	-0.61813426	9132.316	33941
44.6618	0.61813426	9132.316	33941
26.170776	0.61813426	9132.316	33941
282.009	-0.61813426	9132.316	33941
26.591429	-0.61813426	9132.316	33941
190.54247	0.61813426	9132.316	33941
108.56603	-0.61813426	9132.316	33941
80.54123	0.61813426	9132.316	33941
49.42067	0.61813426	9132.316	33941
50.16079	-0.61813426	9132.316	33941
90.20053	0.61813426	9132.316	33941
25.488197	-0.61813426	9132.316	33941
73.99203	0.61813426	9132.316	33941
253.15808	0.61813426	9132.316	33941
410.4686	0.61813426	9132.316	33941
51.080463	0.61813426	9132.316	33941
48.730995	0.61813426	9132.316	33941
79.25149	-0.61813426	9132.316	33941
252.52338	-0.61813426	9132.316	33941
113.58834	0.61813426	9132.316	33941
72.669655	-0.61813426	9132.316	33941
54.776646	-0.61813426	9132.316	33941
159.64998	0.61813426	9132.316	33941
117.24487	0.61813426	9132.316	33941
124.20109	-0.61813426	9132.316	33941
75.89524	0.61813426	9132.316	33941
185.23671	0.61813426	9132.316	33941
101.9486	-0.61813426	9132.316	33941
75.04352	0.61813426	9132.316	33941
350.61685	0.61813426	9132.316	33941
125.24358	0.61813426	9132.316	33941
85.65651	0.61813426	9132.316	33941
109.87469	-0.61813426	9132.316	33941
65.91982	0.61813426	9132.316	33941
38.90809	0.61813426	9132.316	33941
24.265741	-0.61813426	9132.316	33941
41.251328	0.61813426	9132.316	33941
81.18161	0.61813426	9132.316	33941
39.470375	0.61813426	9132.316	33941
87.57758	-0.61813426	9132.316	33941
47.813435	0.61813426	9132.316	33941
74.62847	0.61813426	9132.316	33941
71.59931	-0.61813426	9132.316	33941
26.581112	0.61813426	9132.316	33941
72.15946	0.61813426	9132.316	33941
126.12911	0.61813426	9132.316	33941
63.970493	0.61813426	9132.316	33941
38.07018	0.61813426	9132.316	33941
80.9108	0.61813426	9132.316	33941
39.489735	0.61813426	9132.316	33941
98.828445	0.61813426	9132.316	33941
45.741394	0.61813426	9132.316	33941
61.991604	-0.61813426	9132.316	33941
181.71527	0.61813426	9132.316	33941
74.174965	0.61813426	9132.316	33941
31.423605	0.61813426	9132.316	33941
282.46487	0.61813426	9132.316	33941
100.72976	0.61813426	9132.316	33941
16.854443	0.61813426	9132.316	33941
98.9479	0.61813426	9132.316	33941
52.185345	0.61813426	9132.316	33941
46.066006	0.61813426	9132.316	33941
32.48364	0.61813426	9132.316	33941
84.037056	-0.61813426	9132.316	33941
112.04222	0.61813426	9132.316	33941
69.17332	0.61813426	9132.316	33941
98.1468	0.61813426	9132.316	33941
83.366455	0.61813426	9132.316	33941
31.861834	-0.61813426	9132.316	33941
45.947865	0.61813426	9132.316	33941
543.9819	0.61813426	9132.316	33941
27.359537	0.61813426	9132.316	33941
52.678833	-0.61813426	9132.316	33941
56.004486	0.61813426	9132.316	33941
29.338795	0.61813426	9132.316	33941
67.54891	0.61813426	9132.316	33941
69.6494	0.61813426	9132.316	33941
38.343243	-0.61813426	9132.316	33941
209.38165	0.61813426	9132.316	33941
96.540855	0.61813426	9132.316	33941
100.77467	0.61813426	9132.316	33941
252.86	-0.61813426	9132.316	33941
56.52825	0.61813426	9132.316	33941
30.973204	0.61813426	9132.316	33941
186.08862	0.61813426	9132.316	33941
94.48235	0.61813426	9132.316	33941
124.81485	0.61813426	9132.316	33941
102.49684	0.61813426	9132.316	33941
38.12287	0.61813426	9132.316	33941
108.48788	-0.61813426	9132.316	33941
80.19032	0.61813426	9132.316	33941
45.704693	0.61813426	9132.316	33941
224.12364	0.61813426	9132.316	33941
111.885345	0.61813426	9132.316	33941
58.6928	0.61813426	9132.316	33941
73.8189	-0.61813426	9132.316	33941
191.38269	0.61813426	9132.316	33941
267.46512	-0.61813426	9132.316	33941
77.84594	0.61813426	9132.316	33941
185.23267	0.61813426	9132.316	33941
55.420208	-0.61813426	9132.316	33941
55.02248	0.61813426	9132.316	33941
38.71785	-0.61813426	9132.316	33941
85.96111	0.61813426	9132.316	33941
248.50938	0.61813426	9132.316	33941
59.87989	-0.61813426	9132.316	33941
105.08968	0.61813426	9132.316	33941
49.8906	0.61813426	9132.316	33941
41.29095	0.61813426	9132.316	33941
50.95121	0.61813426	9132.316	33941
353.1444	-0.61813426	9132.316	33941
72.17183	-0.61813426	9132.316	33941
34.82436	0.61813426	9132.316	33941
63.74335	0.61813426	9132.316	33941
49.25596	-0.61813426	9132.316	33941
119.737595	-0.61813426	9132.316	33941
75.46447	0.61813426	9132.316	33941
66.35615	0.61813426	9132.316	33941
195.7612	0.61813426	9132.316	33941
87.40953	-0.61813426	9132.316	33941
82.41917	-0.61813426	9132.316	33941
32.700356	0.61813426	9132.316	33941
106.62062	0.61813426	9132.316	33941
87.20051	-0.61813426	9132.316	33941
181.42523	-0.61813426	9132.316	33941
113.097374	0.61813426	9132.316	33941
33.953	-0.61813426	9132.316	33941
68.2936	0.61813426	9132.316	33941
74.524796	0.61813426	9132.316	33941
90.449425	0.61813426	9132.316	33941
162.74861	0.61813426	9132.316	33941
70.50921	0.61813426	9132.316	33941
199.53079	0.61813426	9132.316	33941
208.05489	-0.61813426	9132.316	33941
180.74883	0.61813426	9132.316	33941
123.07606	0.61813426	9132.316	33941
131.17885	0.61813426	9132.316	33941
44.131504	0.61813426	9132.316	33941
48.63433	0.61813426	9132.316	33941
86.349106	0.61813426	9132.316	33941
53.97159	0.61813426	9132.316	33941
60.474583	0.61813426	9132.316	33941
152.90988	-0.61813426	9132.316	33941
58.875973	-0.61813426	9132.316	33941
77.46487	-0.61813426	9132.316	33941
77.40804	0.61813426	9132.316	33941
66.9731	0.61813426	9132.316	33941
56.921417	-0.61813426	9132.316	33941
87.83516	0.61813426	9132.316	33941
38.166027	0.61813426	9132.316	33941
141.93083	-0.61813426	9132.316	33941
110.17219	-0.61813426	9132.316	33941
202.59555	0.61813426	9132.316	33941
200.04486	0.61813426	9132.316	33941
66.84088	0.61813426	9132.316	33941
54.913975	0.61813426	9132.316	33941
37.02944	-0.61813426	9132.316	33941
126.03997	0.61813426	9132.316	33941
26.774687	0.61813426	9132.316	33941
129.00578	0.61813426	9132.316	33941
79.993576	0.61813426	9132.316	33941
110.125244	0.61813426	9132.316	33941
71.20159	0.61813426	9132.316	33941
19.4036	0.61813426	9132.316	33941
31.964016	0.61813426	9132.316	33941
62.73799	-0.61813426	9132.316	33941
70.301506	0.61813426	9132.316	33941
49.340073	0.61813426	9132.316	33941
68.36506	0.61813426	9132.316	33941
55.71288	-0.61813426	9132.316	33941
38.71019	0.61813426	9132.316	33941
63.36379	-0.61813426	9132.316	33941
115.901276	-0.61813426	9132.316	33941
73.66402	-0.61813426	9132.316	33941
51.7212	0.61813426	9132.316	33941
56.294872	0.61813426	9132.316	33941
168.74718	0.61813426	9132.316	33941
25.711424	-0.61813426	9132.316	33941
65.474266	0.61813426	9132.316	33941
115.413925	-0.61813426	9132.316	33941
131.27257	0.61813426	9132.316	33941
27.676336	-0.61813426	9132.316	33941
115.701	0.61813426	9132.316	33941
35.54949	0.61813426	9132.316	33941
490.40317	0.61813426	9132.316	33941
112.87724	-0.61813426	9132.316	33941
169.92952	-0.61813426	9132.316	33941
47.59592	-0.61813426	9132.316	33941
71.855255	0.61813426	9132.316	33941
55.84748	0.61813426	9132.316	33941
46.221195	0.61813426	9132.316	33941
106.83579	0.61813426	9132.316	33941
262.66232	0.61813426	9132.316	33941
45.177303	0.61813426	9132.316	33941
65.97823	0.61813426	9132.316	33941
110.41566	0.61813426	9132.316	33941
63.937492	-0.61813426	9132.316	33941
74.19792	-0.61813426	9132.316	33941
56.828793	0.61813426	9132.316	33941
84.47457	0.61813426	9132.316	33941
121.72029	0.61813426	9132.316	33941
132.70886	0.61813426	9132.316	33941
30.107431	0.61813426	9132.316	33941
68.944626	0.61813426	9132.316	33941
56.99901	0.61813426	9132.316	33941
299.44418	0.61813426	9132.316	33941
23.219402	0.61813426	9132.316	33941
22.21985	0.61813426	9132.316	33941
70.58997	-0.61813426	9132.316	33941
120.30171	-0.61813426	9132.316	33941
65.351204	0.61813426	9132.316	33941
149.77974	0.61813426	9132.316	33941
241.14836	0.61813426	9132.316	33941
65.85637	-0.61813426	9132.316	33941
86.81178	0.61813426	9132.316	33941
28.594187	-0.61813426	9132.316	33941
127.14095	0.61813426	9132.316	33941
95.775475	0.61813426	9132.316	33941
32.38486	0.61813426	9132.316	33941
134.27374	0.61813426	9132.316	33941
64.3842	0.61813426	9132.316	33941
127.93481	0.61813426	9132.316	33941
80.63165	0.61813426	9132.316	33941
65.697205	0.61813426	9132.316	33941
114.47008	-0.61813426	9132.316	33941
99.480225	0.61813426	9132.316	33941
64.01272	0.61813426	9132.316	33941
76.63796	0.61813426	9132.316	33941
124.44339	0.61813426	9132.316	33941
37.216793	0.61813426	9132.316	33941
80.97659	0.61813426	9132.316	33941
42.114674	-0.61813426	9132.316	33941
51.233166	0.61813426	9132.316	33941
29.280787	0.61813426	9132.316	33941
203.15501	0.61813426	9132.316	33941
106.069	0.61813426	9132.316	33941
48.446064	0.61813426	9132.316	33941
105.39114	0.61813426	9132.316	33941
76.14014	0.61813426	9132.316	33941
70.96879	0.61813426	9132.316	33941
47.472183	0.61813426	9132.316	33941
39.96927	0.61813426	9132.316	33941
97.805595	0.61813426	9132.316	33941
146.62445	0.61813426	9132.316	33941
102.34833	0.61813426	9132.316	33941
102.162865	0.61813426	9132.316	33941
45.740887	-0.61813426	9132.316	33941
43.997437	0.61813426	9132.316	33941
69.98395	-0.61813426	9132.316	33941
128.74591	0.61813426	9132.316	33941
78.39745	-0.61813426	9132.316	33941
68.65844	0.61813426	9132.316	33941
57.739147	0.61813426	9132.316	33941
180.33675	-0.61813426	9132.316	33941
26.800781	-0.61813426	9132.316	33941
43.18949	0.61813426	9132.316	33941
41.93634	0.61813426	9132.316	33941
66.161705	0.61813426	9132.316	33941
184.02473	-0.61813426	9132.316	33941
172.3837	0.61813426	9132.316	33941
69.23988	0.61813426	9132.316	33941
64.84893	-0.61813426	9132.316	33941
33.961433	0.61813426	9132.316	33941
82.463425	0.61813426	9132.316	33941
76.542046	-0.61813426	9132.316	33941
141.64868	-0.61813426	9132.316	33941
110.446106	-0.61813426	9132.316	33941
38.785828	0.61813426	9132.316	33941
138.50412	-0.61813426	9132.316	33941
301.85986	0.61813426	9132.316	33941
40.206535	0.61813426	9132.316	33941
25.52779	0.61813426	9132.316	33941
195.8266	-0.61813426	9132.316	33941
166.68002	0.61813426	9132.316	33941
73.24275	-0.61813426	9132.316	33941
84.51318	0.61813426	9132.316	33941
96.1573	0.61813426	9132.316	33941
43.75386	0.61813426	9132.316	33941
121.18947	0.61813426	9132.316	33941
66.22162	-0.61813426	9132.316	33941
86.33833	0.61813426	9132.316	33941
173.62111	0.61813426	9132.316	33941
140.08076	0.61813426	9132.316	33941
149.51088	-0.61813426	9132.316	33941
17.029737	-0.61813426	9132.316	33941
108.87931	0.61813426	9132.316	33941
117.17754	0.61813426	9132.316	33941
123.854546	0.61813426	9132.316	33941
19.93957	0.61813426	9132.316	33941
43.140022	0.61813426	9132.316	33941
83.840515	0.61813426	9132.316	33941
87.35949	0.61813426	9132.316	33941
67.29882	0.61813426	9132.316	33941
29.959682	0.61813426	9132.316	33941
94.77869	0.61813426	9132.316	33941
38.70347	-0.61813426	9132.316	33941
172.46066	0.61813426	9132.316	33941
77.64738	0.61813426	9132.316	33941
62.954807	0.61813426	9132.316	33941
215.94734	0.61813426	9132.316	33941
43.59046	0.61813426	9132.316	33941
78.881294	-0.61813426	9132.316	33941
206.19261	0.61813426	9132.316	33941
113.17215	-0.61813426	9132.316	33941
95.73612	-0.61813426	9132.316	33941
176.94678	0.61813426	9132.316	33941
41.902767	0.61813426	9132.316	33941
45.7312	0.61813426	9132.316	33941
98.07786	0.61813426	9132.316	33941
59.731873	0.61813426	9132.316	33941
31.826164	-0.61813426	9132.316	33941
83.73586	0.61813426	9132.316	33941
52.364006	0.61813426	9132.316	33941
65.322716	0.61813426	9132.316	33941
22.410257	-0.61813426	9132.316	33941
38.42404	0.61813426	9132.316	33941
30.51224	0.61813426	9132.316	33941
159.64978	-0.61813426	9132.316	33941
66.62001	-0.61813426	9132.316	33941
96.92995	0.61813426	9132.316	33941
317.30722	-0.61813426	9132.316	33941
96.32939	0.61813426	9132.316	33941
33.08497	-0.61813426	9132.316	33941
57.37119	-0.61813426	9132.316	33941
92.91185	0.61813426	9132.316	33941
143.50482	0.61813426	9132.316	33941
88.04152	-0.61813426	9132.316	33941
150.09279	0.61813426	9132.316	33941
55.69479	0.61813426	9132.316	33941
143.47969	0.61813426	9132.316	33941
98.25614	0.61813426	9132.316	33941
96.76439	0.61813426	9132.316	33941
123.62608	0.61813426	9132.316	33941
34.97306	0.61813426	9132.316	33941
253.3254	0.61813426	9132.316	33941
53.04132	0.61813426	9132.316	33941
222.33015	-0.61813426	9132.316	33941
134.46228	0.61813426	9132.316	33941
99.73473	0.61813426	9132.316	33941
59.523132	0.61813426	9132.316	33941
268.08762	0.61813426	9132.316	33941
83.39489	0.61813426	9132.316	33941
29.250374	0.61813426	9132.316	33941
74.33457	-0.61813426	9132.316	33941
72.42187	-0.61813426	9132.316	33941
169.48619	0.61813426	9132.316	33941
44.845047	0.61813426	9132.316	33941
75.86877	0.61813426	9132.316	33941
44.02657	0.61813426	9132.316	33941
191.7338	0.61813426	9132.316	33941
161.7849	0.61813426	9132.316	33941
142.23279	-0.61813426	9132.316	33941
18.584333	-0.61813426	9132.316	33941
51.65643	0.61813426	9132.316	33941
45.20498	0.61813426	9132.316	33941
97.72484	0.61813426	9132.316	33941
55.246025	0.61813426	9132.316	33941
156.18039	0.61813426	9132.316	33941
202.92448	0.61813426	9132.316	33941
24.558508	0.61813426	9132.316	33941
75.685196	0.61813426	9132.316	33941
156.6882	0.61813426	9132.316	33941
104.53295	-0.61813426	9132.316	33941
52.886494	0.61813426	9132.316	33941
107.395035	0.61813426	9132.316	33941
