lep_pt	AK8_pt	H_t	AK4_pt	t32	Msd	genWeights	sumWeight	N_exp
146.4908	476.75	157.125	157.125	0.35144928	198.5	0.005284793	134.25488	415
318.79123	663.0	150.875	150.875	0.3719461	220.375	0.005284793	134.25488	415
219.81288	408.5	100.375	100.375	0.559393	153.25	0.005284793	134.25488	415
207.09157	548.5	195.28125	157.0	0.5998526	179.5	0.005284793	134.25488	415
107.08002	408.25	125.1875	125.1875	0.3681841	188.875	0.005284793	134.25488	415
398.8268	665.0	182.84375	155.75	0.47505584	192.875	-0.005284793	134.25488	415
194.87068	385.25	186.5	136.375	0.39215687	177.125	0.005284793	134.25488	415
99.01263	400.75	90.0	90.0	0.29216868	154.5	0.005284793	134.25488	415
74.08085	423.25	173.59375	123.25	0.43587786	136.125	0.005284793	134.25488	415
202.33835	533.5	58.5625	58.5625	0.60294116	176.125	0.005284793	134.25488	415
223.75038	310.5	65.8125	65.8125	0.6097461	132.625	0.005284793	134.25488	415
125.128426	449.0	131.375	131.375	0.7208604	182.125	0.005284793	134.25488	415
385.67392	640.0	140.40625	98.8125	0.49398074	151.5	0.005284793	134.25488	415
106.14139	247.5	93.1875	93.1875	0.9309133	92.4375	0.005284793	134.25488	415
46.24673	612.0	121.3125	121.3125	0.31510043	194.875	-0.005284793	134.25488	415
226.93185	344.25	179.45312	152.375	0.4556391	150.625	0.005284793	134.25488	415
312.4002	543.5	223.375	139.625	0.38459933	151.875	-0.005284793	134.25488	415
217.61365	207.5	95.4375	95.4375	0.565394	93.8125	0.005284793	134.25488	415
122.02622	293.75	99.25	99.25	0.5066096	108.25	0.005284793	134.25488	415
216.03412	242.0	230.4375	123.5	0.5697248	109.125	0.005284793	134.25488	415
547.11145	661.0	115.4375	115.4375	0.36008945	169.875	0.005284793	134.25488	415
161.06721	418.0	171.375	171.375	0.71858406	159.125	0.005284793	134.25488	415
200.68683	461.5	99.9375	99.9375	0.4928806	193.125	-0.005284793	134.25488	415
222.2567	383.5	93.9375	93.9375	0.38479477	175.25	0.005284793	134.25488	415
202.53822	214.375	63.25	63.25	0.8499636	78.1875	-0.005284793	134.25488	415
231.9746	384.25	188.54688	160.5	0.8904703	152.5	0.005284793	134.25488	415
81.288734	264.25	103.625	103.625	0.7137073	92.125	-0.005284793	134.25488	415
268.42593	387.75	120.59375	80.0625	0.6068999	107.375	0.005284793	134.25488	415
494.4081	718.5	167.125	167.125	0.65607476	320.0	0.005284793	134.25488	415
262.88324	397.5	139.3125	88.0	0.68235296	96.8125	0.005284793	134.25488	415
363.83405	392.75	77.75	77.75	0.6739974	141.875	-0.005284793	134.25488	415
289.80615	270.75	146.5	87.25	0.7721297	114.0	-0.005284793	134.25488	415
45.360775	363.5	104.9375	104.9375	0.83760685	104.25	-0.005284793	134.25488	415
43.22905	560.0	89.9375	89.9375	0.47632313	92.25	0.005284793	134.25488	415
191.73541	315.25	143.1875	102.375	0.6165381	160.0	0.005284793	134.25488	415
257.31686	191.0	66.9375	66.9375	0.39587033	86.0625	0.005284793	134.25488	415
112.9896	384.75	100.9375	100.9375	0.39595848	161.5	0.005284793	134.25488	415
297.2272	431.5	189.14062	160.125	0.40943953	214.375	-0.005284793	134.25488	415
222.5038	369.75	82.125	82.125	0.45136088	183.25	0.005284793	134.25488	415
224.87952	423.0	67.25	67.25	0.4451399	147.625	0.005284793	134.25488	415
127.77874	280.0	55.46875	55.46875	0.54992396	108.5	0.005284793	134.25488	415
71.32131	565.5	143.875	143.875	0.37774566	199.625	0.005284793	134.25488	415
172.3209	474.5	177.5625	127.1875	0.54742175	172.5	0.005284793	134.25488	415
261.24106	493.5	150.125	150.125	0.58242506	231.125	-0.005284793	134.25488	415
152.57625	343.75	125.59375	82.5	0.4423729	138.75	0.005284793	134.25488	415
386.63202	360.5	132.375	132.375	0.8541667	84.6875	0.005284793	134.25488	415
417.4654	516.0	143.125	143.125	0.27791262	211.25	0.005284793	134.25488	415
301.862	480.25	94.9375	94.9375	0.8466175	144.875	-0.005284793	134.25488	415
168.67873	386.5	105.4375	105.4375	0.44311875	170.5	-0.005284793	134.25488	415
73.97052	434.75	71.46875	45.78125	0.72565156	145.625	0.005284793	134.25488	415
346.71204	370.0	106.75	106.75	0.5411974	147.875	0.005284793	134.25488	415
82.9198	417.0	136.0	136.0	0.40622056	183.125	0.005284793	134.25488	415
117.196594	404.75	103.875	103.875	0.5778098	194.375	-0.005284793	134.25488	415
217.63837	362.0	158.75	158.75	0.38720414	160.625	0.005284793	134.25488	415
194.91731	364.0	195.34375	134.875	0.8066667	115.625	0.005284793	134.25488	415
61.88132	476.25	118.6875	118.6875	0.62357414	192.625	0.005284793	134.25488	415
306.98068	454.0	151.125	151.125	0.7593809	166.0	-0.005284793	134.25488	415
463.914	674.0	86.25	86.25	0.39178002	198.375	0.005284793	134.25488	415
366.42743	742.0	97.1875	97.1875	0.48814392	132.125	-0.005284793	134.25488	415
217.67915	301.25	70.8125	70.8125	0.8625411	124.3125	0.005284793	134.25488	415
63.29196	545.5	159.375	111.9375	0.8164514	171.75	0.005284793	134.25488	415
386.43546	486.5	72.8125	72.8125	0.81782943	173.75	0.005284793	134.25488	415
293.88922	321.0	237.6875	161.5	0.5095003	177.125	0.005284793	134.25488	415
257.24234	451.25	166.0	166.0	0.78279465	183.875	-0.005284793	134.25488	415
85.95726	371.75	122.75	122.75	0.7577928	171.75	0.005284793	134.25488	415
351.22617	471.5	158.5	158.5	0.2739726	177.25	0.005284793	134.25488	415
162.34283	487.25	239.9375	124.125	0.4928302	186.875	-0.005284793	134.25488	415
90.38029	278.0	75.0	41.21875	0.77591795	88.5625	0.005284793	134.25488	415
242.21193	288.75	150.0	79.9375	0.4623234	128.875	0.005284793	134.25488	415
178.91635	424.0	118.6875	118.6875	0.6729651	167.25	0.005284793	134.25488	415
452.7895	410.0	156.375	156.375	0.6665388	104.125	0.005284793	134.25488	415
149.1657	305.5	59.65625	59.65625	0.6261431	116.0625	0.005284793	134.25488	415
97.86857	281.75	121.0	121.0	0.92586493	94.0	0.005284793	134.25488	415
141.39166	420.5	142.0	142.0	0.47981367	182.875	0.005284793	134.25488	415
137.20592	324.75	97.8125	97.8125	0.93553585	6.2773438	0.005284793	134.25488	415
113.99767	376.0	125.5	125.5	0.71147317	140.75	0.005284793	134.25488	415
48.3636	412.0	190.5625	95.3125	0.95302546	191.375	0.005284793	134.25488	415
222.64029	388.75	175.125	100.375	0.34429824	157.625	-0.005284793	134.25488	415
296.60828	502.25	111.0625	111.0625	0.4662522	162.625	0.005284793	134.25488	415
154.7685	544.0	113.4375	113.4375	0.38523078	183.375	0.005284793	134.25488	415
317.61954	420.0	102.3125	77.125	0.4470852	197.0	0.005284793	134.25488	415
204.28453	336.25	108.5625	108.5625	0.30296403	152.125	0.005284793	134.25488	415
353.90207	339.75	86.125	86.125	0.25729573	138.75	0.005284793	134.25488	415
103.190994	451.0	196.75	196.75	0.78812635	188.5	0.005284793	134.25488	415
61.95158	288.0	118.3125	118.3125	0.37941176	140.625	0.005284793	134.25488	415
216.82568	239.75	109.46875	69.125	0.4975681	114.8125	0.005284793	134.25488	415
165.88165	260.25	59.21875	59.21875	0.42568162	123.0	0.005284793	134.25488	415
312.32538	447.5	90.0	90.0	0.6115942	148.375	0.005284793	134.25488	415
603.5499	788.0	163.125	163.125	0.52112675	111.0	-0.005284793	134.25488	415
144.66486	317.25	116.5625	116.5625	0.6604414	131.5	0.005284793	134.25488	415
165.22574	1363.0	107.1875	107.1875	0.6352201	12.109375	-0.005284793	134.25488	415
228.62741	401.25	102.25	102.25	0.6137849	170.5	0.005284793	134.25488	415
489.61343	581.0	57.65625	57.65625	0.3526381	184.75	0.005284793	134.25488	415
72.75996	417.5	130.875	130.875	0.5429508	159.25	0.005284793	134.25488	415
106.9997	318.0	107.3125	107.3125	0.49549887	161.5	0.005284793	134.25488	415
278.98837	324.0	97.3125	97.3125	0.5973451	127.125	0.005284793	134.25488	415
231.1391	359.25	115.0625	115.0625	0.7095436	89.3125	0.005284793	134.25488	415
148.8154	355.5	208.71875	158.25	0.4457429	164.875	0.005284793	134.25488	415
158.12581	300.25	122.265625	92.5	0.46611616	112.875	0.005284793	134.25488	415
73.89874	366.75	148.0	148.0	0.5221807	144.75	0.005284793	134.25488	415
275.81918	401.25	164.0	128.0	0.3522073	181.375	0.005284793	134.25488	415
147.75455	417.75	56.1875	56.1875	0.81424147	151.0	0.005284793	134.25488	415
204.77383	356.25	120.375	120.375	0.442757	136.0	0.005284793	134.25488	415
202.76761	612.0	187.9375	105.9375	0.64208245	242.375	0.005284793	134.25488	415
390.6416	407.5	107.71875	78.75	0.77031803	86.5625	-0.005284793	134.25488	415
297.0197	616.0	131.375	131.375	0.30796254	200.875	0.005284793	134.25488	415
