lep_pt	AK8_pt	AK4_pt	M_sd	genWeights	sumWeight	N_exp
521.19763	907.0	58.09375	140.25	0.49554962	156882.11	35563
417.7813	644.5	82.375	263.0	0.49554962	156882.11	35563
238.00777	482.75	115.75	173.125	0.49554962	156882.11	35563
764.7919	800.5	210.25	262.0	0.49554962	156882.11	35563
99.97987	473.0	80.4375	138.0	-0.49554962	156882.11	35563
228.72862	527.0	129.0	170.0	0.49554962	156882.11	35563
346.26715	351.5	64.9375	187.5	-0.49554962	156882.11	35563
228.93672	685.5	115.75	214.5	-0.49554962	156882.11	35563
127.565704	498.5	149.5	177.75	-0.49554962	156882.11	35563
165.69395	330.0	64.5625	104.125	0.49554962	156882.11	35563
371.8232	374.25	114.375	149.5	0.49554962	156882.11	35563
358.61203	569.5	59.65625	265.75	0.49554962	156882.11	35563
384.80853	540.0	169.75	200.0	0.49554962	156882.11	35563
102.69311	377.5	115.625	134.875	0.49554962	156882.11	35563
83.47198	219.375	83.375	90.375	0.49554962	156882.11	35563
179.36536	399.75	84.8125	152.125	0.49554962	156882.11	35563
54.42714	317.75	79.3125	130.875	0.49554962	156882.11	35563
250.54793	327.25	91.5	139.0	0.49554962	156882.11	35563
211.86662	196.75	72.9375	68.875	0.49554962	156882.11	35563
137.91287	470.75	87.75	198.25	0.49554962	156882.11	35563
149.97792	430.25	98.1875	44.125	0.49554962	156882.11	35563
552.6841	433.75	113.0	174.5	0.49554962	156882.11	35563
59.47753	475.25	80.8125	207.25	0.49554962	156882.11	35563
214.29118	580.5	111.3125	121.1875	0.49554962	156882.11	35563
251.77449	389.25	135.0	187.625	-0.49554962	156882.11	35563
66.60602	348.25	97.4375	122.5625	0.49554962	156882.11	35563
131.08119	348.75	114.9375	84.4375	0.49554962	156882.11	35563
115.85577	407.0	148.625	167.625	-0.49554962	156882.11	35563
176.81995	427.75	77.0	163.75	0.49554962	156882.11	35563
171.57756	370.25	62.6875	144.0	0.49554962	156882.11	35563
82.10587	414.75	120.125	186.375	0.49554962	156882.11	35563
624.6837	740.5	57.40625	34.375	0.49554962	156882.11	35563
73.71073	312.25	86.1875	161.75	-0.49554962	156882.11	35563
169.4379	217.25	92.3125	86.875	0.49554962	156882.11	35563
288.28638	483.75	143.125	161.0	0.49554962	156882.11	35563
82.91294	337.5	122.6875	139.25	-0.49554962	156882.11	35563
198.40312	575.0	100.125	214.0	-0.49554962	156882.11	35563
236.23029	302.5	72.1875	151.875	0.49554962	156882.11	35563
136.34554	474.25	141.25	182.625	-0.49554962	156882.11	35563
393.6264	710.5	119.5	211.0	0.49554962	156882.11	35563
444.79315	456.0	138.625	221.25	-0.49554962	156882.11	35563
240.42755	387.0	115.6875	170.625	0.49554962	156882.11	35563
54.886032	386.5	67.625	183.0	0.49554962	156882.11	35563
87.685844	319.25	55.40625	103.75	0.49554962	156882.11	35563
74.7527	490.25	56.59375	156.75	-0.49554962	156882.11	35563
63.146927	313.0	87.125	89.5625	0.49554962	156882.11	35563
249.2163	636.0	85.5	192.125	-0.49554962	156882.11	35563
154.14825	544.0	113.0	186.125	0.49554962	156882.11	35563
130.32556	520.5	108.5	155.375	-0.49554962	156882.11	35563
65.9636	315.75	99.8125	55.59375	-0.49554962	156882.11	35563
140.81723	396.25	168.875	174.5	-0.49554962	156882.11	35563
166.36531	307.75	101.0625	112.3125	0.49554962	156882.11	35563
293.14093	797.5	90.875	279.5	0.49554962	156882.11	35563
138.44029	476.0	120.375	195.125	0.49554962	156882.11	35563
466.51993	690.0	94.625	215.75	0.49554962	156882.11	35563
96.20398	721.5	65.4375	76.625	0.49554962	156882.11	35563
138.32806	186.125	42.875	-1.0	-0.49554962	156882.11	35563
312.22244	469.75	87.3125	187.125	0.49554962	156882.11	35563
222.12866	434.0	163.375	195.625	0.49554962	156882.11	35563
96.7574	380.0	175.125	172.75	0.49554962	156882.11	35563
223.49698	474.75	175.25	206.75	0.49554962	156882.11	35563
148.59813	503.75	121.5	228.125	-0.49554962	156882.11	35563
303.88483	477.25	117.5	167.125	0.49554962	156882.11	35563
105.72494	312.25	138.0	69.6875	-0.49554962	156882.11	35563
231.50168	301.75	99.6875	119.375	0.49554962	156882.11	35563
178.31104	415.0	79.0625	158.875	0.49554962	156882.11	35563
94.725945	431.75	171.5	190.375	0.49554962	156882.11	35563
92.40449	546.5	154.0	133.25	-0.49554962	156882.11	35563
75.79794	298.5	69.5	141.375	0.49554962	156882.11	35563
87.09964	442.75	138.75	51.4375	0.49554962	156882.11	35563
301.90042	317.75	132.875	124.25	-0.49554962	156882.11	35563
424.61768	826.5	47.0	85.0	0.49554962	156882.11	35563
94.14076	447.75	81.5	152.25	0.49554962	156882.11	35563
229.82611	472.5	73.75	190.625	0.49554962	156882.11	35563
185.10861	419.75	138.25	175.25	0.49554962	156882.11	35563
46.621136	322.5	169.5	147.25	0.49554962	156882.11	35563
52.19934	405.5	122.25	83.5	-0.49554962	156882.11	35563
152.5868	314.75	126.125	117.8125	-0.49554962	156882.11	35563
64.21049	721.0	136.625	180.375	0.49554962	156882.11	35563
320.1283	555.0	61.71875	176.75	0.49554962	156882.11	35563
70.069954	426.75	126.375	177.875	0.49554962	156882.11	35563
240.99414	317.25	103.125	160.125	0.49554962	156882.11	35563
128.76454	356.0	107.375	129.75	0.49554962	156882.11	35563
116.79459	920.5	73.625	178.625	0.49554962	156882.11	35563
354.7518	410.5	111.3125	160.25	0.49554962	156882.11	35563
66.39259	284.5	64.125	75.125	0.49554962	156882.11	35563
309.9445	506.75	83.9375	176.0	0.49554962	156882.11	35563
253.66737	400.75	69.8125	138.625	-0.49554962	156882.11	35563
51.665215	478.25	111.0	191.25	-0.49554962	156882.11	35563
141.9972	301.5	31.375	104.1875	0.49554962	156882.11	35563
104.582695	249.75	65.4375	102.125	-0.49554962	156882.11	35563
320.45868	434.0	111.1875	156.0	0.49554962	156882.11	35563
89.65859	436.25	117.0625	160.625	0.49554962	156882.11	35563
333.64822	581.5	77.1875	174.5	-0.49554962	156882.11	35563
65.79182	448.75	143.625	211.375	0.49554962	156882.11	35563
149.17029	414.25	131.75	124.125	-0.49554962	156882.11	35563
230.84532	474.5	116.0	147.125	-0.49554962	156882.11	35563
79.571205	374.0	81.4375	163.5	0.49554962	156882.11	35563
55.650845	434.25	96.4375	166.0	-0.49554962	156882.11	35563
181.9119	607.5	82.125	79.125	0.49554962	156882.11	35563
157.11214	553.0	85.625	191.5	0.49554962	156882.11	35563
91.065475	498.0	95.75	176.625	0.49554962	156882.11	35563
74.57482	310.5	133.5	97.1875	-0.49554962	156882.11	35563
144.11075	597.5	162.375	187.375	0.49554962	156882.11	35563
368.61346	235.625	59.125	102.8125	0.49554962	156882.11	35563
221.77525	393.0	92.875	153.0	0.49554962	156882.11	35563
198.641	320.25	66.0	157.125	0.49554962	156882.11	35563
235.30263	397.75	114.25	142.0	0.49554962	156882.11	35563
419.09152	439.75	90.25	149.0	-0.49554962	156882.11	35563
141.42943	362.0	72.625	148.25	0.49554962	156882.11	35563
57.0481	369.5	121.0	140.5	0.49554962	156882.11	35563
61.084724	261.75	47.28125	97.8125	-0.49554962	156882.11	35563
159.84164	353.0	153.125	169.25	0.49554962	156882.11	35563
235.29633	404.5	65.5625	118.5	0.49554962	156882.11	35563
381.3872	452.5	63.34375	137.5	0.49554962	156882.11	35563
191.74236	355.0	123.5	149.125	-0.49554962	156882.11	35563
238.45526	295.5	62.3125	121.0625	0.49554962	156882.11	35563
169.40034	540.0	183.375	179.625	0.49554962	156882.11	35563
166.258	360.5	160.5	160.875	-0.49554962	156882.11	35563
211.89838	508.75	144.125	182.125	0.49554962	156882.11	35563
78.40317	322.25	133.25	139.25	-0.49554962	156882.11	35563
355.9127	505.5	110.75	182.25	-0.49554962	156882.11	35563
267.32443	450.75	76.9375	137.625	0.49554962	156882.11	35563
93.60588	446.0	89.5	144.875	-0.49554962	156882.11	35563
297.59973	416.0	137.0	209.625	0.49554962	156882.11	35563
93.71494	393.25	148.5	142.25	0.49554962	156882.11	35563
110.28412	308.5	82.625	115.9375	0.49554962	156882.11	35563
93.04871	494.5	121.625	175.375	0.49554962	156882.11	35563
94.57144	218.5	72.375	90.25	-0.49554962	156882.11	35563
118.307175	530.0	142.25	181.0	0.49554962	156882.11	35563
288.00687	445.0	44.3125	133.625	0.49554962	156882.11	35563
77.8048	345.25	110.125	142.0	-0.49554962	156882.11	35563
560.0133	638.0	65.8125	242.375	0.49554962	156882.11	35563
52.1921	392.0	68.5625	150.375	0.49554962	156882.11	35563
238.09355	423.25	88.8125	142.25	0.49554962	156882.11	35563
110.3317	282.75	75.375	72.75	0.49554962	156882.11	35563
51.066353	434.0	90.5	177.625	-0.49554962	156882.11	35563
317.9903	597.0	150.5	226.875	0.49554962	156882.11	35563
159.22638	335.5	127.25	164.0	-0.49554962	156882.11	35563
214.44171	239.875	79.1875	111.875	0.49554962	156882.11	35563
262.11652	501.5	96.4375	158.125	0.49554962	156882.11	35563
214.75702	331.75	55.25	163.375	0.49554962	156882.11	35563
58.803127	247.375	111.5625	89.25	0.49554962	156882.11	35563
173.19415	268.0	111.0	98.3125	0.49554962	156882.11	35563
401.7036	626.5	119.0	177.75	0.49554962	156882.11	35563
65.238914	412.0	95.0625	115.75	-0.49554962	156882.11	35563
199.7009	394.25	157.875	170.5	-0.49554962	156882.11	35563
144.58665	466.5	84.875	149.375	-0.49554962	156882.11	35563
287.84677	658.0	98.4375	126.5625	0.49554962	156882.11	35563
270.9544	310.75	81.375	114.625	-0.49554962	156882.11	35563
173.0548	542.5	155.5	175.25	0.49554962	156882.11	35563
305.75317	439.5	123.4375	173.0	0.49554962	156882.11	35563
457.73062	435.25	120.375	19.234375	0.49554962	156882.11	35563
233.17624	431.75	156.375	194.875	-0.49554962	156882.11	35563
77.53595	566.5	93.5625	174.75	0.49554962	156882.11	35563
403.39148	604.5	68.125	183.875	-0.49554962	156882.11	35563
241.91292	521.0	214.75	193.125	-0.49554962	156882.11	35563
120.59281	365.0	69.75	147.125	-0.49554962	156882.11	35563
158.05693	342.0	113.0625	155.375	-0.49554962	156882.11	35563
245.40033	440.5	91.0625	167.25	0.49554962	156882.11	35563
232.65022	361.5	133.875	175.375	0.49554962	156882.11	35563
127.33401	354.0	66.5625	150.0	0.49554962	156882.11	35563
220.49039	393.25	157.625	188.125	0.49554962	156882.11	35563
473.011	574.5	101.0	180.0	0.49554962	156882.11	35563
139.19348	478.0	179.375	167.125	0.49554962	156882.11	35563
91.297455	433.25	148.375	187.375	0.49554962	156882.11	35563
65.54735	232.75	84.75	81.375	-0.49554962	156882.11	35563
343.73187	618.0	66.875	5.0859375	0.49554962	156882.11	35563
344.27228	554.5	67.25	181.75	-0.49554962	156882.11	35563
216.95132	260.75	82.375	87.375	0.49554962	156882.11	35563
251.81274	338.25	87.875	125.0	0.49554962	156882.11	35563
103.370674	443.75	218.375	219.875	-0.49554962	156882.11	35563
104.521706	480.75	157.25	183.125	-0.49554962	156882.11	35563
252.66713	388.75	85.625	154.5	0.49554962	156882.11	35563
159.03792	292.5	105.3125	153.125	-0.49554962	156882.11	35563
83.16883	363.75	176.25	163.0	0.49554962	156882.11	35563
637.8586	778.0	131.625	80.375	0.49554962	156882.11	35563
402.7367	1088.0	463.75	226.5	-0.49554962	156882.11	35563
100.35864	780.0	68.5	11.6484375	0.49554962	156882.11	35563
254.18936	426.0	80.1875	147.125	0.49554962	156882.11	35563
165.36635	404.5	120.4375	165.875	0.49554962	156882.11	35563
57.87786	238.125	98.1875	88.875	0.49554962	156882.11	35563
76.87764	582.5	65.125	172.875	0.49554962	156882.11	35563
45.333252	451.0	67.625	176.375	0.49554962	156882.11	35563
154.91084	277.5	86.25	116.9375	0.49554962	156882.11	35563
154.48557	442.5	109.75	183.0	0.49554962	156882.11	35563
135.82	443.5	134.5	195.0	0.49554962	156882.11	35563
188.99205	390.75	142.625	130.125	0.49554962	156882.11	35563
425.59778	569.0	134.5	155.0	0.49554962	156882.11	35563
186.60443	350.25	68.0625	75.5	0.49554962	156882.11	35563
180.13188	326.0	128.75	154.0	0.49554962	156882.11	35563
92.82357	306.5	46.96875	105.375	-0.49554962	156882.11	35563
85.23659	442.75	94.6875	169.125	0.49554962	156882.11	35563
38.01152	272.75	79.75	88.75	0.49554962	156882.11	35563
76.4823	790.5	67.0625	81.5	0.49554962	156882.11	35563
53.033173	321.25	77.1875	78.625	0.49554962	156882.11	35563
307.8579	504.25	69.125	118.5625	0.49554962	156882.11	35563
99.86635	383.0	108.8125	135.125	0.49554962	156882.11	35563
85.9697	326.25	159.625	2.9980469	0.49554962	156882.11	35563
114.26989	384.0	162.25	179.0	0.49554962	156882.11	35563
141.1565	371.75	134.5	139.5	0.49554962	156882.11	35563
224.46509	402.75	96.1875	165.625	-0.49554962	156882.11	35563
236.08737	650.0	69.1875	175.625	0.49554962	156882.11	35563
336.88477	411.0	143.375	130.125	0.49554962	156882.11	35563
293.01053	751.0	123.375	171.75	0.49554962	156882.11	35563
296.25446	394.5	66.75	154.875	0.49554962	156882.11	35563
289.60413	263.0	109.875	110.0	0.49554962	156882.11	35563
176.78606	501.75	122.5625	155.0	0.49554962	156882.11	35563
262.5192	405.75	150.625	185.5	0.49554962	156882.11	35563
135.12187	246.0	78.3125	113.75	0.49554962	156882.11	35563
447.28885	508.5	81.5625	108.125	0.49554962	156882.11	35563
153.87851	477.5	71.4375	190.75	0.49554962	156882.11	35563
214.48897	421.75	92.0625	102.125	0.49554962	156882.11	35563
307.8398	298.75	91.3125	117.0625	0.49554962	156882.11	35563
166.07654	650.0	58.8125	193.25	0.49554962	156882.11	35563
128.36018	283.5	111.4375	117.4375	0.49554962	156882.11	35563
121.64404	357.0	88.4375	137.375	0.49554962	156882.11	35563
169.7566	289.75	85.0	130.625	0.49554962	156882.11	35563
263.0197	443.75	119.9375	169.0	0.49554962	156882.11	35563
187.36687	425.0	105.9375	132.375	0.49554962	156882.11	35563
93.58826	362.0	135.25	146.125	0.49554962	156882.11	35563
79.705894	228.5	66.125	93.875	0.49554962	156882.11	35563
106.581825	276.0	69.125	115.875	0.49554962	156882.11	35563
113.30873	575.5	67.0625	182.25	-0.49554962	156882.11	35563
69.9692	365.0	116.3125	153.25	0.49554962	156882.11	35563
76.31061	371.25	99.9375	91.0	-0.49554962	156882.11	35563
324.09348	391.5	56.28125	180.75	0.49554962	156882.11	35563
68.42955	420.25	85.1875	137.625	0.49554962	156882.11	35563
86.4802	263.25	80.125	119.6875	0.49554962	156882.11	35563
183.57957	599.5	120.0625	174.625	-0.49554962	156882.11	35563
274.84775	603.0	74.25	168.0	0.49554962	156882.11	35563
325.19016	730.0	118.0	187.5	0.49554962	156882.11	35563
199.10977	241.625	115.5625	84.875	0.49554962	156882.11	35563
172.60481	423.75	106.9375	162.25	0.49554962	156882.11	35563
218.5929	382.25	135.625	127.3125	0.49554962	156882.11	35563
286.60614	309.0	88.5	165.375	0.49554962	156882.11	35563
309.3006	292.75	96.9375	117.375	0.49554962	156882.11	35563
302.0253	651.0	110.875	164.75	0.49554962	156882.11	35563
601.1212	585.0	174.75	204.125	0.49554962	156882.11	35563
98.3739	577.5	126.0625	137.75	0.49554962	156882.11	35563
286.68503	445.5	65.5	141.125	-0.49554962	156882.11	35563
93.51889	447.25	103.6875	141.5	0.49554962	156882.11	35563
61.17617	217.0	109.5625	89.125	-0.49554962	156882.11	35563
55.623417	250.875	92.375	57.46875	0.49554962	156882.11	35563
106.14483	674.0	128.25	216.375	0.49554962	156882.11	35563
129.73135	735.0	73.5625	199.375	-0.49554962	156882.11	35563
131.5142	430.75	66.8125	163.5	-0.49554962	156882.11	35563
242.36801	439.75	71.5625	104.9375	0.49554962	156882.11	35563
92.46324	406.25	120.0625	186.125	-0.49554962	156882.11	35563
75.28597	251.125	82.5	104.5	-0.49554962	156882.11	35563
129.62076	252.75	140.625	106.3125	0.49554962	156882.11	35563
261.2427	337.25	110.6875	133.875	-0.49554962	156882.11	35563
126.76835	447.25	129.625	177.875	0.49554962	156882.11	35563
177.03896	391.75	150.625	182.0	-0.49554962	156882.11	35563
106.49054	350.75	66.875	125.1875	0.49554962	156882.11	35563
94.38165	925.0	92.4375	104.6875	0.49554962	156882.11	35563
140.52524	328.25	127.6875	92.0625	-0.49554962	156882.11	35563
182.56372	363.5	121.0625	173.25	0.49554962	156882.11	35563
195.53442	310.5	85.875	121.9375	-0.49554962	156882.11	35563
183.36789	379.5	109.4375	146.25	-0.49554962	156882.11	35563
345.96793	621.0	171.625	168.75	0.49554962	156882.11	35563
322.9253	456.75	81.9375	181.375	0.49554962	156882.11	35563
154.00014	492.5	153.0	180.875	-0.49554962	156882.11	35563
123.45091	384.75	117.4375	172.25	-0.49554962	156882.11	35563
67.31795	286.25	78.6875	101.9375	0.49554962	156882.11	35563
313.2623	387.75	87.1875	143.0	0.49554962	156882.11	35563
270.2839	271.0	45.96875	106.0	0.49554962	156882.11	35563
708.20386	799.5	117.3125	204.625	0.49554962	156882.11	35563
215.78096	301.5	64.5625	143.625	-0.49554962	156882.11	35563
163.38406	421.5	106.0	176.625	0.49554962	156882.11	35563
155.22766	497.75	102.75	245.875	0.49554962	156882.11	35563
139.18452	250.75	106.625	86.875	-0.49554962	156882.11	35563
248.48694	356.25	58.15625	112.625	0.49554962	156882.11	35563
87.09764	405.5	68.75	186.875	-0.49554962	156882.11	35563
262.23248	296.0	140.0	102.875	0.49554962	156882.11	35563
116.82024	397.75	137.875	103.375	-0.49554962	156882.11	35563
70.89699	563.5	166.75	175.125	-0.49554962	156882.11	35563
184.40152	377.5	159.5	167.125	0.49554962	156882.11	35563
173.4927	478.0	139.75	184.0	0.49554962	156882.11	35563
97.51605	865.5	99.4375	192.875	0.49554962	156882.11	35563
526.0829	725.5	71.5	259.25	-0.49554962	156882.11	35563
179.18936	437.25	94.5	189.625	0.49554962	156882.11	35563
266.73114	553.0	139.875	194.875	0.49554962	156882.11	35563
217.15408	275.75	97.5625	110.375	0.49554962	156882.11	35563
70.140114	309.5	95.0	111.6875	0.49554962	156882.11	35563
142.442	542.5	66.875	155.5	0.49554962	156882.11	35563
130.25066	444.0	74.3125	222.5	0.49554962	156882.11	35563
198.56258	446.5	126.875	140.375	0.49554962	156882.11	35563
320.39575	368.25	125.5625	146.625	0.49554962	156882.11	35563
126.18677	440.25	136.625	211.0	0.49554962	156882.11	35563
367.87622	547.5	106.4375	177.25	0.49554962	156882.11	35563
320.60736	471.25	63.71875	175.5	-0.49554962	156882.11	35563
92.58901	358.75	128.625	181.625	0.49554962	156882.11	35563
256.4974	506.75	141.0	176.75	0.49554962	156882.11	35563
276.64343	447.75	155.625	182.625	0.49554962	156882.11	35563
129.84312	517.5	30.96875	174.625	0.49554962	156882.11	35563
297.17566	394.0	110.75	91.5	-0.49554962	156882.11	35563
248.49019	773.5	95.9375	139.75	-0.49554962	156882.11	35563
201.58295	1030.0	62.875	192.0	0.49554962	156882.11	35563
77.51203	367.0	78.125	170.75	0.49554962	156882.11	35563
140.76376	343.5	133.0	163.875	0.49554962	156882.11	35563
48.090008	667.0	132.125	5.0742188	0.49554962	156882.11	35563
541.82135	353.75	96.6875	151.25	0.49554962	156882.11	35563
186.71144	382.5	137.125	162.375	0.49554962	156882.11	35563
174.4318	531.0	99.25	177.375	0.49554962	156882.11	35563
457.63858	1144.0	89.4375	217.5	0.49554962	156882.11	35563
130.49855	472.75	122.6875	175.25	-0.49554962	156882.11	35563
105.19839	207.0	70.9375	94.5625	0.49554962	156882.11	35563
123.109184	498.0	108.875	182.875	-0.49554962	156882.11	35563
214.27126	391.75	149.375	178.625	0.49554962	156882.11	35563
136.45938	298.25	86.9375	121.1875	-0.49554962	156882.11	35563
347.5904	362.25	105.375	125.5625	-0.49554962	156882.11	35563
272.62396	354.25	91.9375	128.5	0.49554962	156882.11	35563
198.87384	351.25	70.75	145.25	0.49554962	156882.11	35563
86.51124	489.0	58.46875	129.25	-0.49554962	156882.11	35563
62.40787	274.75	105.875	113.5	0.49554962	156882.11	35563
124.51178	495.5	100.4375	177.5	-0.49554962	156882.11	35563
201.64775	372.5	88.625	125.9375	-0.49554962	156882.11	35563
125.53496	581.5	66.9375	173.75	0.49554962	156882.11	35563
118.22503	384.5	104.25	174.875	0.49554962	156882.11	35563
164.291	370.75	70.3125	154.625	0.49554962	156882.11	35563
212.19653	433.25	65.25	158.875	0.49554962	156882.11	35563
494.66638	751.5	59.1875	186.0	-0.49554962	156882.11	35563
76.68111	619.0	124.75	12.1796875	0.49554962	156882.11	35563
267.85065	330.5	82.8125	144.0	0.49554962	156882.11	35563
48.30367	251.625	87.25	127.625	-0.49554962	156882.11	35563
455.71118	588.5	130.875	202.25	0.49554962	156882.11	35563
60.47106	362.0	60.0	127.875	0.49554962	156882.11	35563
410.62198	554.5	132.875	184.375	0.49554962	156882.11	35563
239.58856	319.25	79.1875	132.25	-0.49554962	156882.11	35563
183.69774	459.25	98.25	190.625	-0.49554962	156882.11	35563
264.27408	415.0	130.875	106.1875	0.49554962	156882.11	35563
90.012024	995.0	66.75	162.5	-0.49554962	156882.11	35563
115.567566	510.25	59.40625	166.25	0.49554962	156882.11	35563
60.432957	468.75	120.1875	166.75	0.49554962	156882.11	35563
730.1253	788.5	76.25	189.625	0.49554962	156882.11	35563
225.59015	505.75	96.125	174.875	0.49554962	156882.11	35563
313.57098	277.25	132.5	111.6875	0.49554962	156882.11	35563
103.19878	407.75	102.9375	143.5	0.49554962	156882.11	35563
127.27847	378.75	107.8125	189.125	-0.49554962	156882.11	35563
201.95125	318.75	109.5	80.6875	0.49554962	156882.11	35563
65.58883	324.5	84.0	123.25	0.49554962	156882.11	35563
213.05583	312.0	61.25	94.125	0.49554962	156882.11	35563
297.71387	429.25	69.0	130.125	0.49554962	156882.11	35563
509.17212	515.0	87.625	5.6210938	-0.49554962	156882.11	35563
238.14182	376.5	103.125	130.5	-0.49554962	156882.11	35563
328.82233	353.0	99.5	87.1875	0.49554962	156882.11	35563
129.66379	444.25	59.875	168.875	0.49554962	156882.11	35563
153.68878	310.5	139.875	137.625	0.49554962	156882.11	35563
255.60052	333.25	76.125	102.125	0.49554962	156882.11	35563
164.63924	400.0	110.0	167.5	0.49554962	156882.11	35563
434.62766	313.75	103.0	155.5	0.49554962	156882.11	35563
236.58548	367.25	142.75	157.25	0.49554962	156882.11	35563
120.09406	413.25	92.375	163.625	0.49554962	156882.11	35563
227.34435	454.75	131.625	184.125	0.49554962	156882.11	35563
396.44843	372.0	86.0	151.625	0.49554962	156882.11	35563
56.765	245.625	34.9375	110.625	0.49554962	156882.11	35563
275.97214	373.25	132.25	189.5	-0.49554962	156882.11	35563
63.556873	380.25	71.25	149.375	0.49554962	156882.11	35563
316.30786	811.5	65.9375	153.375	-0.49554962	156882.11	35563
109.67822	342.25	147.875	158.875	0.49554962	156882.11	35563
336.6536	330.0	101.0	126.0625	0.49554962	156882.11	35563
29.796093	206.0	123.9375	94.6875	-0.49554962	156882.11	35563
224.78856	472.5	74.0625	171.125	-0.49554962	156882.11	35563
46.098804	484.0	76.625	44.84375	-0.49554962	156882.11	35563
308.31567	399.75	134.75	172.25	0.49554962	156882.11	35563
212.28621	352.25	134.375	180.75	0.49554962	156882.11	35563
118.0268	429.5	131.75	158.625	-0.49554962	156882.11	35563
482.37427	560.5	103.125	199.125	-0.49554962	156882.11	35563
77.85174	380.5	123.5625	167.875	-0.49554962	156882.11	35563
142.14748	485.0	146.75	228.0	0.49554962	156882.11	35563
349.1834	475.25	79.875	139.5	0.49554962	156882.11	35563
77.0071	554.5	129.5	152.5	0.49554962	156882.11	35563
172.42236	446.0	89.875	164.625	0.49554962	156882.11	35563
137.49431	401.5	75.8125	110.1875	0.49554962	156882.11	35563
204.1434	317.75	89.625	104.75	0.49554962	156882.11	35563
76.29944	317.0	112.5	137.125	0.49554962	156882.11	35563
125.37044	361.25	110.3125	185.5	0.49554962	156882.11	35563
261.4672	487.5	185.875	184.125	-0.49554962	156882.11	35563
60.074684	435.5	154.625	170.75	0.49554962	156882.11	35563
223.1974	684.0	196.25	73.1875	0.49554962	156882.11	35563
116.09276	299.25	143.75	141.0	-0.49554962	156882.11	35563
199.90274	664.5	198.5	181.375	-0.49554962	156882.11	35563
121.6218	290.25	83.9375	124.0	0.49554962	156882.11	35563
185.78273	393.25	163.875	195.375	-0.49554962	156882.11	35563
164.70486	417.25	150.25	133.125	0.49554962	156882.11	35563
259.37598	259.25	104.1875	144.125	0.49554962	156882.11	35563
314.6098	312.75	66.5	136.0	0.49554962	156882.11	35563
29.67722	555.0	101.0	186.625	-0.49554962	156882.11	35563
238.49158	503.25	131.0	179.375	0.49554962	156882.11	35563
138.17694	478.25	109.0	194.25	0.49554962	156882.11	35563
166.37378	366.25	90.4375	125.625	-0.49554962	156882.11	35563
141.7798	278.25	114.5	91.625	0.49554962	156882.11	35563
304.74777	325.0	42.09375	109.0625	-0.49554962	156882.11	35563
181.03558	341.5	139.0	143.25	0.49554962	156882.11	35563
65.632065	462.75	132.5	90.625	0.49554962	156882.11	35563
100.761444	370.5	155.625	163.5	0.49554962	156882.11	35563
49.069138	299.25	80.8125	107.4375	0.49554962	156882.11	35563
238.78094	388.75	67.125	151.0	0.49554962	156882.11	35563
389.7954	478.0	96.125	196.75	0.49554962	156882.11	35563
276.92133	574.0	100.625	171.25	0.49554962	156882.11	35563
179.13762	416.75	104.3125	195.75	-0.49554962	156882.11	35563
163.90648	238.625	79.25	120.125	-0.49554962	156882.11	35563
161.75385	356.5	88.8125	156.125	-0.49554962	156882.11	35563
279.97617	379.0	142.75	183.625	-0.49554962	156882.11	35563
202.04414	574.0	92.875	173.125	-0.49554962	156882.11	35563
87.27514	351.5	69.875	106.75	0.49554962	156882.11	35563
287.79514	525.5	159.0	123.0625	0.49554962	156882.11	35563
299.06894	473.5	114.625	177.375	0.49554962	156882.11	35563
342.2826	379.0	182.75	178.875	0.49554962	156882.11	35563
97.95743	361.75	75.25	133.25	0.49554962	156882.11	35563
50.972248	576.0	105.25	193.5	-0.49554962	156882.11	35563
62.138737	587.5	115.0	163.375	0.49554962	156882.11	35563
173.40036	314.75	103.0	158.625	0.49554962	156882.11	35563
641.81104	748.5	99.875	81.1875	0.49554962	156882.11	35563
280.98346	542.5	136.125	178.5	0.49554962	156882.11	35563
353.3548	561.0	64.375	192.375	0.49554962	156882.11	35563
87.89226	287.0	134.375	142.75	0.49554962	156882.11	35563
188.30019	343.75	119.875	135.875	0.49554962	156882.11	35563
121.54748	242.375	56.65625	115.625	0.49554962	156882.11	35563
236.99883	338.75	70.9375	149.875	-0.49554962	156882.11	35563
124.11165	475.5	86.25	159.0	0.49554962	156882.11	35563
215.9354	417.25	77.375	134.25	-0.49554962	156882.11	35563
105.8536	852.0	78.1875	90.375	0.49554962	156882.11	35563
113.544205	470.0	65.375	118.5	0.49554962	156882.11	35563
113.14064	257.0	100.5	98.3125	0.49554962	156882.11	35563
262.7023	475.0	119.875	136.75	0.49554962	156882.11	35563
251.89511	411.25	174.75	172.5	0.49554962	156882.11	35563
247.97691	419.75	125.1875	199.875	0.49554962	156882.11	35563
129.28903	439.5	69.125	128.875	-0.49554962	156882.11	35563
275.72192	459.75	133.25	188.0	0.49554962	156882.11	35563
176.99994	529.5	136.5	158.125	0.49554962	156882.11	35563
77.20703	326.5	113.75	156.75	-0.49554962	156882.11	35563
213.27678	405.25	85.125	159.125	0.49554962	156882.11	35563
247.2471	516.0	77.875	125.375	-0.49554962	156882.11	35563
118.48757	523.0	63.34375	188.125	0.49554962	156882.11	35563
84.132744	450.5	122.25	186.75	0.49554962	156882.11	35563
111.901726	622.0	56.0625	83.125	-0.49554962	156882.11	35563
282.41162	447.0	143.0	161.75	0.49554962	156882.11	35563
81.03753	193.5	67.9375	104.6875	-0.49554962	156882.11	35563
203.82521	694.0	46.25	86.125	-0.49554962	156882.11	35563
177.72708	376.5	87.0	129.5	-0.49554962	156882.11	35563
162.47157	354.0	148.5	108.75	0.49554962	156882.11	35563
56.377674	641.5	95.625	171.5	0.49554962	156882.11	35563
259.04532	570.5	170.875	209.5	0.49554962	156882.11	35563
305.20007	491.5	60.53125	186.875	0.49554962	156882.11	35563
114.92511	243.0	129.25	66.375	0.49554962	156882.11	35563
32.824203	595.5	62.40625	203.625	0.49554962	156882.11	35563
203.47354	351.25	115.625	166.25	-0.49554962	156882.11	35563
141.07469	215.625	64.375	90.625	0.49554962	156882.11	35563
262.8669	436.25	150.25	190.5	-0.49554962	156882.11	35563
156.7976	370.25	74.0	140.5	0.49554962	156882.11	35563
305.96082	686.5	157.625	188.125	0.49554962	156882.11	35563
117.102356	582.0	90.8125	167.875	0.49554962	156882.11	35563
100.581985	314.5	88.0	151.25	0.49554962	156882.11	35563
526.56323	1034.0	71.0625	166.375	0.49554962	156882.11	35563
151.0523	280.25	60.6875	107.6875	0.49554962	156882.11	35563
359.5889	568.0	129.875	209.875	0.49554962	156882.11	35563
228.2219	347.25	57.78125	128.25	0.49554962	156882.11	35563
301.73062	1072.0	247.75	387.25	-0.49554962	156882.11	35563
165.0646	355.25	121.9375	138.875	0.49554962	156882.11	35563
96.58183	396.5	91.1875	163.125	0.49554962	156882.11	35563
54.604103	292.25	84.25	106.5625	0.49554962	156882.11	35563
216.51288	372.25	109.25	174.125	-0.49554962	156882.11	35563
108.11331	286.75	88.5	131.75	0.49554962	156882.11	35563
296.16733	475.0	161.125	214.5	-0.49554962	156882.11	35563
276.60297	347.75	85.3125	81.75	0.49554962	156882.11	35563
103.067566	382.75	121.625	157.75	0.49554962	156882.11	35563
115.4637	354.25	63.65625	171.75	0.49554962	156882.11	35563
119.96532	433.75	149.375	197.125	0.49554962	156882.11	35563
117.74561	358.75	81.375	130.75	0.49554962	156882.11	35563
242.25711	283.0	97.375	119.4375	0.49554962	156882.11	35563
258.16165	603.5	115.9375	190.125	0.49554962	156882.11	35563
201.99933	942.0	56.78125	148.375	0.49554962	156882.11	35563
241.73874	332.75	59.25	133.25	0.49554962	156882.11	35563
59.18164	397.25	86.4375	162.75	0.49554962	156882.11	35563
196.96873	356.0	134.375	137.25	-0.49554962	156882.11	35563
272.85294	289.75	115.25	78.9375	0.49554962	156882.11	35563
82.47892	424.75	160.625	178.875	0.49554962	156882.11	35563
49.542038	478.75	122.5625	165.0	0.49554962	156882.11	35563
151.46696	350.0	106.5625	164.125	0.49554962	156882.11	35563
257.06516	373.75	124.25	130.625	0.49554962	156882.11	35563
458.1829	515.5	93.25	198.625	0.49554962	156882.11	35563
438.80414	585.5	58.3125	218.125	0.49554962	156882.11	35563
161.22583	666.0	60.0625	182.375	0.49554962	156882.11	35563
505.44592	807.5	178.125	184.875	0.49554962	156882.11	35563
121.9082	425.75	109.875	175.125	-0.49554962	156882.11	35563
130.91641	328.75	122.125	104.25	0.49554962	156882.11	35563
81.02046	442.25	169.625	178.375	0.49554962	156882.11	35563
80.89237	531.0	143.5	199.25	0.49554962	156882.11	35563
218.41603	456.0	109.4375	166.375	0.49554962	156882.11	35563
500.88232	555.5	137.25	123.75	0.49554962	156882.11	35563
95.91045	311.5	153.25	154.875	-0.49554962	156882.11	35563
204.80202	393.75	86.0625	186.375	-0.49554962	156882.11	35563
66.424	513.0	147.5	168.5	0.49554962	156882.11	35563
223.93513	354.5	55.34375	166.5	0.49554962	156882.11	35563
210.23967	381.75	150.0	185.875	0.49554962	156882.11	35563
173.27278	579.0	154.0	191.0	0.49554962	156882.11	35563
99.07739	282.0	92.75	128.25	0.49554962	156882.11	35563
100.69311	207.875	63.625	3.9394531	0.49554962	156882.11	35563
192.03865	370.75	81.625	127.5	0.49554962	156882.11	35563
82.99981	993.5	139.375	7.7578125	0.49554962	156882.11	35563
85.73189	376.5	108.4375	162.875	-0.49554962	156882.11	35563
112.30267	409.25	144.375	195.875	0.49554962	156882.11	35563
208.89233	389.5	93.0625	23.75	0.49554962	156882.11	35563
392.23743	627.5	127.6875	170.625	-0.49554962	156882.11	35563
84.91732	384.25	100.375	125.8125	-0.49554962	156882.11	35563
34.490314	437.25	117.1875	186.75	0.49554962	156882.11	35563
59.744038	548.5	103.9375	145.0	0.49554962	156882.11	35563
134.8161	544.0	91.5625	178.5	0.49554962	156882.11	35563
335.06586	749.0	52.375	124.5625	0.49554962	156882.11	35563
88.779434	986.5	83.4375	185.5	0.49554962	156882.11	35563
247.13394	499.75	180.125	170.5	-0.49554962	156882.11	35563
69.57113	448.0	178.125	185.5	0.49554962	156882.11	35563
151.62718	591.5	112.6875	247.625	-0.49554962	156882.11	35563
296.1779	497.25	113.625	122.8125	0.49554962	156882.11	35563
167.7196	481.0	113.6875	132.375	0.49554962	156882.11	35563
141.52705	309.75	156.75	148.125	-0.49554962	156882.11	35563
31.100695	447.5	94.8125	139.125	-0.49554962	156882.11	35563
44.330994	588.5	66.4375	184.375	0.49554962	156882.11	35563
488.62885	635.0	56.125	112.8125	0.49554962	156882.11	35563
120.64696	595.0	105.5	88.6875	0.49554962	156882.11	35563
396.66193	650.5	127.25	191.25	0.49554962	156882.11	35563
230.41273	430.75	71.25	128.5	-0.49554962	156882.11	35563
248.24911	461.5	72.5625	183.625	0.49554962	156882.11	35563
362.81448	413.25	88.6875	115.6875	0.49554962	156882.11	35563
70.48947	512.5	91.625	200.0	0.49554962	156882.11	35563
267.3549	521.0	107.4375	267.75	-0.49554962	156882.11	35563
171.51874	415.25	135.25	99.3125	0.49554962	156882.11	35563
90.353424	410.25	95.625	111.75	-0.49554962	156882.11	35563
224.32573	547.5	55.65625	191.375	-0.49554962	156882.11	35563
140.37805	356.0	120.8125	156.25	0.49554962	156882.11	35563
253.99576	324.25	85.3125	150.0	-0.49554962	156882.11	35563
70.13611	358.75	121.875	154.5	0.49554962	156882.11	35563
219.90605	398.0	68.75	164.75	0.49554962	156882.11	35563
151.4615	534.5	82.5625	141.125	0.49554962	156882.11	35563
102.927216	283.0	105.5625	121.4375	0.49554962	156882.11	35563
73.13321	835.0	101.8125	200.25	-0.49554962	156882.11	35563
481.42606	631.5	66.5625	135.25	0.49554962	156882.11	35563
81.79175	426.75	117.8125	181.125	0.49554962	156882.11	35563
60.649452	332.0	98.125	136.0	-0.49554962	156882.11	35563
130.21957	718.0	165.375	179.0	0.49554962	156882.11	35563
79.74344	498.75	135.125	218.875	0.49554962	156882.11	35563
158.51576	322.75	150.25	141.25	0.49554962	156882.11	35563
268.35147	524.5	79.25	87.25	-0.49554962	156882.11	35563
127.711426	365.5	63.84375	113.125	0.49554962	156882.11	35563
574.6428	672.0	268.75	316.25	-0.49554962	156882.11	35563
237.07933	593.0	139.5	92.4375	0.49554962	156882.11	35563
126.13888	347.25	108.375	118.4375	0.49554962	156882.11	35563
398.116	465.5	77.4375	108.625	0.49554962	156882.11	35563
284.3622	416.0	62.6875	222.625	0.49554962	156882.11	35563
86.80326	271.0	94.5625	114.875	0.49554962	156882.11	35563
77.51048	341.0	82.8125	149.0	-0.49554962	156882.11	35563
103.564606	376.25	137.5	145.375	0.49554962	156882.11	35563
139.86798	444.75	150.75	160.375	0.49554962	156882.11	35563
95.890915	583.0	131.25	125.3125	-0.49554962	156882.11	35563
142.05789	382.75	90.1875	136.375	0.49554962	156882.11	35563
132.1326	376.75	107.375	170.625	0.49554962	156882.11	35563
285.9978	343.25	101.125	106.0	0.49554962	156882.11	35563
1164.4746	1380.0	56.75	69.0625	-0.49554962	156882.11	35563
269.12317	452.0	69.125	181.375	0.49554962	156882.11	35563
318.40042	360.0	123.5	138.25	0.49554962	156882.11	35563
100.17112	395.75	123.625	185.875	-0.49554962	156882.11	35563
116.97076	361.25	84.25	131.625	0.49554962	156882.11	35563
70.50543	364.75	111.6875	95.0	0.49554962	156882.11	35563
101.23638	441.5	126.8125	146.625	0.49554962	156882.11	35563
135.9066	663.0	89.75	187.625	0.49554962	156882.11	35563
48.19289	402.75	167.625	141.25	0.49554962	156882.11	35563
298.43854	309.0	118.1875	108.4375	-0.49554962	156882.11	35563
40.86695	573.5	119.4375	196.0	0.49554962	156882.11	35563
106.09393	467.25	107.25	170.0	0.49554962	156882.11	35563
73.954384	513.5	127.9375	142.5	-0.49554962	156882.11	35563
329.95248	808.0	186.75	324.0	0.49554962	156882.11	35563
139.47183	537.5	92.0	2.0410156	0.49554962	156882.11	35563
312.02484	304.5	86.125	97.125	0.49554962	156882.11	35563
212.61368	448.25	88.0625	157.875	0.49554962	156882.11	35563
259.35028	401.5	82.0625	87.875	-0.49554962	156882.11	35563
100.30669	811.5	125.625	190.75	-0.49554962	156882.11	35563
120.699356	415.25	103.25	168.625	0.49554962	156882.11	35563
219.13358	449.75	155.5	154.0	0.49554962	156882.11	35563
94.62858	414.25	164.625	137.75	0.49554962	156882.11	35563
125.9249	329.25	136.75	118.9375	-0.49554962	156882.11	35563
168.64586	392.75	137.5	167.125	-0.49554962	156882.11	35563
139.26509	386.0	91.375	166.875	0.49554962	156882.11	35563
204.95229	483.25	60.5	171.25	-0.49554962	156882.11	35563
87.085754	362.25	139.375	147.25	0.49554962	156882.11	35563
102.59884	380.75	112.875	178.5	0.49554962	156882.11	35563
429.71878	538.5	81.625	173.875	0.49554962	156882.11	35563
31.713198	539.5	78.4375	193.75	0.49554962	156882.11	35563
149.62772	234.75	92.8125	108.9375	0.49554962	156882.11	35563
314.3852	777.5	59.34375	155.75	0.49554962	156882.11	35563
53.84911	432.25	96.4375	89.125	0.49554962	156882.11	35563
122.74166	348.75	133.375	150.375	0.49554962	156882.11	35563
212.21231	710.5	111.3125	197.0	0.49554962	156882.11	35563
279.24692	468.25	145.125	195.375	0.49554962	156882.11	35563
87.917076	577.5	81.0625	178.0	0.49554962	156882.11	35563
92.49083	330.75	132.0	124.1875	0.49554962	156882.11	35563
171.04697	363.5	133.125	131.5	0.49554962	156882.11	35563
196.73643	376.5	99.875	125.625	0.49554962	156882.11	35563
95.8383	390.25	119.6875	177.75	0.49554962	156882.11	35563
117.11205	306.25	146.75	123.625	0.49554962	156882.11	35563
87.71836	395.75	63.65625	136.875	0.49554962	156882.11	35563
309.05048	593.5	61.0625	188.875	-0.49554962	156882.11	35563
273.80502	242.75	96.0625	116.3125	0.49554962	156882.11	35563
194.98964	516.5	80.5	177.5	0.49554962	156882.11	35563
123.28476	373.25	65.1875	106.375	0.49554962	156882.11	35563
103.91823	348.5	123.6875	151.875	0.49554962	156882.11	35563
174.07164	477.5	59.84375	247.125	0.49554962	156882.11	35563
245.6887	276.0	72.0625	99.3125	-0.49554962	156882.11	35563
91.40106	410.75	185.125	185.25	0.49554962	156882.11	35563
74.801346	219.875	96.0625	69.25	0.49554962	156882.11	35563
367.23383	462.0	150.5	168.75	0.49554962	156882.11	35563
71.34661	475.75	132.125	138.0	0.49554962	156882.11	35563
229.53168	438.25	146.375	170.625	0.49554962	156882.11	35563
96.86605	400.5	161.125	173.5	0.49554962	156882.11	35563
161.16837	468.5	132.375	186.0	0.49554962	156882.11	35563
158.25908	503.25	130.5	195.625	0.49554962	156882.11	35563
92.053375	583.5	60.0	184.625	0.49554962	156882.11	35563
232.34862	331.0	70.0625	115.1875	-0.49554962	156882.11	35563
297.45425	349.0	146.625	173.875	-0.49554962	156882.11	35563
106.36646	265.75	101.1875	124.0	0.49554962	156882.11	35563
166.52405	306.5	81.0	121.9375	-0.49554962	156882.11	35563
84.50571	475.5	160.5	176.875	-0.49554962	156882.11	35563
192.03859	365.25	111.9375	107.25	0.49554962	156882.11	35563
393.35257	491.25	165.75	180.25	0.49554962	156882.11	35563
110.90635	306.0	106.5625	134.5	0.49554962	156882.11	35563
254.87425	593.5	111.3125	172.375	0.49554962	156882.11	35563
77.89578	309.5	116.0625	107.1875	0.49554962	156882.11	35563
173.0785	371.75	74.4375	143.5	0.49554962	156882.11	35563
137.31958	713.0	115.3125	127.8125	0.49554962	156882.11	35563
158.83548	356.75	94.75	140.0	0.49554962	156882.11	35563
136.78835	733.0	78.1875	170.0	-0.49554962	156882.11	35563
453.11182	571.5	81.9375	185.5	0.49554962	156882.11	35563
86.88536	287.5	114.3125	129.125	0.49554962	156882.11	35563
276.00812	565.5	94.625	180.75	0.49554962	156882.11	35563
82.30512	469.25	89.5625	82.4375	0.49554962	156882.11	35563
171.29665	327.5	145.0	99.1875	0.49554962	156882.11	35563
110.431305	355.75	54.71875	153.375	0.49554962	156882.11	35563
135.03712	393.75	131.625	165.25	-0.49554962	156882.11	35563
112.86745	326.0	72.8125	135.75	0.49554962	156882.11	35563
274.05988	498.25	119.0625	167.125	-0.49554962	156882.11	35563
101.90397	610.0	159.875	131.0	0.49554962	156882.11	35563
97.534424	372.75	60.34375	125.0	0.49554962	156882.11	35563
63.45777	293.0	80.3125	90.6875	0.49554962	156882.11	35563
207.24443	382.5	101.3125	184.875	0.49554962	156882.11	35563
110.080505	443.75	118.9375	160.5	-0.49554962	156882.11	35563
225.1625	396.0	147.875	143.0	0.49554962	156882.11	35563
245.2598	425.5	130.75	151.625	0.49554962	156882.11	35563
173.61606	532.5	121.4375	147.625	0.49554962	156882.11	35563
335.10934	763.0	152.5	163.125	-0.49554962	156882.11	35563
316.55212	338.75	73.5	131.5	0.49554962	156882.11	35563
325.4507	521.0	203.0	242.875	-0.49554962	156882.11	35563
103.63389	367.5	129.0	174.25	-0.49554962	156882.11	35563
173.51683	376.75	78.25	144.0	0.49554962	156882.11	35563
77.678085	236.625	56.03125	96.4375	0.49554962	156882.11	35563
172.05322	484.5	173.75	198.375	0.49554962	156882.11	35563
254.20764	368.25	43.625	116.875	0.49554962	156882.11	35563
237.49248	436.0	78.0	163.25	0.49554962	156882.11	35563
128.4047	510.5	119.0	198.0	0.49554962	156882.11	35563
145.94553	421.5	154.75	176.75	0.49554962	156882.11	35563
135.31287	531.0	133.625	163.375	0.49554962	156882.11	35563
104.3316	301.5	82.8125	110.6875	-0.49554962	156882.11	35563
394.3918	416.25	107.1875	122.9375	0.49554962	156882.11	35563
103.62658	426.5	171.125	193.25	0.49554962	156882.11	35563
135.06389	402.0	140.5	182.5	0.49554962	156882.11	35563
216.46169	560.0	125.375	204.5	-0.49554962	156882.11	35563
241.85054	329.5	73.5625	125.5	0.49554962	156882.11	35563
110.412796	372.25	32.90625	97.3125	0.49554962	156882.11	35563
263.83798	630.5	83.4375	157.0	0.49554962	156882.11	35563
132.5656	756.0	60.375	85.1875	-0.49554962	156882.11	35563
191.91188	417.5	143.625	174.125	-0.49554962	156882.11	35563
98.60232	389.75	155.875	151.375	0.49554962	156882.11	35563
354.77838	344.0	70.625	141.375	0.49554962	156882.11	35563
173.8384	195.0	73.875	68.5	0.49554962	156882.11	35563
281.0683	337.25	86.25	140.875	0.49554962	156882.11	35563
267.2967	489.75	112.0625	8.9921875	0.49554962	156882.11	35563
211.31548	522.5	147.375	178.625	0.49554962	156882.11	35563
105.783714	625.0	89.6875	129.25	0.49554962	156882.11	35563
82.978645	271.5	142.625	84.3125	0.49554962	156882.11	35563
84.531006	459.25	191.25	160.625	0.49554962	156882.11	35563
102.38886	541.0	95.5625	208.0	0.49554962	156882.11	35563
268.29028	368.25	67.5	138.5	-0.49554962	156882.11	35563
255.75194	624.5	52.625	151.75	0.49554962	156882.11	35563
169.01157	394.0	85.0	137.875	0.49554962	156882.11	35563
198.3655	394.0	132.0	96.3125	0.49554962	156882.11	35563
73.91412	621.0	92.875	247.25	0.49554962	156882.11	35563
88.79335	534.5	60.0	185.25	0.49554962	156882.11	35563
95.42658	304.0	66.875	125.6875	0.49554962	156882.11	35563
111.624825	398.25	286.75	70.625	0.49554962	156882.11	35563
139.31435	423.5	108.6875	170.875	0.49554962	156882.11	35563
44.106277	265.0	121.0625	124.1875	0.49554962	156882.11	35563
297.09872	690.0	121.0	211.5	0.49554962	156882.11	35563
932.18085	691.0	111.375	196.875	0.49554962	156882.11	35563
270.0478	614.5	114.5	176.375	0.49554962	156882.11	35563
293.56387	488.0	122.0625	183.375	0.49554962	156882.11	35563
154.31902	569.0	73.0	166.75	0.49554962	156882.11	35563
103.88873	349.5	131.125	143.375	-0.49554962	156882.11	35563
101.362885	360.0	73.1875	142.25	0.49554962	156882.11	35563
203.14859	635.5	82.4375	218.5	-0.49554962	156882.11	35563
203.28963	421.0	138.875	153.125	0.49554962	156882.11	35563
136.92987	317.75	64.6875	104.8125	0.49554962	156882.11	35563
184.96628	339.0	60.4375	122.125	-0.49554962	156882.11	35563
178.8494	690.5	76.4375	219.0	-0.49554962	156882.11	35563
211.98964	459.75	144.0	192.75	0.49554962	156882.11	35563
147.0257	299.0	131.0	149.625	0.49554962	156882.11	35563
263.39673	326.0	60.25	123.4375	0.49554962	156882.11	35563
273.1101	335.75	88.25	135.25	0.49554962	156882.11	35563
585.8469	1131.0	170.5	196.875	0.49554962	156882.11	35563
79.457695	368.0	138.0	175.375	-0.49554962	156882.11	35563
199.80354	488.75	119.375	181.0	0.49554962	156882.11	35563
48.20426	350.25	133.125	126.75	0.49554962	156882.11	35563
79.57846	509.5	113.125	163.625	0.49554962	156882.11	35563
416.33044	513.0	190.625	252.875	-0.49554962	156882.11	35563
193.11635	387.75	181.75	181.375	0.49554962	156882.11	35563
333.3451	536.5	132.125	187.0	0.49554962	156882.11	35563
226.6331	219.625	98.3125	108.125	0.49554962	156882.11	35563
261.0673	394.0	107.4375	172.0	0.49554962	156882.11	35563
331.3142	581.5	133.75	184.25	0.49554962	156882.11	35563
186.13411	617.0	64.375	178.5	-0.49554962	156882.11	35563
256.11108	455.25	148.625	154.125	0.49554962	156882.11	35563
232.49962	289.0	51.15625	113.25	0.49554962	156882.11	35563
143.30132	428.25	88.0	180.5	-0.49554962	156882.11	35563
153.44199	507.75	133.0	145.375	0.49554962	156882.11	35563
91.45045	574.5	112.5	147.5	-0.49554962	156882.11	35563
280.5132	669.0	254.125	329.5	0.49554962	156882.11	35563
184.17542	327.5	66.9375	137.625	-0.49554962	156882.11	35563
181.17801	593.5	101.6875	161.0	0.49554962	156882.11	35563
262.9289	328.25	90.625	82.375	0.49554962	156882.11	35563
102.65852	220.75	77.9375	96.4375	0.49554962	156882.11	35563
100.01734	482.0	63.875	150.125	0.49554962	156882.11	35563
347.7612	658.0	114.625	180.125	-0.49554962	156882.11	35563
312.7473	381.25	145.0	163.5	0.49554962	156882.11	35563
302.3185	498.75	85.3125	134.25	0.49554962	156882.11	35563
206.29196	393.75	83.875	159.25	-0.49554962	156882.11	35563
336.851	430.0	71.9375	165.875	0.49554962	156882.11	35563
124.233086	383.75	89.875	142.25	-0.49554962	156882.11	35563
239.23096	384.75	158.125	189.125	0.49554962	156882.11	35563
265.43732	392.75	111.375	164.125	-0.49554962	156882.11	35563
147.69864	209.875	82.375	74.75	-0.49554962	156882.11	35563
380.27014	613.5	73.3125	102.75	0.49554962	156882.11	35563
57.899437	254.5	108.0	141.375	0.49554962	156882.11	35563
188.49184	412.75	74.3125	82.5	0.49554962	156882.11	35563
213.14337	417.25	142.875	154.625	-0.49554962	156882.11	35563
272.1971	583.5	115.0625	184.75	-0.49554962	156882.11	35563
60.29882	412.5	113.6875	186.75	-0.49554962	156882.11	35563
76.58363	289.0	111.4375	123.25	-0.49554962	156882.11	35563
108.87891	654.0	113.375	175.875	0.49554962	156882.11	35563
120.61456	452.5	118.25	159.0	0.49554962	156882.11	35563
173.40678	436.5	73.5625	182.625	0.49554962	156882.11	35563
58.971607	338.25	156.0	151.375	0.49554962	156882.11	35563
91.196106	340.5	111.1875	55.21875	-0.49554962	156882.11	35563
387.09152	741.5	135.75	186.75	-0.49554962	156882.11	35563
213.07916	407.5	159.75	189.75	0.49554962	156882.11	35563
323.17004	477.5	71.5	191.875	0.49554962	156882.11	35563
151.41481	397.75	96.625	154.875	0.49554962	156882.11	35563
125.46901	433.25	84.0	169.75	0.49554962	156882.11	35563
146.70375	488.25	55.375	117.5	0.49554962	156882.11	35563
64.873505	980.0	190.5	207.0	0.49554962	156882.11	35563
86.361534	498.0	118.125	182.25	-0.49554962	156882.11	35563
226.4221	343.25	138.375	131.75	-0.49554962	156882.11	35563
236.37889	649.5	92.625	172.25	0.49554962	156882.11	35563
78.40264	191.875	97.5625	-1.0	0.49554962	156882.11	35563
119.3885	241.5	77.125	102.75	0.49554962	156882.11	35563
44.641182	519.0	146.375	177.5	0.49554962	156882.11	35563
256.9779	341.0	92.0	140.25	0.49554962	156882.11	35563
93.27667	362.5	85.25	145.125	0.49554962	156882.11	35563
181.89436	598.0	61.71875	162.625	0.49554962	156882.11	35563
377.6876	471.0	64.9375	110.875	0.49554962	156882.11	35563
292.94763	449.5	156.375	15.671875	-0.49554962	156882.11	35563
120.03548	249.375	75.5	108.5	0.49554962	156882.11	35563
91.01683	340.0	68.75	116.6875	0.49554962	156882.11	35563
452.25543	486.75	81.375	166.0	0.49554962	156882.11	35563
73.015205	466.25	102.0	236.5	0.49554962	156882.11	35563
212.4858	394.75	126.0625	137.875	0.49554962	156882.11	35563
148.33372	507.75	60.0	101.125	-0.49554962	156882.11	35563
183.87738	346.25	75.9375	154.125	0.49554962	156882.11	35563
303.92422	298.0	87.1875	106.5	-0.49554962	156882.11	35563
421.71503	620.0	92.0625	181.875	0.49554962	156882.11	35563
171.5897	430.0	120.125	104.875	0.49554962	156882.11	35563
292.34222	495.5	127.0625	171.375	-0.49554962	156882.11	35563
218.53513	213.25	59.96875	94.75	0.49554962	156882.11	35563
373.304	404.5	72.1875	166.125	0.49554962	156882.11	35563
96.32222	623.0	66.4375	252.0	0.49554962	156882.11	35563
283.54947	317.0	75.0	109.9375	0.49554962	156882.11	35563
72.903305	411.25	98.4375	182.5	0.49554962	156882.11	35563
394.2222	371.5	61.40625	132.25	-0.49554962	156882.11	35563
453.19458	473.25	75.75	159.0	0.49554962	156882.11	35563
63.233204	299.5	88.9375	84.25	0.49554962	156882.11	35563
159.89374	377.0	76.625	128.25	-0.49554962	156882.11	35563
312.06775	496.0	112.0625	164.25	0.49554962	156882.11	35563
79.976654	413.5	97.8125	180.0	0.49554962	156882.11	35563
186.85811	208.125	109.6875	101.9375	0.49554962	156882.11	35563
671.25183	822.0	201.375	316.25	0.49554962	156882.11	35563
141.17911	244.875	60.65625	84.6875	0.49554962	156882.11	35563
234.39355	473.75	145.875	133.625	0.49554962	156882.11	35563
75.9688	420.5	142.5	185.5	0.49554962	156882.11	35563
68.485985	288.25	151.0	117.0	0.49554962	156882.11	35563
319.26523	494.25	116.1875	182.5	0.49554962	156882.11	35563
123.76023	434.25	59.84375	83.375	-0.49554962	156882.11	35563
218.46732	418.0	70.75	188.0	0.49554962	156882.11	35563
191.1386	453.75	64.5625	94.5625	0.49554962	156882.11	35563
110.51018	528.5	119.1875	215.875	0.49554962	156882.11	35563
436.90353	623.0	55.65625	246.75	0.49554962	156882.11	35563
75.75	305.5	154.5	139.875	0.49554962	156882.11	35563
226.7729	589.5	125.3125	192.125	0.49554962	156882.11	35563
121.705345	415.0	121.5	152.5	0.49554962	156882.11	35563
320.90924	657.5	136.0	224.75	0.49554962	156882.11	35563
190.32202	367.5	137.75	115.375	0.49554962	156882.11	35563
101.74537	405.75	61.65625	139.875	0.49554962	156882.11	35563
67.53241	320.0	72.875	49.90625	0.49554962	156882.11	35563
48.90577	334.75	71.4375	123.5625	0.49554962	156882.11	35563
190.14421	441.5	101.75	193.875	-0.49554962	156882.11	35563
217.72946	550.0	84.125	173.125	0.49554962	156882.11	35563
106.549126	548.0	87.875	163.25	0.49554962	156882.11	35563
317.22083	312.0	111.5	124.125	0.49554962	156882.11	35563
185.20003	428.25	86.0	147.125	0.49554962	156882.11	35563
189.55376	359.75	111.1875	120.5625	0.49554962	156882.11	35563
148.28856	462.5	120.625	175.25	0.49554962	156882.11	35563
73.756134	483.25	83.3125	164.75	0.49554962	156882.11	35563
228.34964	410.75	73.75	98.625	-0.49554962	156882.11	35563
132.93663	589.5	62.5	189.25	0.49554962	156882.11	35563
192.41489	267.5	113.0	102.5	0.49554962	156882.11	35563
146.88222	599.5	69.9375	149.375	0.49554962	156882.11	35563
297.48596	573.0	109.75	184.5	0.49554962	156882.11	35563
226.7017	563.0	62.96875	180.25	0.49554962	156882.11	35563
770.7321	921.0	124.4375	240.125	-0.49554962	156882.11	35563
157.08565	809.5	74.3125	110.3125	0.49554962	156882.11	35563
490.24493	623.0	100.3125	215.625	-0.49554962	156882.11	35563
223.28667	492.5	121.3125	180.125	0.49554962	156882.11	35563
174.89702	229.25	66.3125	99.5	0.49554962	156882.11	35563
206.8368	225.125	60.25	65.0	-0.49554962	156882.11	35563
195.85019	339.25	153.375	158.625	-0.49554962	156882.11	35563
163.44185	360.5	79.1875	159.75	0.49554962	156882.11	35563
255.36412	452.25	67.6875	184.25	-0.49554962	156882.11	35563
120.67842	766.5	79.0	185.0	0.49554962	156882.11	35563
241.69522	486.5	102.3125	160.875	0.49554962	156882.11	35563
599.7134	767.5	96.75	173.5	0.49554962	156882.11	35563
689.30676	791.0	58.28125	84.0	0.49554962	156882.11	35563
139.2245	262.25	91.125	121.0	0.49554962	156882.11	35563
1049.9922	1030.0	114.9375	208.75	0.49554962	156882.11	35563
268.8433	210.75	111.0625	77.9375	-0.49554962	156882.11	35563
309.65945	637.0	91.625	207.25	0.49554962	156882.11	35563
76.44804	377.75	100.0625	138.375	0.49554962	156882.11	35563
80.742386	326.0	113.125	163.875	0.49554962	156882.11	35563
293.81512	537.0	36.09375	143.5	0.49554962	156882.11	35563
157.07584	296.0	68.875	141.75	0.49554962	156882.11	35563
128.02844	421.25	80.1875	144.0	0.49554962	156882.11	35563
66.69818	389.25	99.125	161.5	-0.49554962	156882.11	35563
77.91474	499.75	127.1875	188.5	0.49554962	156882.11	35563
236.24489	495.5	152.625	78.8125	0.49554962	156882.11	35563
94.74284	383.75	113.9375	170.125	-0.49554962	156882.11	35563
62.087616	398.25	140.25	131.875	-0.49554962	156882.11	35563
157.98376	470.5	96.25	159.875	0.49554962	156882.11	35563
239.19887	435.5	74.25	152.25	0.49554962	156882.11	35563
127.71522	351.5	138.375	164.25	0.49554962	156882.11	35563
108.09251	309.5	161.375	133.25	0.49554962	156882.11	35563
105.590225	473.5	105.0	169.5	0.49554962	156882.11	35563
203.87424	361.0	142.875	126.75	0.49554962	156882.11	35563
76.65032	205.625	64.6875	24.953125	0.49554962	156882.11	35563
163.34921	277.25	115.1875	97.9375	0.49554962	156882.11	35563
393.86954	308.0	67.3125	22.203125	0.49554962	156882.11	35563
220.30641	391.75	143.125	204.75	0.49554962	156882.11	35563
190.28372	282.5	53.25	115.5625	-0.49554962	156882.11	35563
224.3593	322.5	102.25	129.625	-0.49554962	156882.11	35563
271.98926	434.25	103.5625	176.0	0.49554962	156882.11	35563
106.11998	970.0	220.375	415.0	0.49554962	156882.11	35563
343.83447	635.0	93.375	272.25	0.49554962	156882.11	35563
224.88588	458.5	146.625	184.625	0.49554962	156882.11	35563
227.06337	322.75	59.34375	90.75	-0.49554962	156882.11	35563
137.47638	343.25	93.5625	117.5625	0.49554962	156882.11	35563
78.363655	212.0	64.5625	107.375	0.49554962	156882.11	35563
121.661385	470.25	105.75	180.5	0.49554962	156882.11	35563
139.63474	420.25	157.375	122.625	0.49554962	156882.11	35563
110.195015	446.0	143.125	188.75	0.49554962	156882.11	35563
224.78761	875.0	246.25	167.5	0.49554962	156882.11	35563
168.36061	437.0	86.9375	188.5	-0.49554962	156882.11	35563
246.77492	277.75	129.125	144.5	0.49554962	156882.11	35563
77.55923	301.75	130.75	142.375	0.49554962	156882.11	35563
110.41302	301.75	88.125	165.0	0.49554962	156882.11	35563
84.77326	415.5	157.0	161.75	0.49554962	156882.11	35563
344.59418	501.5	58.96875	55.15625	0.49554962	156882.11	35563
329.35303	513.0	88.375	129.5	-0.49554962	156882.11	35563
301.15085	492.5	150.875	181.875	-0.49554962	156882.11	35563
301.19403	285.25	59.75	117.8125	0.49554962	156882.11	35563
169.85683	293.5	107.1875	136.25	-0.49554962	156882.11	35563
183.29852	467.5	130.625	222.375	0.49554962	156882.11	35563
332.64163	465.75	128.625	89.6875	0.49554962	156882.11	35563
71.06937	537.0	86.125	161.125	-0.49554962	156882.11	35563
84.04843	458.25	61.6875	148.75	0.49554962	156882.11	35563
69.73282	586.5	123.6875	215.75	-0.49554962	156882.11	35563
186.79297	240.5	77.875	106.1875	0.49554962	156882.11	35563
110.26689	586.0	107.0625	5.4101562	0.49554962	156882.11	35563
316.99487	563.5	71.3125	194.875	0.49554962	156882.11	35563
64.96301	515.5	88.1875	217.5	0.49554962	156882.11	35563
120.41639	384.75	147.875	176.75	0.49554962	156882.11	35563
86.63622	470.5	116.625	141.875	0.49554962	156882.11	35563
63.397614	315.75	118.6875	119.5625	-0.49554962	156882.11	35563
270.92557	707.0	125.25	171.5	-0.49554962	156882.11	35563
75.23215	413.5	64.3125	144.0	-0.49554962	156882.11	35563
145.52779	360.75	111.3125	136.875	0.49554962	156882.11	35563
335.52606	404.75	92.125	165.25	-0.49554962	156882.11	35563
66.669785	578.0	142.125	194.625	0.49554962	156882.11	35563
122.7342	335.5	91.5	97.625	0.49554962	156882.11	35563
237.39789	388.25	76.75	141.25	0.49554962	156882.11	35563
126.04142	400.25	133.625	177.0	0.49554962	156882.11	35563
227.31021	296.75	103.3125	123.4375	0.49554962	156882.11	35563
98.373375	459.75	58.625	122.9375	0.49554962	156882.11	35563
736.2396	446.0	161.375	154.875	-0.49554962	156882.11	35563
133.17169	401.75	135.375	197.25	0.49554962	156882.11	35563
151.18301	576.5	79.5	172.375	-0.49554962	156882.11	35563
263.2773	624.5	137.375	182.125	0.49554962	156882.11	35563
205.25049	436.5	117.5	194.375	0.49554962	156882.11	35563
224.74715	354.75	86.4375	187.375	0.49554962	156882.11	35563
149.42567	379.25	62.53125	153.375	-0.49554962	156882.11	35563
174.74033	304.25	110.0625	66.5625	0.49554962	156882.11	35563
285.7974	367.5	105.9375	138.625	0.49554962	156882.11	35563
129.97783	353.0	76.375	152.875	-0.49554962	156882.11	35563
145.50417	624.0	171.875	182.875	-0.49554962	156882.11	35563
279.24033	413.5	58.03125	177.25	-0.49554962	156882.11	35563
156.44876	455.0	105.4375	175.0	0.49554962	156882.11	35563
255.77629	631.0	116.4375	179.625	-0.49554962	156882.11	35563
160.87914	617.5	113.0	170.125	0.49554962	156882.11	35563
72.89375	543.5	92.6875	133.25	0.49554962	156882.11	35563
52.47491	221.625	111.5	94.0	-0.49554962	156882.11	35563
376.51144	634.5	99.5625	182.25	-0.49554962	156882.11	35563
196.33282	347.0	48.53125	138.0	0.49554962	156882.11	35563
473.7956	833.0	144.875	165.0	-0.49554962	156882.11	35563
64.63197	198.125	80.625	92.9375	0.49554962	156882.11	35563
226.32014	318.0	103.875	139.125	0.49554962	156882.11	35563
166.1547	461.25	89.5	225.875	0.49554962	156882.11	35563
403.06378	720.5	62.34375	199.25	0.49554962	156882.11	35563
310.67865	523.0	89.625	182.125	0.49554962	156882.11	35563
106.133606	744.5	147.0	219.5	0.49554962	156882.11	35563
121.19442	248.125	74.75	119.5625	0.49554962	156882.11	35563
317.2477	548.0	87.75	155.5	0.49554962	156882.11	35563
78.70652	630.5	92.875	1.2373047	0.49554962	156882.11	35563
187.9853	355.75	82.4375	123.0	0.49554962	156882.11	35563
47.19456	504.0	143.875	158.125	0.49554962	156882.11	35563
100.75202	266.75	203.25	100.8125	0.49554962	156882.11	35563
601.5681	635.0	122.125	185.375	0.49554962	156882.11	35563
209.91866	543.5	136.375	179.125	0.49554962	156882.11	35563
145.6785	379.5	96.4375	134.25	-0.49554962	156882.11	35563
172.08778	341.5	71.1875	149.5	-0.49554962	156882.11	35563
91.582504	540.0	85.8125	192.375	0.49554962	156882.11	35563
152.77022	239.875	67.0625	120.8125	-0.49554962	156882.11	35563
55.053352	319.75	84.75	115.5	-0.49554962	156882.11	35563
64.14439	505.5	186.375	187.625	0.49554962	156882.11	35563
66.82252	377.0	158.375	156.5	-0.49554962	156882.11	35563
81.6234	532.0	143.375	175.75	0.49554962	156882.11	35563
146.25395	402.5	180.125	161.5	0.49554962	156882.11	35563
120.71941	383.0	136.25	154.5	0.49554962	156882.11	35563
138.24637	375.75	68.4375	83.4375	0.49554962	156882.11	35563
271.125	512.5	99.3125	117.1875	-0.49554962	156882.11	35563
170.85103	197.875	69.6875	81.9375	-0.49554962	156882.11	35563
127.530846	508.75	60.5625	146.625	0.49554962	156882.11	35563
380.998	623.0	98.125	174.5	0.49554962	156882.11	35563
87.63031	259.0	85.25	90.75	0.49554962	156882.11	35563
79.09425	403.0	111.875	154.125	-0.49554962	156882.11	35563
160.44266	415.25	117.75	144.125	0.49554962	156882.11	35563
90.442635	591.5	138.5	190.875	0.49554962	156882.11	35563
53.64938	373.75	65.3125	113.5	0.49554962	156882.11	35563
118.97138	354.25	94.3125	165.125	0.49554962	156882.11	35563
105.16919	233.125	100.5625	49.3125	-0.49554962	156882.11	35563
234.96109	356.0	77.375	154.25	0.49554962	156882.11	35563
282.59332	509.25	71.3125	161.375	0.49554962	156882.11	35563
137.04	563.0	71.9375	74.1875	0.49554962	156882.11	35563
612.9512	1032.0	67.375	262.75	-0.49554962	156882.11	35563
60.52694	405.0	110.3125	167.875	0.49554962	156882.11	35563
178.32083	499.75	71.0	154.875	0.49554962	156882.11	35563
205.09785	618.0	128.625	187.625	0.49554962	156882.11	35563
245.81226	503.75	182.125	154.5	0.49554962	156882.11	35563
56.528477	362.25	167.125	169.0	0.49554962	156882.11	35563
89.05595	454.75	58.9375	103.8125	0.49554962	156882.11	35563
95.17813	415.0	154.125	160.125	0.49554962	156882.11	35563
158.94688	485.0	115.9375	164.125	0.49554962	156882.11	35563
94.47747	271.0	45.6875	125.125	-0.49554962	156882.11	35563
83.035484	399.5	130.125	186.125	0.49554962	156882.11	35563
127.73282	299.5	106.6875	141.625	-0.49554962	156882.11	35563
106.25907	568.0	155.125	187.125	0.49554962	156882.11	35563
227.99364	355.5	91.5	134.375	-0.49554962	156882.11	35563
202.6047	681.5	114.5625	202.625	0.49554962	156882.11	35563
120.4451	287.25	126.8125	121.0625	-0.49554962	156882.11	35563
56.455685	637.0	85.3125	200.75	0.49554962	156882.11	35563
195.18207	352.75	99.3125	141.875	0.49554962	156882.11	35563
329.88287	1009.0	40.15625	300.5	0.49554962	156882.11	35563
119.43168	310.75	136.0	124.4375	-0.49554962	156882.11	35563
143.59988	308.5	78.375	145.5	0.49554962	156882.11	35563
190.9709	459.5	159.0	140.5	0.49554962	156882.11	35563
184.69026	765.0	55.9375	216.25	0.49554962	156882.11	35563
76.396614	301.5	106.25	47.90625	0.49554962	156882.11	35563
66.36346	393.0	112.125	148.5	0.49554962	156882.11	35563
64.423	397.5	100.75	97.1875	0.49554962	156882.11	35563
260.6967	618.5	84.25	176.75	0.49554962	156882.11	35563
89.8603	806.5	84.125	178.25	0.49554962	156882.11	35563
201.08871	442.0	200.0	209.75	0.49554962	156882.11	35563
375.15845	460.25	112.375	155.0	-0.49554962	156882.11	35563
90.713326	638.0	164.125	253.75	0.49554962	156882.11	35563
66.04554	395.75	146.75	151.375	0.49554962	156882.11	35563
249.83722	541.5	66.0625	154.625	0.49554962	156882.11	35563
296.96246	269.0	112.9375	106.5625	-0.49554962	156882.11	35563
352.8059	626.0	100.0	181.625	0.49554962	156882.11	35563
205.17497	782.0	107.0625	245.875	-0.49554962	156882.11	35563
245.59276	320.25	91.25	134.625	0.49554962	156882.11	35563
63.048016	232.25	106.9375	10.9453125	0.49554962	156882.11	35563
165.71523	577.0	142.875	170.25	0.49554962	156882.11	35563
186.45592	599.0	100.5625	145.375	0.49554962	156882.11	35563
636.26056	695.5	127.875	207.625	0.49554962	156882.11	35563
172.65291	368.5	107.5	144.125	0.49554962	156882.11	35563
79.20555	492.25	98.0625	187.125	0.49554962	156882.11	35563
73.17133	525.5	168.625	190.875	0.49554962	156882.11	35563
107.21984	432.25	88.6875	166.25	0.49554962	156882.11	35563
321.87836	430.0	109.1875	182.0	0.49554962	156882.11	35563
289.382	581.5	70.5625	167.75	0.49554962	156882.11	35563
229.40541	311.5	135.125	138.375	0.49554962	156882.11	35563
137.50131	466.5	175.375	195.625	0.49554962	156882.11	35563
79.92837	388.25	126.6875	178.25	0.49554962	156882.11	35563
206.23174	305.0	97.8125	120.4375	-0.49554962	156882.11	35563
214.56389	924.0	125.375	210.875	-0.49554962	156882.11	35563
147.67642	402.5	110.5625	186.125	0.49554962	156882.11	35563
349.57135	494.25	69.5	163.0	0.49554962	156882.11	35563
218.74634	477.75	93.5	167.5	0.49554962	156882.11	35563
227.28049	237.625	95.75	98.75	-0.49554962	156882.11	35563
472.88336	541.0	91.9375	175.0	0.49554962	156882.11	35563
442.45523	764.0	96.125	183.875	-0.49554962	156882.11	35563
181.48491	245.875	75.125	118.875	0.49554962	156882.11	35563
215.84904	229.125	96.8125	88.375	-0.49554962	156882.11	35563
303.773	614.5	89.8125	215.75	-0.49554962	156882.11	35563
200.50253	424.0	124.1875	167.25	0.49554962	156882.11	35563
55.50866	338.5	89.75	126.9375	-0.49554962	156882.11	35563
137.7724	568.5	73.625	196.375	0.49554962	156882.11	35563
190.48097	333.25	101.4375	135.125	0.49554962	156882.11	35563
225.8089	733.5	104.3125	223.25	0.49554962	156882.11	35563
111.08852	375.0	80.625	105.1875	0.49554962	156882.11	35563
130.37556	460.25	106.4375	186.5	0.49554962	156882.11	35563
69.69738	417.0	150.25	183.125	-0.49554962	156882.11	35563
126.75898	365.5	122.875	139.875	0.49554962	156882.11	35563
149.17899	342.75	33.9375	170.125	0.49554962	156882.11	35563
86.19777	468.75	83.1875	176.625	0.49554962	156882.11	35563
152.50006	330.75	120.75	123.3125	0.49554962	156882.11	35563
112.69059	308.5	143.0	128.875	0.49554962	156882.11	35563
169.88728	351.75	87.0	158.25	0.49554962	156882.11	35563
88.286026	339.75	86.9375	104.375	0.49554962	156882.11	35563
357.49454	455.5	166.125	197.5	-0.49554962	156882.11	35563
66.85266	401.5	87.4375	187.125	-0.49554962	156882.11	35563
148.66106	735.0	65.0625	1.8857422	0.49554962	156882.11	35563
98.17639	448.0	101.3125	196.5	0.49554962	156882.11	35563
342.437	369.75	84.25	185.5	0.49554962	156882.11	35563
177.06906	430.75	69.75	164.0	0.49554962	156882.11	35563
67.19215	517.0	94.3125	202.25	0.49554962	156882.11	35563
82.30638	376.25	129.625	183.625	0.49554962	156882.11	35563
118.14464	347.75	77.875	169.875	0.49554962	156882.11	35563
221.43713	768.5	130.375	336.25	-0.49554962	156882.11	35563
96.33239	363.0	81.875	125.5625	0.49554962	156882.11	35563
231.48546	242.125	116.625	116.8125	-0.49554962	156882.11	35563
109.20938	377.25	82.125	158.625	0.49554962	156882.11	35563
77.18374	390.5	138.5	195.25	0.49554962	156882.11	35563
154.5889	569.5	56.375	2.15625	0.49554962	156882.11	35563
116.64923	345.75	82.8125	153.125	0.49554962	156882.11	35563
300.44403	368.75	98.5	118.625	-0.49554962	156882.11	35563
55.94174	270.25	73.4375	120.1875	0.49554962	156882.11	35563
102.723335	345.25	136.0	131.625	0.49554962	156882.11	35563
340.4366	334.5	60.8125	89.375	0.49554962	156882.11	35563
167.90381	331.25	120.875	121.0625	0.49554962	156882.11	35563
91.373375	416.75	159.875	144.125	0.49554962	156882.11	35563
91.03849	354.75	94.0625	116.125	0.49554962	156882.11	35563
116.594574	349.75	56.4375	151.625	0.49554962	156882.11	35563
398.6727	858.5	171.0	198.5	-0.49554962	156882.11	35563
156.17754	536.0	113.6875	7.5234375	0.49554962	156882.11	35563
112.47623	368.75	138.5	134.125	-0.49554962	156882.11	35563
155.08273	591.5	133.375	179.75	-0.49554962	156882.11	35563
204.4092	584.0	120.5	184.25	0.49554962	156882.11	35563
131.22842	394.25	79.375	144.5	0.49554962	156882.11	35563
231.56473	420.0	125.375	175.625	0.49554962	156882.11	35563
190.57132	439.0	152.25	111.5625	-0.49554962	156882.11	35563
250.02142	402.75	67.0	106.75	0.49554962	156882.11	35563
51.12974	350.5	91.5625	162.625	0.49554962	156882.11	35563
121.401344	274.5	107.6875	120.375	0.49554962	156882.11	35563
281.08307	521.0	88.3125	151.375	-0.49554962	156882.11	35563
184.36305	468.25	153.75	175.625	-0.49554962	156882.11	35563
99.041115	441.0	135.5	180.875	0.49554962	156882.11	35563
45.403385	308.25	138.875	115.8125	0.49554962	156882.11	35563
51.75463	330.0	84.8125	136.875	0.49554962	156882.11	35563
66.77974	350.0	188.0	157.375	0.49554962	156882.11	35563
63.127632	348.0	91.3125	154.0	0.49554962	156882.11	35563
302.06277	437.25	102.8125	182.625	-0.49554962	156882.11	35563
149.66475	477.5	57.8125	181.75	0.49554962	156882.11	35563
321.36386	628.0	112.375	172.625	0.49554962	156882.11	35563
63.86013	389.0	116.75	159.0	-0.49554962	156882.11	35563
86.70427	303.5	89.4375	133.0	0.49554962	156882.11	35563
109.61267	442.0	126.75	144.25	0.49554962	156882.11	35563
73.805565	496.5	120.5625	189.0	0.49554962	156882.11	35563
165.11261	330.75	60.3125	114.0	0.49554962	156882.11	35563
113.89095	437.25	137.25	163.75	0.49554962	156882.11	35563
419.93036	457.25	154.375	196.75	-0.49554962	156882.11	35563
122.39896	422.0	68.25	148.125	0.49554962	156882.11	35563
243.88782	422.5	90.5	200.625	-0.49554962	156882.11	35563
216.35724	488.25	56.84375	105.3125	-0.49554962	156882.11	35563
161.93654	372.5	82.125	147.875	0.49554962	156882.11	35563
180.66302	297.5	161.0	85.6875	0.49554962	156882.11	35563
272.2497	457.25	130.125	193.125	0.49554962	156882.11	35563
161.48486	432.5	125.75	172.125	0.49554962	156882.11	35563
592.1665	533.5	72.1875	183.25	0.49554962	156882.11	35563
154.2654	284.0	69.1875	119.875	-0.49554962	156882.11	35563
51.57873	381.75	153.125	116.25	-0.49554962	156882.11	35563
445.56155	647.5	92.125	161.25	0.49554962	156882.11	35563
159.07118	363.75	71.875	8.578125	0.49554962	156882.11	35563
199.59698	188.75	90.0	-1.0	0.49554962	156882.11	35563
146.71379	466.0	78.0	101.5	0.49554962	156882.11	35563
158.09814	324.25	89.625	139.0	-0.49554962	156882.11	35563
59.470345	409.5	62.34375	85.75	0.49554962	156882.11	35563
61.35646	494.0	106.125	178.25	0.49554962	156882.11	35563
272.62973	393.25	118.625	178.875	0.49554962	156882.11	35563
131.73582	354.25	59.5	137.875	0.49554962	156882.11	35563
142.09903	323.0	79.25	161.5	0.49554962	156882.11	35563
49.774162	305.75	71.875	151.5	0.49554962	156882.11	35563
68.51448	518.5	101.8125	170.375	-0.49554962	156882.11	35563
114.57797	445.25	109.125	163.75	0.49554962	156882.11	35563
165.14967	307.75	34.53125	87.0	-0.49554962	156882.11	35563
162.98	194.75	85.25	79.75	-0.49554962	156882.11	35563
177.00154	528.5	119.3125	197.0	-0.49554962	156882.11	35563
353.2978	395.75	133.5	187.0	-0.49554962	156882.11	35563
118.294075	409.75	69.9375	118.25	0.49554962	156882.11	35563
106.77406	359.0	72.875	136.125	0.49554962	156882.11	35563
389.21664	363.0	134.0	143.125	0.49554962	156882.11	35563
112.97495	343.0	77.125	150.5	-0.49554962	156882.11	35563
183.43398	320.25	72.9375	80.5	0.49554962	156882.11	35563
171.41232	432.25	87.1875	138.625	0.49554962	156882.11	35563
325.57794	275.5	110.875	123.5625	0.49554962	156882.11	35563
157.43176	487.25	161.75	177.0	0.49554962	156882.11	35563
68.47824	366.5	85.75	129.875	0.49554962	156882.11	35563
44.833	700.5	70.0	75.75	0.49554962	156882.11	35563
66.116936	261.5	91.875	103.1875	-0.49554962	156882.11	35563
86.71036	540.5	165.75	188.5	-0.49554962	156882.11	35563
374.24323	305.0	62.15625	123.9375	0.49554962	156882.11	35563
316.75912	485.75	113.0	214.375	0.49554962	156882.11	35563
308.52744	466.5	78.9375	210.375	0.49554962	156882.11	35563
405.87137	715.0	78.5625	304.75	-0.49554962	156882.11	35563
100.9567	461.5	85.625	151.5	0.49554962	156882.11	35563
277.79752	357.5	150.375	177.5	0.49554962	156882.11	35563
153.26459	400.25	63.75	152.625	-0.49554962	156882.11	35563
46.520058	319.25	149.5	141.375	-0.49554962	156882.11	35563
81.05243	252.5	54.4375	106.0625	0.49554962	156882.11	35563
106.51401	432.75	55.0	197.75	0.49554962	156882.11	35563
906.4951	890.5	111.6875	197.0	0.49554962	156882.11	35563
151.27368	556.5	73.0	198.75	0.49554962	156882.11	35563
63.490463	355.0	64.6875	153.875	0.49554962	156882.11	35563
110.08773	314.0	118.625	126.125	0.49554962	156882.11	35563
91.51687	436.25	117.25	187.0	0.49554962	156882.11	35563
58.225895	305.25	99.625	153.625	0.49554962	156882.11	35563
365.95822	767.5	102.0	5.6054688	0.49554962	156882.11	35563
176.92377	784.5	63.90625	188.875	-0.49554962	156882.11	35563
146.9301	288.5	130.375	141.5	0.49554962	156882.11	35563
111.98076	421.0	73.5	174.125	0.49554962	156882.11	35563
220.35452	448.75	113.25	162.375	-0.49554962	156882.11	35563
104.71159	489.25	111.5	171.25	0.49554962	156882.11	35563
238.4989	276.75	59.21875	118.8125	-0.49554962	156882.11	35563
240.87204	467.25	138.0	151.0	-0.49554962	156882.11	35563
440.45538	530.5	120.75	189.0	-0.49554962	156882.11	35563
96.16305	636.5	164.5	185.625	0.49554962	156882.11	35563
389.72906	315.5	84.6875	169.0	0.49554962	156882.11	35563
127.96012	448.0	103.6875	151.5	-0.49554962	156882.11	35563
199.64851	303.75	114.6875	130.5	0.49554962	156882.11	35563
144.0674	470.75	164.0	182.875	-0.49554962	156882.11	35563
146.78836	587.0	82.0625	159.875	0.49554962	156882.11	35563
542.79474	754.5	55.5	172.0	0.49554962	156882.11	35563
231.08736	300.0	172.625	125.125	0.49554962	156882.11	35563
246.4106	424.5	169.625	191.25	0.49554962	156882.11	35563
317.2549	486.0	62.78125	124.0	0.49554962	156882.11	35563
184.71771	407.0	70.375	110.25	0.49554962	156882.11	35563
64.93127	591.0	140.25	193.375	0.49554962	156882.11	35563
85.04907	591.0	69.8125	179.0	-0.49554962	156882.11	35563
105.1645	253.125	78.4375	106.125	0.49554962	156882.11	35563
129.97423	413.0	140.75	178.625	0.49554962	156882.11	35563
61.052517	606.0	84.3125	148.375	0.49554962	156882.11	35563
300.84833	415.25	84.3125	157.375	-0.49554962	156882.11	35563
124.04348	404.5	94.3125	84.0625	0.49554962	156882.11	35563
293.05286	340.0	92.3125	166.875	0.49554962	156882.11	35563
169.58287	348.75	56.875	90.625	0.49554962	156882.11	35563
266.15698	312.75	127.875	86.0625	0.49554962	156882.11	35563
449.51978	481.75	141.0	155.125	0.49554962	156882.11	35563
570.9935	923.5	75.0625	192.125	0.49554962	156882.11	35563
232.32845	415.75	87.875	174.625	0.49554962	156882.11	35563
157.38805	413.0	93.3125	131.375	0.49554962	156882.11	35563
307.1033	480.5	129.125	155.875	-0.49554962	156882.11	35563
104.74637	486.5	79.0625	163.5	0.49554962	156882.11	35563
169.45401	392.75	102.625	144.5	-0.49554962	156882.11	35563
96.60705	289.5	94.8125	103.75	0.49554962	156882.11	35563
190.36559	387.75	58.46875	134.875	0.49554962	156882.11	35563
249.69823	556.0	92.75	166.25	0.49554962	156882.11	35563
257.84204	481.0	125.3125	187.0	0.49554962	156882.11	35563
289.03094	514.5	188.0	158.5	0.49554962	156882.11	35563
284.03952	605.5	145.75	173.25	0.49554962	156882.11	35563
158.04262	423.0	63.65625	156.75	0.49554962	156882.11	35563
670.1484	901.5	82.875	144.875	0.49554962	156882.11	35563
141.68863	359.0	124.375	170.25	-0.49554962	156882.11	35563
139.3762	478.5	76.75	219.75	0.49554962	156882.11	35563
336.23947	386.75	62.65625	160.875	0.49554962	156882.11	35563
112.57649	234.5	66.375	80.1875	0.49554962	156882.11	35563
121.39881	375.0	177.5	165.875	0.49554962	156882.11	35563
151.99022	308.75	61.9375	132.875	0.49554962	156882.11	35563
50.89114	223.25	94.4375	92.875	-0.49554962	156882.11	35563
93.758934	336.75	127.0	114.9375	0.49554962	156882.11	35563
246.16876	653.5	148.75	173.375	0.49554962	156882.11	35563
163.61043	440.5	112.5625	169.25	0.49554962	156882.11	35563
117.51333	472.5	105.375	183.75	0.49554962	156882.11	35563
398.72714	412.5	155.0	120.5625	-0.49554962	156882.11	35563
204.29556	361.0	119.0625	139.875	0.49554962	156882.11	35563
53.437756	193.375	81.8125	77.625	0.49554962	156882.11	35563
112.44656	421.0	89.0	192.25	0.49554962	156882.11	35563
228.71252	347.0	92.125	156.25	0.49554962	156882.11	35563
88.58132	478.75	193.75	199.0	0.49554962	156882.11	35563
230.56183	389.0	128.25	188.0	0.49554962	156882.11	35563
164.47499	345.75	92.375	131.625	-0.49554962	156882.11	35563
70.697296	367.25	96.6875	110.0	-0.49554962	156882.11	35563
93.15031	479.0	129.0	201.375	-0.49554962	156882.11	35563
80.75823	379.0	81.9375	122.1875	0.49554962	156882.11	35563
259.49777	543.0	79.4375	111.1875	0.49554962	156882.11	35563
121.247055	410.5	129.625	173.625	-0.49554962	156882.11	35563
51.85486	347.25	137.875	144.125	0.49554962	156882.11	35563
182.57764	290.75	53.34375	118.125	0.49554962	156882.11	35563
409.3959	357.25	60.65625	111.5625	0.49554962	156882.11	35563
51.461994	637.0	103.625	151.125	0.49554962	156882.11	35563
135.00499	371.75	89.5	155.5	0.49554962	156882.11	35563
316.08163	674.0	61.125	82.5625	0.49554962	156882.11	35563
418.66766	588.0	61.90625	121.0625	-0.49554962	156882.11	35563
501.0266	627.5	71.5	181.375	-0.49554962	156882.11	35563
287.14655	495.0	89.0	185.5	0.49554962	156882.11	35563
74.548035	331.75	139.5	1.2167969	0.49554962	156882.11	35563
53.569443	420.5	187.125	182.625	0.49554962	156882.11	35563
227.45326	425.5	138.5	69.6875	0.49554962	156882.11	35563
179.49326	300.75	94.5	146.375	-0.49554962	156882.11	35563
493.47955	325.0	87.875	131.875	0.49554962	156882.11	35563
220.1799	378.0	82.25	119.5625	0.49554962	156882.11	35563
194.75493	322.25	65.0625	117.375	-0.49554962	156882.11	35563
226.41928	486.25	90.9375	120.0	0.49554962	156882.11	35563
108.00053	312.0	158.0	132.0	-0.49554962	156882.11	35563
231.17314	334.75	68.1875	80.5625	0.49554962	156882.11	35563
200.50017	413.5	135.0	5.59375	0.49554962	156882.11	35563
165.10226	368.25	92.875	165.625	-0.49554962	156882.11	35563
208.01956	616.0	111.0	1.4892578	0.49554962	156882.11	35563
104.319466	347.5	140.875	130.625	0.49554962	156882.11	35563
257.41217	361.75	100.625	134.125	-0.49554962	156882.11	35563
187.76855	447.75	170.125	162.375	-0.49554962	156882.11	35563
94.499794	468.0	132.125	194.25	0.49554962	156882.11	35563
124.82143	255.0	102.1875	77.75	0.49554962	156882.11	35563
43.94086	348.5	109.0	154.25	0.49554962	156882.11	35563
71.68794	635.5	65.8125	155.0	0.49554962	156882.11	35563
64.82991	327.75	120.5	139.125	0.49554962	156882.11	35563
47.640907	501.25	78.5	149.875	0.49554962	156882.11	35563
179.09204	384.5	158.5	180.75	0.49554962	156882.11	35563
325.34195	848.0	88.75	157.375	0.49554962	156882.11	35563
139.31459	630.5	72.5625	28.03125	0.49554962	156882.11	35563
616.5855	542.5	56.15625	173.375	0.49554962	156882.11	35563
370.7234	493.5	109.875	166.25	-0.49554962	156882.11	35563
112.78325	556.0	72.5625	147.75	0.49554962	156882.11	35563
135.7518	335.5	91.8125	139.0	0.49554962	156882.11	35563
82.70198	365.0	77.625	131.875	-0.49554962	156882.11	35563
108.451	309.75	148.875	143.25	-0.49554962	156882.11	35563
103.86475	345.5	82.4375	92.75	0.49554962	156882.11	35563
241.01682	344.75	66.0	155.5	0.49554962	156882.11	35563
85.38862	361.75	121.4375	133.375	0.49554962	156882.11	35563
40.41841	486.25	82.4375	177.125	-0.49554962	156882.11	35563
166.78323	697.5	125.6875	199.75	0.49554962	156882.11	35563
163.42343	333.0	58.4375	111.5	0.49554962	156882.11	35563
397.0373	392.5	124.6875	168.75	0.49554962	156882.11	35563
86.21679	311.5	64.5625	131.625	0.49554962	156882.11	35563
90.84484	472.75	91.9375	172.625	-0.49554962	156882.11	35563
162.5094	220.75	107.9375	120.375	0.49554962	156882.11	35563
59.685577	764.0	109.3125	66.75	-0.49554962	156882.11	35563
194.50188	328.75	110.375	144.75	-0.49554962	156882.11	35563
50.45623	577.0	130.75	0.9980469	0.49554962	156882.11	35563
186.36688	570.5	72.75	173.125	-0.49554962	156882.11	35563
336.38953	486.75	103.0	187.25	0.49554962	156882.11	35563
135.13689	425.0	109.125	90.6875	0.49554962	156882.11	35563
71.51013	659.5	172.875	228.625	0.49554962	156882.11	35563
375.26892	507.5	93.6875	179.875	-0.49554962	156882.11	35563
128.66562	320.75	63.9375	138.875	-0.49554962	156882.11	35563
122.31473	449.25	66.5	155.125	-0.49554962	156882.11	35563
223.68936	494.75	147.375	179.25	0.49554962	156882.11	35563
174.53122	608.5	95.6875	182.625	0.49554962	156882.11	35563
139.75386	579.0	153.75	181.0	0.49554962	156882.11	35563
185.99625	405.0	121.3125	167.75	-0.49554962	156882.11	35563
54.40148	304.25	71.8125	140.375	0.49554962	156882.11	35563
201.75673	498.25	57.03125	157.0	0.49554962	156882.11	35563
254.2985	571.0	141.125	175.75	0.49554962	156882.11	35563
157.02318	325.25	75.625	127.3125	-0.49554962	156882.11	35563
204.22986	328.5	83.3125	139.125	0.49554962	156882.11	35563
150.22075	406.0	80.0625	184.25	0.49554962	156882.11	35563
248.82436	528.5	69.3125	204.5	0.49554962	156882.11	35563
195.45	674.5	174.875	179.5	0.49554962	156882.11	35563
237.77559	836.5	135.75	12.4375	0.49554962	156882.11	35563
120.647964	863.5	75.375	242.875	0.49554962	156882.11	35563
182.98332	575.0	83.3125	192.0	0.49554962	156882.11	35563
452.5557	399.0	82.625	172.375	0.49554962	156882.11	35563
86.158455	545.0	110.6875	187.25	0.49554962	156882.11	35563
179.75659	551.0	101.5625	154.625	0.49554962	156882.11	35563
368.54288	433.25	88.75	139.625	-0.49554962	156882.11	35563
99.783356	436.0	129.5	173.75	-0.49554962	156882.11	35563
207.473	440.25	113.6875	179.5	0.49554962	156882.11	35563
108.87405	305.25	124.125	138.0	0.49554962	156882.11	35563
117.46672	409.75	55.375	89.75	-0.49554962	156882.11	35563
443.16937	607.0	124.625	184.375	0.49554962	156882.11	35563
96.60678	201.375	155.75	93.75	0.49554962	156882.11	35563
231.34848	371.0	81.0625	167.375	0.49554962	156882.11	35563
75.74241	535.5	129.5	20.765625	0.49554962	156882.11	35563
308.64526	624.0	91.625	99.1875	0.49554962	156882.11	35563
537.7821	778.0	170.25	306.75	0.49554962	156882.11	35563
361.4105	304.25	107.0	138.125	-0.49554962	156882.11	35563
618.6236	483.5	105.1875	171.25	0.49554962	156882.11	35563
444.5877	466.5	92.5625	170.25	0.49554962	156882.11	35563
144.42644	475.75	164.375	177.75	0.49554962	156882.11	35563
223.11426	267.0	80.375	85.5625	0.49554962	156882.11	35563
96.8593	471.0	68.375	170.25	-0.49554962	156882.11	35563
68.68023	509.25	153.0	171.875	0.49554962	156882.11	35563
191.23819	655.0	64.3125	195.5	0.49554962	156882.11	35563
349.71127	356.25	55.34375	87.125	-0.49554962	156882.11	35563
