lep_pt	AK8_pt	AK4_pt	M_sd	genWeights	sumWeight	N_exp
238.49387	300.25	47.65625	86.25	0.49554962	209628.39	35563
77.504715	433.75	154.375	159.375	0.49554962	209628.39	35563
79.03921	216.875	90.375	102.875	-0.49554962	209628.39	35563
291.72134	386.25	72.75	102.875	-0.49554962	209628.39	35563
166.1011	496.5	83.5	178.25	-0.49554962	209628.39	35563
249.28415	221.5	96.6875	87.8125	0.49554962	209628.39	35563
129.39641	437.5	175.875	192.125	0.49554962	209628.39	35563
90.41365	414.75	136.5	133.5	0.49554962	209628.39	35563
146.31558	512.5	152.75	196.125	0.49554962	209628.39	35563
66.2296	346.25	131.875	132.375	0.49554962	209628.39	35563
126.45044	292.25	29.5625	112.625	0.49554962	209628.39	35563
86.66746	443.75	93.3125	181.875	0.49554962	209628.39	35563
186.73611	295.5	89.3125	116.0625	0.49554962	209628.39	35563
187.83398	422.0	112.625	153.125	0.49554962	209628.39	35563
56.093647	349.0	108.125	165.625	-0.49554962	209628.39	35563
367.9818	501.5	139.0	184.125	0.49554962	209628.39	35563
262.25797	382.25	119.375	110.5625	0.49554962	209628.39	35563
102.91527	409.25	62.78125	172.375	-0.49554962	209628.39	35563
65.75804	551.5	72.875	198.0	0.49554962	209628.39	35563
42.03509	255.875	52.90625	78.5625	-0.49554962	209628.39	35563
127.024605	408.5	138.125	171.125	0.49554962	209628.39	35563
163.42061	488.25	63.65625	90.625	-0.49554962	209628.39	35563
197.06607	249.625	94.875	128.125	0.49554962	209628.39	35563
216.6324	212.125	111.9375	100.3125	0.49554962	209628.39	35563
479.2688	642.0	78.9375	196.375	0.49554962	209628.39	35563
121.91674	380.0	66.875	124.75	-0.49554962	209628.39	35563
71.07184	635.0	90.6875	180.625	0.49554962	209628.39	35563
97.40506	383.5	114.3125	134.25	0.49554962	209628.39	35563
79.271164	263.25	73.5625	111.125	-0.49554962	209628.39	35563
57.41556	233.0	93.1875	98.8125	0.49554962	209628.39	35563
664.1072	648.0	38.5	45.4375	0.49554962	209628.39	35563
39.99836	434.25	146.375	167.125	0.49554962	209628.39	35563
72.58668	380.75	137.625	132.875	0.49554962	209628.39	35563
210.17169	440.5	47.65625	141.0	0.49554962	209628.39	35563
117.30378	488.25	57.0625	97.5625	0.49554962	209628.39	35563
163.99854	363.5	129.375	163.5	0.49554962	209628.39	35563
104.62758	282.5	132.375	116.1875	0.49554962	209628.39	35563
162.8387	468.0	127.8125	204.5	-0.49554962	209628.39	35563
157.44443	284.75	130.875	111.8125	0.49554962	209628.39	35563
202.60123	477.5	130.5	176.0	0.49554962	209628.39	35563
172.55801	306.0	88.5	68.9375	0.49554962	209628.39	35563
174.84134	449.5	74.1875	121.375	0.49554962	209628.39	35563
101.70556	487.75	120.875	153.5	-0.49554962	209628.39	35563
606.8406	565.0	81.0625	192.75	-0.49554962	209628.39	35563
95.228325	522.5	89.1875	148.25	-0.49554962	209628.39	35563
115.3001	354.25	120.625	144.25	-0.49554962	209628.39	35563
97.13409	649.0	68.875	1.9521484	0.49554962	209628.39	35563
275.764	520.5	211.75	102.0625	0.49554962	209628.39	35563
263.06464	336.75	112.375	108.0625	-0.49554962	209628.39	35563
162.54897	338.75	109.6875	166.75	-0.49554962	209628.39	35563
62.539497	726.0	49.0625	145.625	0.49554962	209628.39	35563
263.65082	301.75	69.875	134.875	0.49554962	209628.39	35563
210.68167	468.5	81.5625	166.5	0.49554962	209628.39	35563
279.96683	800.5	134.5	217.75	0.49554962	209628.39	35563
157.95436	575.5	155.5	165.75	0.49554962	209628.39	35563
92.07898	251.375	70.125	94.625	0.49554962	209628.39	35563
668.69885	544.0	82.375	160.125	0.49554962	209628.39	35563
143.4882	257.0	39.125	127.6875	0.49554962	209628.39	35563
107.09834	410.25	49.46875	122.0625	0.49554962	209628.39	35563
571.3459	678.5	69.5	74.25	0.49554962	209628.39	35563
285.15326	453.25	97.875	217.75	-0.49554962	209628.39	35563
363.15622	235.125	133.5	92.4375	-0.49554962	209628.39	35563
45.992634	406.25	93.375	118.5625	0.49554962	209628.39	35563
114.808914	287.5	52.375	80.3125	0.49554962	209628.39	35563
142.62885	662.0	224.875	264.25	-0.49554962	209628.39	35563
202.78162	459.75	129.125	191.75	0.49554962	209628.39	35563
265.20798	469.0	46.65625	106.9375	-0.49554962	209628.39	35563
75.488655	273.25	119.4375	100.0	0.49554962	209628.39	35563
149.73788	254.5	128.0	76.0625	-0.49554962	209628.39	35563
99.70334	369.5	92.875	59.65625	-0.49554962	209628.39	35563
111.14804	454.25	78.375	175.0	-0.49554962	209628.39	35563
310.25378	581.0	160.5	118.6875	0.49554962	209628.39	35563
144.19179	279.25	82.625	82.4375	0.49554962	209628.39	35563
212.97493	193.0	116.875	35.21875	0.49554962	209628.39	35563
270.2767	527.0	62.09375	185.0	0.49554962	209628.39	35563
136.91936	257.0	111.0	121.75	0.49554962	209628.39	35563
252.16791	425.75	92.9375	117.625	0.49554962	209628.39	35563
83.06899	408.5	86.5	113.5625	0.49554962	209628.39	35563
125.94958	331.75	119.75	131.125	-0.49554962	209628.39	35563
82.670105	520.5	48.5625	182.625	0.49554962	209628.39	35563
335.32507	706.5	58.8125	96.6875	0.49554962	209628.39	35563
194.8824	270.5	128.375	94.75	0.49554962	209628.39	35563
170.94891	302.5	66.1875	127.8125	0.49554962	209628.39	35563
57.403347	504.25	97.0	190.75	-0.49554962	209628.39	35563
496.7701	700.5	97.5625	258.75	0.49554962	209628.39	35563
109.07126	186.125	67.5625	93.8125	0.49554962	209628.39	35563
107.69535	317.0	141.25	143.0	-0.49554962	209628.39	35563
155.3685	361.5	73.375	147.25	0.49554962	209628.39	35563
114.27949	251.75	130.625	55.53125	-0.49554962	209628.39	35563
53.719788	357.75	172.125	145.75	0.49554962	209628.39	35563
242.64902	459.5	101.5625	163.75	0.49554962	209628.39	35563
59.113758	218.625	84.75	86.6875	-0.49554962	209628.39	35563
433.36447	397.75	108.8125	155.375	-0.49554962	209628.39	35563
59.400658	188.625	57.21875	78.875	0.49554962	209628.39	35563
268.78458	423.0	64.0625	151.5	0.49554962	209628.39	35563
129.83015	273.0	73.0625	93.6875	0.49554962	209628.39	35563
77.42708	242.5	82.3125	0.8261719	-0.49554962	209628.39	35563
137.33345	764.0	68.625	90.875	0.49554962	209628.39	35563
83.172646	372.75	90.1875	143.25	0.49554962	209628.39	35563
48.418346	316.75	50.09375	131.375	0.49554962	209628.39	35563
218.1488	481.5	243.0	228.875	0.49554962	209628.39	35563
874.84015	977.5	126.4375	314.5	0.49554962	209628.39	35563
202.77925	205.375	84.25	84.375	0.49554962	209628.39	35563
89.87387	231.5	88.625	98.0625	0.49554962	209628.39	35563
87.25864	400.0	81.8125	152.0	0.49554962	209628.39	35563
66.79826	244.25	69.5	94.1875	0.49554962	209628.39	35563
159.20044	337.5	138.75	139.0	0.49554962	209628.39	35563
95.31536	302.75	78.0	108.0625	-0.49554962	209628.39	35563
319.53046	385.75	114.4375	125.0625	0.49554962	209628.39	35563
383.76068	269.25	90.0	109.25	-0.49554962	209628.39	35563
54.474926	339.75	51.375	86.875	0.49554962	209628.39	35563
231.63725	264.25	75.6875	115.125	0.49554962	209628.39	35563
223.22641	813.5	147.25	354.25	-0.49554962	209628.39	35563
220.25252	254.125	78.125	100.3125	-0.49554962	209628.39	35563
216.93626	274.5	110.6875	109.125	0.49554962	209628.39	35563
64.90382	436.5	183.625	199.0	0.49554962	209628.39	35563
92.80859	473.75	161.25	184.375	0.49554962	209628.39	35563
118.880516	555.0	88.25	165.0	0.49554962	209628.39	35563
314.9348	265.75	47.65625	78.9375	0.49554962	209628.39	35563
87.538246	332.5	150.0	133.125	0.49554962	209628.39	35563
119.46027	338.5	68.1875	82.0625	0.49554962	209628.39	35563
217.31726	299.0	51.6875	156.625	-0.49554962	209628.39	35563
209.06752	445.25	101.8125	133.75	0.49554962	209628.39	35563
98.62968	480.0	73.1875	192.875	-0.49554962	209628.39	35563
90.5382	236.625	104.9375	108.1875	0.49554962	209628.39	35563
140.22357	396.75	119.5	139.0	0.49554962	209628.39	35563
357.735	490.75	196.375	264.25	-0.49554962	209628.39	35563
537.5024	532.0	124.4375	27.09375	0.49554962	209628.39	35563
245.00009	504.75	104.75	186.375	0.49554962	209628.39	35563
412.5301	299.25	138.25	102.625	-0.49554962	209628.39	35563
180.00456	427.75	90.0625	141.25	0.49554962	209628.39	35563
102.46398	287.75	134.75	120.6875	0.49554962	209628.39	35563
152.2696	327.0	47.03125	124.3125	-0.49554962	209628.39	35563
126.41169	277.25	117.1875	97.625	0.49554962	209628.39	35563
154.64693	458.25	70.4375	181.375	0.49554962	209628.39	35563
125.22648	927.0	128.125	87.5625	-0.49554962	209628.39	35563
87.32745	347.25	53.90625	98.8125	0.49554962	209628.39	35563
69.24651	689.5	109.5625	77.3125	0.49554962	209628.39	35563
43.195454	240.5	85.3125	91.625	0.49554962	209628.39	35563
418.37796	509.5	152.25	188.0	0.49554962	209628.39	35563
87.96593	211.875	45.625	94.25	-0.49554962	209628.39	35563
208.10503	540.0	110.875	191.0	-0.49554962	209628.39	35563
292.15536	625.5	85.0	167.875	0.49554962	209628.39	35563
451.9312	418.25	68.625	112.1875	0.49554962	209628.39	35563
134.43843	291.5	114.0	40.6875	0.49554962	209628.39	35563
114.433174	338.25	44.25	78.3125	-0.49554962	209628.39	35563
89.06588	364.75	161.25	135.0	-0.49554962	209628.39	35563
195.21376	485.25	59.71875	144.875	-0.49554962	209628.39	35563
174.8579	383.25	88.375	127.25	0.49554962	209628.39	35563
60.892204	292.25	66.125	84.0625	-0.49554962	209628.39	35563
77.03334	427.5	121.9375	200.5	-0.49554962	209628.39	35563
123.50237	269.5	45.0	93.0	0.49554962	209628.39	35563
590.27136	236.375	121.5625	84.125	0.49554962	209628.39	35563
191.96548	225.25	33.78125	87.375	0.49554962	209628.39	35563
456.1631	298.75	74.0625	106.75	0.49554962	209628.39	35563
68.61805	546.5	147.625	173.0	0.49554962	209628.39	35563
174.43263	346.0	67.25	146.5	0.49554962	209628.39	35563
115.79557	341.0	58.125	89.5625	0.49554962	209628.39	35563
412.43756	481.25	163.5	194.75	0.49554962	209628.39	35563
66.146866	438.75	169.0	195.875	0.49554962	209628.39	35563
133.85693	268.5	70.1875	69.3125	-0.49554962	209628.39	35563
105.430885	440.0	122.4375	190.75	0.49554962	209628.39	35563
267.23206	317.75	54.96875	112.375	-0.49554962	209628.39	35563
125.55131	484.25	132.0	175.5	0.49554962	209628.39	35563
123.58313	267.25	45.3125	99.1875	0.49554962	209628.39	35563
129.26466	413.5	100.3125	157.0	0.49554962	209628.39	35563
114.81313	309.25	110.1875	3.8242188	0.49554962	209628.39	35563
88.993256	346.75	92.375	120.3125	0.49554962	209628.39	35563
309.59857	419.5	155.5	184.75	0.49554962	209628.39	35563
112.19792	283.75	86.375	87.9375	-0.49554962	209628.39	35563
212.69572	579.5	72.8125	177.5	0.49554962	209628.39	35563
109.03827	275.25	62.625	114.8125	0.49554962	209628.39	35563
219.89612	382.0	35.0625	142.75	0.49554962	209628.39	35563
131.37065	251.0	104.8125	118.0625	0.49554962	209628.39	35563
98.04928	222.375	60.65625	85.0	0.49554962	209628.39	35563
97.48978	265.5	66.125	11.2109375	-0.49554962	209628.39	35563
438.388	499.0	80.9375	154.0	-0.49554962	209628.39	35563
347.3483	552.5	75.9375	195.5	0.49554962	209628.39	35563
78.46221	238.0	85.9375	107.375	-0.49554962	209628.39	35563
149.43068	312.0	133.75	123.5625	0.49554962	209628.39	35563
81.92393	217.875	50.125	88.625	0.49554962	209628.39	35563
138.71198	332.25	110.125	121.0	0.49554962	209628.39	35563
114.37997	405.25	121.25	161.625	0.49554962	209628.39	35563
197.51103	200.5	47.46875	85.75	0.49554962	209628.39	35563
221.27565	437.0	118.125	158.25	0.49554962	209628.39	35563
159.04893	297.25	60.96875	109.0	0.49554962	209628.39	35563
182.24922	397.25	143.0	177.875	0.49554962	209628.39	35563
286.11444	256.25	45.34375	124.5625	0.49554962	209628.39	35563
156.26506	344.75	113.4375	134.0	0.49554962	209628.39	35563
85.3658	303.25	64.3125	117.5	0.49554962	209628.39	35563
114.7284	316.25	47.78125	87.75	0.49554962	209628.39	35563
47.485752	563.0	120.3125	183.5	0.49554962	209628.39	35563
148.54155	424.75	90.375	99.6875	0.49554962	209628.39	35563
147.12508	269.5	40.96875	111.5625	0.49554962	209628.39	35563
215.52571	512.5	97.8125	187.625	0.49554962	209628.39	35563
146.87143	877.0	161.125	176.5	-0.49554962	209628.39	35563
163.0819	400.5	117.4375	182.75	-0.49554962	209628.39	35563
169.72437	308.0	89.8125	115.8125	0.49554962	209628.39	35563
162.15099	258.5	45.71875	101.625	0.49554962	209628.39	35563
152.5832	400.0	53.875	156.5	0.49554962	209628.39	35563
372.10077	330.75	105.9375	101.25	0.49554962	209628.39	35563
194.31229	404.75	126.3125	183.875	0.49554962	209628.39	35563
70.98967	375.0	134.25	155.125	0.49554962	209628.39	35563
138.45183	442.0	68.125	77.9375	-0.49554962	209628.39	35563
517.5728	734.0	86.3125	156.25	0.49554962	209628.39	35563
74.92659	640.5	47.03125	149.125	-0.49554962	209628.39	35563
102.53597	223.125	136.125	99.0625	0.49554962	209628.39	35563
346.8078	654.0	71.6875	83.0	0.49554962	209628.39	35563
67.15126	569.0	135.125	177.875	0.49554962	209628.39	35563
153.90637	331.5	92.25	143.25	0.49554962	209628.39	35563
90.04254	258.25	35.9375	79.25	0.49554962	209628.39	35563
327.84784	342.25	85.25	70.4375	0.49554962	209628.39	35563
47.313885	237.25	33.71875	89.8125	-0.49554962	209628.39	35563
106.70794	256.5	111.375	119.6875	0.49554962	209628.39	35563
112.912056	444.5	70.5625	168.875	0.49554962	209628.39	35563
187.13567	240.375	125.4375	117.75	0.49554962	209628.39	35563
106.5727	499.75	67.0	77.0	-0.49554962	209628.39	35563
258.29776	383.0	166.5	154.5	0.49554962	209628.39	35563
187.46706	875.0	158.5	299.25	-0.49554962	209628.39	35563
45.034065	195.625	36.4375	54.0	-0.49554962	209628.39	35563
71.69171	453.5	62.03125	138.75	0.49554962	209628.39	35563
256.96732	567.0	94.0	176.25	-0.49554962	209628.39	35563
282.399	416.25	59.03125	152.125	0.49554962	209628.39	35563
182.1117	431.25	137.625	202.5	0.49554962	209628.39	35563
108.30835	1494.0	285.25	491.0	0.49554962	209628.39	35563
122.631386	287.5	61.65625	111.1875	-0.49554962	209628.39	35563
36.066036	181.75	96.125	-1.0	0.49554962	209628.39	35563
267.21396	694.0	78.25	161.25	-0.49554962	209628.39	35563
130.35503	326.75	53.34375	111.5	0.49554962	209628.39	35563
87.6569	423.0	115.8125	209.5	-0.49554962	209628.39	35563
84.06607	387.75	137.25	152.875	-0.49554962	209628.39	35563
129.40248	488.5	121.3125	141.375	0.49554962	209628.39	35563
81.21411	551.0	97.5625	41.71875	0.49554962	209628.39	35563
313.05545	414.5	101.5625	157.75	-0.49554962	209628.39	35563
107.20175	253.0	153.375	103.5	-0.49554962	209628.39	35563
164.86299	203.875	60.8125	89.5	0.49554962	209628.39	35563
189.75156	355.0	56.71875	89.8125	0.49554962	209628.39	35563
94.407196	380.0	137.625	182.875	0.49554962	209628.39	35563
276.137	452.25	82.5	161.625	0.49554962	209628.39	35563
84.30779	253.5	96.125	68.125	0.49554962	209628.39	35563
402.60776	392.75	51.90625	142.0	0.49554962	209628.39	35563
92.47739	431.25	74.5	160.375	-0.49554962	209628.39	35563
108.12406	277.75	94.0625	128.625	-0.49554962	209628.39	35563
100.82891	385.0	130.75	184.125	0.49554962	209628.39	35563
217.74197	621.5	68.9375	85.75	0.49554962	209628.39	35563
140.57193	398.0	83.625	141.0	0.49554962	209628.39	35563
663.0821	381.0	60.78125	125.0	0.49554962	209628.39	35563
338.20715	339.25	116.5	129.25	0.49554962	209628.39	35563
143.01964	320.75	88.5625	124.875	-0.49554962	209628.39	35563
256.45245	419.25	119.125	130.0	0.49554962	209628.39	35563
48.237724	305.75	54.875	64.625	0.49554962	209628.39	35563
222.32419	613.5	87.3125	180.5	-0.49554962	209628.39	35563
427.0704	508.25	53.0625	136.25	0.49554962	209628.39	35563
68.39979	484.75	108.3125	117.0625	0.49554962	209628.39	35563
78.89588	305.75	53.28125	74.875	0.49554962	209628.39	35563
493.62973	675.0	220.625	270.5	0.49554962	209628.39	35563
89.98857	446.0	59.875	87.8125	0.49554962	209628.39	35563
448.44217	305.5	122.75	110.5625	0.49554962	209628.39	35563
88.95514	354.75	119.0625	164.125	0.49554962	209628.39	35563
163.0375	288.25	55.25	125.1875	0.49554962	209628.39	35563
57.70008	272.0	101.8125	120.1875	0.49554962	209628.39	35563
78.05144	253.25	143.5	90.6875	-0.49554962	209628.39	35563
122.48288	222.75	76.1875	89.3125	-0.49554962	209628.39	35563
84.87913	389.25	132.125	122.1875	0.49554962	209628.39	35563
275.53278	564.0	61.84375	245.125	-0.49554962	209628.39	35563
392.90298	416.0	147.375	166.75	0.49554962	209628.39	35563
242.43964	684.0	51.59375	196.875	-0.49554962	209628.39	35563
80.47384	531.5	80.3125	103.125	0.49554962	209628.39	35563
65.27352	708.0	233.5	239.75	0.49554962	209628.39	35563
271.6282	635.5	248.625	330.0	0.49554962	209628.39	35563
237.18826	504.25	96.9375	138.25	0.49554962	209628.39	35563
236.0573	507.25	46.28125	171.625	-0.49554962	209628.39	35563
152.62938	220.5	86.8125	97.25	0.49554962	209628.39	35563
109.25109	370.25	54.90625	120.3125	0.49554962	209628.39	35563
200.19817	192.875	122.8125	69.5	0.49554962	209628.39	35563
58.409607	313.75	46.59375	92.0625	0.49554962	209628.39	35563
156.35675	319.75	52.15625	29.453125	-0.49554962	209628.39	35563
96.00505	340.5	88.75	97.375	0.49554962	209628.39	35563
225.37146	240.375	93.0	110.25	-0.49554962	209628.39	35563
108.33653	436.5	146.5	170.625	0.49554962	209628.39	35563
195.31963	478.0	87.3125	150.125	0.49554962	209628.39	35563
61.55867	359.5	64.8125	110.0625	-0.49554962	209628.39	35563
129.5671	257.5	63.84375	112.1875	0.49554962	209628.39	35563
250.85742	540.0	58.15625	148.375	-0.49554962	209628.39	35563
189.82245	318.75	131.25	138.0	-0.49554962	209628.39	35563
113.47317	375.0	89.4375	135.0	-0.49554962	209628.39	35563
123.93031	235.25	127.625	44.625	-0.49554962	209628.39	35563
323.1937	419.0	52.25	126.5625	0.49554962	209628.39	35563
83.78403	420.5	147.625	145.75	-0.49554962	209628.39	35563
252.7942	460.5	217.125	215.625	0.49554962	209628.39	35563
126.702705	342.25	98.875	153.0	-0.49554962	209628.39	35563
145.74382	249.125	96.1875	101.8125	0.49554962	209628.39	35563
83.17667	399.25	61.375	172.0	-0.49554962	209628.39	35563
84.51245	378.0	190.75	176.0	0.49554962	209628.39	35563
65.12028	387.0	146.75	206.25	0.49554962	209628.39	35563
129.50069	416.0	72.625	166.75	0.49554962	209628.39	35563
85.9855	417.25	69.625	149.375	-0.49554962	209628.39	35563
197.41048	438.0	64.4375	182.5	0.49554962	209628.39	35563
114.34085	316.75	99.5625	154.0	0.49554962	209628.39	35563
88.54588	269.75	28.8125	98.625	0.49554962	209628.39	35563
138.77687	565.0	137.5	192.5	0.49554962	209628.39	35563
332.3971	543.0	192.0	213.75	-0.49554962	209628.39	35563
84.05649	188.625	36.3125	83.1875	0.49554962	209628.39	35563
110.60892	362.0	103.875	138.125	0.49554962	209628.39	35563
323.98254	395.25	46.875	124.25	0.49554962	209628.39	35563
192.43053	441.5	123.9375	193.0	0.49554962	209628.39	35563
171.90704	270.25	94.8125	104.4375	0.49554962	209628.39	35563
118.52965	383.75	92.0	163.625	0.49554962	209628.39	35563
266.6294	254.625	127.3125	120.8125	0.49554962	209628.39	35563
97.09942	727.0	72.0625	236.625	-0.49554962	209628.39	35563
53.266594	492.5	145.75	153.25	0.49554962	209628.39	35563
284.04047	429.75	135.375	184.5	-0.49554962	209628.39	35563
104.200836	274.25	68.875	94.25	-0.49554962	209628.39	35563
295.95416	265.25	81.0	117.0625	-0.49554962	209628.39	35563
432.799	428.25	95.75	168.75	-0.49554962	209628.39	35563
363.8041	418.75	75.9375	125.25	0.49554962	209628.39	35563
191.13142	546.0	162.375	116.3125	0.49554962	209628.39	35563
49.83164	604.5	75.625	33.1875	0.49554962	209628.39	35563
122.400055	349.75	165.875	172.25	-0.49554962	209628.39	35563
117.040726	303.0	46.125	116.375	0.49554962	209628.39	35563
79.20174	202.375	55.71875	98.5625	-0.49554962	209628.39	35563
318.47693	350.0	126.125	144.25	0.49554962	209628.39	35563
409.25238	531.5	157.125	173.625	-0.49554962	209628.39	35563
160.01024	369.5	47.8125	63.84375	-0.49554962	209628.39	35563
191.06233	421.0	107.5	204.375	0.49554962	209628.39	35563
147.29955	229.625	62.71875	82.0	0.49554962	209628.39	35563
211.90039	563.5	50.6875	130.625	0.49554962	209628.39	35563
86.005936	403.0	83.625	135.5	-0.49554962	209628.39	35563
299.55566	328.5	51.875	132.75	0.49554962	209628.39	35563
91.31939	328.5	79.625	147.625	0.49554962	209628.39	35563
345.53918	477.75	96.5625	120.375	-0.49554962	209628.39	35563
242.12569	429.5	116.875	88.5625	0.49554962	209628.39	35563
122.2048	404.25	93.0625	74.9375	0.49554962	209628.39	35563
127.33639	369.5	143.875	98.125	-0.49554962	209628.39	35563
141.36346	447.0	138.875	210.625	0.49554962	209628.39	35563
289.6836	319.25	108.375	137.625	0.49554962	209628.39	35563
177.99684	276.0	54.28125	111.625	0.49554962	209628.39	35563
106.576195	326.25	49.15625	126.125	-0.49554962	209628.39	35563
69.255455	580.0	72.0	140.375	0.49554962	209628.39	35563
209.56566	361.5	62.09375	172.0	0.49554962	209628.39	35563
60.629845	330.0	55.25	83.5	0.49554962	209628.39	35563
54.944935	365.75	134.375	157.125	0.49554962	209628.39	35563
38.739388	367.5	68.9375	118.6875	0.49554962	209628.39	35563
129.88417	514.5	89.75	103.4375	0.49554962	209628.39	35563
112.406944	220.5	64.8125	63.09375	-0.49554962	209628.39	35563
132.21936	238.75	147.25	84.25	0.49554962	209628.39	35563
55.756554	304.75	36.0	3.4746094	0.49554962	209628.39	35563
200.28688	330.5	97.3125	148.5	0.49554962	209628.39	35563
66.26404	304.75	56.5625	127.3125	0.49554962	209628.39	35563
107.36732	679.0	121.3125	174.5	0.49554962	209628.39	35563
201.13765	461.5	51.09375	135.75	0.49554962	209628.39	35563
78.78634	440.0	62.96875	106.625	-0.49554962	209628.39	35563
348.34662	539.0	124.5	225.25	0.49554962	209628.39	35563
149.8321	255.75	96.9375	107.8125	0.49554962	209628.39	35563
197.04828	688.5	142.75	142.75	-0.49554962	209628.39	35563
133.95667	283.75	95.25	111.3125	0.49554962	209628.39	35563
279.82108	218.25	97.6875	110.5	0.49554962	209628.39	35563
254.21411	268.0	114.9375	92.375	0.49554962	209628.39	35563
141.27007	197.875	68.5625	82.25	-0.49554962	209628.39	35563
273.0097	887.5	153.75	205.5	0.49554962	209628.39	35563
439.6138	778.5	148.625	119.0	-0.49554962	209628.39	35563
133.09549	213.75	36.4375	82.375	-0.49554962	209628.39	35563
40.940422	187.5	96.25	-1.0	0.49554962	209628.39	35563
67.407486	311.0	127.9375	102.625	0.49554962	209628.39	35563
110.75864	316.75	47.28125	130.25	0.49554962	209628.39	35563
144.33615	199.0	98.3125	45.9375	-0.49554962	209628.39	35563
204.02733	511.25	102.6875	179.125	0.49554962	209628.39	35563
307.98682	439.5	144.875	173.375	0.49554962	209628.39	35563
136.64421	273.5	93.75	116.3125	-0.49554962	209628.39	35563
117.66634	638.0	93.9375	150.75	0.49554962	209628.39	35563
156.11826	258.5	96.6875	107.5625	0.49554962	209628.39	35563
183.30623	363.75	86.5625	153.5	0.49554962	209628.39	35563
111.933945	395.5	119.5625	192.625	0.49554962	209628.39	35563
262.01602	320.5	65.0625	128.5	-0.49554962	209628.39	35563
212.722	563.5	76.9375	144.625	0.49554962	209628.39	35563
94.56142	323.75	104.5625	110.125	0.49554962	209628.39	35563
249.06163	666.0	103.375	196.25	0.49554962	209628.39	35563
206.1812	488.0	165.0	144.75	0.49554962	209628.39	35563
144.61946	244.0	91.875	79.8125	-0.49554962	209628.39	35563
49.60226	291.75	52.5625	126.1875	-0.49554962	209628.39	35563
72.2563	204.75	121.0625	67.1875	0.49554962	209628.39	35563
205.21228	346.25	119.875	118.25	0.49554962	209628.39	35563
246.94681	255.875	58.90625	108.75	0.49554962	209628.39	35563
116.878586	331.0	95.1875	113.25	0.49554962	209628.39	35563
183.33286	267.0	52.1875	135.5	-0.49554962	209628.39	35563
80.37783	277.25	121.4375	105.1875	-0.49554962	209628.39	35563
253.06305	575.5	165.625	201.25	0.49554962	209628.39	35563
46.814304	376.0	119.25	134.5	0.49554962	209628.39	35563
84.601715	420.5	107.0625	163.375	0.49554962	209628.39	35563
198.51761	293.75	128.75	116.875	-0.49554962	209628.39	35563
442.72128	780.5	130.625	170.625	0.49554962	209628.39	35563
62.020657	562.0	37.59375	122.5	0.49554962	209628.39	35563
93.10765	368.25	126.0	135.875	0.49554962	209628.39	35563
218.29721	250.125	70.0	96.9375	-0.49554962	209628.39	35563
113.546936	498.5	78.9375	114.4375	0.49554962	209628.39	35563
157.40822	320.0	123.875	92.0	-0.49554962	209628.39	35563
64.03671	310.25	146.125	128.625	0.49554962	209628.39	35563
171.16159	357.0	65.125	108.25	0.49554962	209628.39	35563
342.21237	506.0	117.0625	182.625	-0.49554962	209628.39	35563
372.74054	294.75	51.21875	121.0	-0.49554962	209628.39	35563
221.167	425.25	78.125	164.875	0.49554962	209628.39	35563
80.3234	405.25	70.8125	92.1875	0.49554962	209628.39	35563
360.10263	470.5	73.9375	161.875	-0.49554962	209628.39	35563
56.0567	458.25	145.875	195.75	0.49554962	209628.39	35563
163.93434	213.5	155.125	92.875	0.49554962	209628.39	35563
278.83365	432.25	137.875	119.8125	0.49554962	209628.39	35563
165.31215	484.5	118.8125	176.125	0.49554962	209628.39	35563
88.041985	399.75	162.5	163.625	-0.49554962	209628.39	35563
250.21861	373.75	84.25	142.125	0.49554962	209628.39	35563
294.9838	574.5	123.75	192.125	0.49554962	209628.39	35563
412.8523	554.0	73.0625	151.125	-0.49554962	209628.39	35563
90.5144	296.25	133.5	120.5	0.49554962	209628.39	35563
231.92342	401.25	77.0	104.125	0.49554962	209628.39	35563
341.31046	557.5	99.0625	274.0	-0.49554962	209628.39	35563
100.64868	459.0	126.25	173.625	0.49554962	209628.39	35563
187.03261	405.0	138.625	173.0	0.49554962	209628.39	35563
103.56867	380.25	69.3125	124.0625	-0.49554962	209628.39	35563
142.97815	386.0	63.625	127.75	0.49554962	209628.39	35563
204.5868	315.5	99.125	120.4375	0.49554962	209628.39	35563
392.30493	573.5	92.5625	121.0625	0.49554962	209628.39	35563
96.691986	481.25	208.0	220.5	0.49554962	209628.39	35563
141.20854	301.75	124.625	70.6875	0.49554962	209628.39	35563
106.398315	504.75	104.875	241.0	0.49554962	209628.39	35563
162.85919	375.0	73.75	105.4375	-0.49554962	209628.39	35563
262.85764	483.5	52.875	156.5	0.49554962	209628.39	35563
219.13318	685.5	112.4375	172.5	0.49554962	209628.39	35563
167.21257	390.25	75.6875	165.75	0.49554962	209628.39	35563
150.53677	556.0	177.375	171.625	0.49554962	209628.39	35563
67.02376	478.0	77.125	183.375	0.49554962	209628.39	35563
240.84248	259.75	83.75	93.25	-0.49554962	209628.39	35563
162.46922	301.75	54.125	90.1875	0.49554962	209628.39	35563
261.583	400.5	72.875	145.75	0.49554962	209628.39	35563
628.7088	741.5	60.4375	228.25	0.49554962	209628.39	35563
140.75293	467.0	52.09375	133.75	0.49554962	209628.39	35563
58.13336	385.25	118.0625	159.375	0.49554962	209628.39	35563
339.51068	495.0	97.875	110.8125	-0.49554962	209628.39	35563
150.50691	353.25	105.625	131.125	0.49554962	209628.39	35563
170.07715	424.0	131.25	171.75	0.49554962	209628.39	35563
208.6037	300.5	85.375	125.875	-0.49554962	209628.39	35563
411.17578	572.5	120.8125	149.875	-0.49554962	209628.39	35563
246.1131	319.75	86.4375	64.6875	0.49554962	209628.39	35563
177.78137	641.0	159.75	129.5	-0.49554962	209628.39	35563
260.84622	394.5	114.625	162.625	0.49554962	209628.39	35563
129.27925	503.25	175.375	192.25	0.49554962	209628.39	35563
272.79593	281.75	125.1875	108.75	0.49554962	209628.39	35563
173.81113	481.5	124.75	153.0	0.49554962	209628.39	35563
76.3351	453.5	163.75	144.25	0.49554962	209628.39	35563
35.38217	326.5	64.0	80.9375	0.49554962	209628.39	35563
54.19322	367.75	151.875	159.75	0.49554962	209628.39	35563
80.49717	363.5	110.0	145.125	0.49554962	209628.39	35563
118.806625	319.75	54.1875	137.375	0.49554962	209628.39	35563
264.51935	502.75	132.375	168.375	0.49554962	209628.39	35563
96.224815	531.0	130.5	1.1787109	0.49554962	209628.39	35563
265.1832	561.5	91.4375	144.0	0.49554962	209628.39	35563
203.93953	310.0	110.0	128.375	-0.49554962	209628.39	35563
209.41193	240.875	109.4375	12.4921875	-0.49554962	209628.39	35563
155.996	662.5	144.625	158.25	0.49554962	209628.39	35563
550.68274	485.5	124.0625	168.75	0.49554962	209628.39	35563
66.79711	207.5	143.125	94.4375	-0.49554962	209628.39	35563
473.18365	1269.0	113.1875	140.25	-0.49554962	209628.39	35563
181.25839	224.25	84.5	85.5625	0.49554962	209628.39	35563
129.30042	638.5	155.25	181.25	0.49554962	209628.39	35563
220.52136	278.75	125.0	123.875	0.49554962	209628.39	35563
80.648865	434.5	108.8125	157.375	-0.49554962	209628.39	35563
171.5209	560.5	96.6875	194.625	0.49554962	209628.39	35563
188.83907	294.5	104.0625	120.1875	-0.49554962	209628.39	35563
280.22266	401.75	52.40625	145.5	0.49554962	209628.39	35563
355.0748	835.0	113.1875	185.625	0.49554962	209628.39	35563
449.26294	573.5	58.9375	188.0	0.49554962	209628.39	35563
225.52585	238.375	95.125	112.875	0.49554962	209628.39	35563
110.2172	428.25	122.75	162.375	0.49554962	209628.39	35563
105.32827	308.25	89.0	88.875	-0.49554962	209628.39	35563
476.2353	638.5	37.375	173.75	0.49554962	209628.39	35563
240.02519	378.0	41.96875	115.75	0.49554962	209628.39	35563
93.789406	405.75	74.0625	134.625	-0.49554962	209628.39	35563
243.49234	275.5	145.875	106.9375	-0.49554962	209628.39	35563
314.1315	983.0	205.0	187.375	-0.49554962	209628.39	35563
255.29364	337.5	48.4375	84.9375	0.49554962	209628.39	35563
337.4803	398.75	136.875	77.0	0.49554962	209628.39	35563
188.2385	294.25	68.4375	114.75	-0.49554962	209628.39	35563
277.06882	255.0	58.09375	103.75	-0.49554962	209628.39	35563
118.79461	419.75	51.28125	175.875	0.49554962	209628.39	35563
301.01065	416.25	115.625	146.125	0.49554962	209628.39	35563
553.8214	907.5	92.5625	164.0	-0.49554962	209628.39	35563
67.28147	394.0	76.8125	152.625	0.49554962	209628.39	35563
211.85345	565.0	81.75	176.375	0.49554962	209628.39	35563
343.84625	267.25	80.3125	80.625	-0.49554962	209628.39	35563
76.89721	368.75	125.25	170.75	0.49554962	209628.39	35563
203.47104	528.5	202.625	172.25	-0.49554962	209628.39	35563
66.45396	377.5	41.34375	149.0	0.49554962	209628.39	35563
241.24731	353.5	69.25	131.75	0.49554962	209628.39	35563
326.6913	424.5	48.25	140.75	0.49554962	209628.39	35563
88.427505	352.0	33.34375	151.375	0.49554962	209628.39	35563
1238.3798	932.5	74.9375	177.125	0.49554962	209628.39	35563
49.43819	459.0	112.9375	216.5	-0.49554962	209628.39	35563
235.99458	489.5	114.3125	176.375	0.49554962	209628.39	35563
167.917	303.5	85.6875	128.5	0.49554962	209628.39	35563
91.64002	438.75	106.875	189.125	0.49554962	209628.39	35563
108.98853	235.75	50.78125	108.0625	0.49554962	209628.39	35563
125.94178	341.0	134.875	122.125	0.49554962	209628.39	35563
155.29156	190.625	66.5625	73.4375	0.49554962	209628.39	35563
147.58899	230.125	128.25	84.1875	0.49554962	209628.39	35563
115.91631	289.75	45.1875	102.25	0.49554962	209628.39	35563
47.977905	292.25	116.8125	126.8125	0.49554962	209628.39	35563
151.9978	398.25	130.0	184.0	0.49554962	209628.39	35563
125.66848	250.375	88.9375	97.75	0.49554962	209628.39	35563
594.0022	490.5	54.09375	111.75	0.49554962	209628.39	35563
131.79678	396.0	163.875	180.75	0.49554962	209628.39	35563
292.2933	570.0	104.5625	142.875	-0.49554962	209628.39	35563
93.91518	496.5	175.0	184.875	0.49554962	209628.39	35563
139.78427	507.0	89.0	91.5625	-0.49554962	209628.39	35563
285.25775	312.0	96.25	65.5	0.49554962	209628.39	35563
123.03042	212.875	75.5625	92.875	-0.49554962	209628.39	35563
57.49239	196.25	99.875	70.0	0.49554962	209628.39	35563
319.93607	384.25	58.8125	141.75	0.49554962	209628.39	35563
160.15591	295.5	120.5625	145.5	-0.49554962	209628.39	35563
97.86759	289.75	134.5	120.5	0.49554962	209628.39	35563
257.54715	547.5	151.875	168.875	0.49554962	209628.39	35563
58.29611	643.5	129.5	2.4375	0.49554962	209628.39	35563
286.62646	247.25	77.8125	114.1875	0.49554962	209628.39	35563
136.17331	421.75	49.875	132.625	0.49554962	209628.39	35563
144.87383	468.0	132.25	138.125	0.49554962	209628.39	35563
195.3269	277.75	55.34375	100.5	0.49554962	209628.39	35563
58.099895	331.0	119.0	147.125	0.49554962	209628.39	35563
104.441444	371.0	67.125	85.625	0.49554962	209628.39	35563
82.15604	364.75	125.875	142.875	0.49554962	209628.39	35563
52.87902	408.5	89.875	201.625	0.49554962	209628.39	35563
279.35513	342.25	108.625	119.125	0.49554962	209628.39	35563
151.69963	485.0	147.5	102.6875	-0.49554962	209628.39	35563
45.933266	279.25	125.0	126.0625	0.49554962	209628.39	35563
247.85757	595.5	46.34375	196.5	0.49554962	209628.39	35563
337.72952	383.5	141.375	54.15625	-0.49554962	209628.39	35563
523.5768	638.5	66.1875	101.25	-0.49554962	209628.39	35563
103.05072	472.25	104.5	194.875	0.49554962	209628.39	35563
344.6875	250.375	68.25	88.4375	0.49554962	209628.39	35563
132.75398	473.0	127.875	190.25	0.49554962	209628.39	35563
668.57733	575.0	92.3125	102.625	0.49554962	209628.39	35563
76.11008	645.5	112.6875	183.125	0.49554962	209628.39	35563
107.629105	927.0	146.875	188.0	0.49554962	209628.39	35563
217.8357	346.25	149.0	107.125	0.49554962	209628.39	35563
168.71913	737.5	125.3125	185.75	0.49554962	209628.39	35563
224.6398	331.0	61.5625	97.1875	0.49554962	209628.39	35563
272.15323	479.5	81.3125	193.375	0.49554962	209628.39	35563
208.34946	460.25	100.3125	133.625	0.49554962	209628.39	35563
82.70349	224.0	146.125	102.4375	-0.49554962	209628.39	35563
506.09302	535.5	94.625	235.75	0.49554962	209628.39	35563
88.93585	400.5	69.9375	109.5	0.49554962	209628.39	35563
36.218273	464.25	50.1875	157.625	-0.49554962	209628.39	35563
121.201065	459.0	133.125	185.625	0.49554962	209628.39	35563
92.41879	451.25	134.0	87.1875	-0.49554962	209628.39	35563
76.2558	397.25	79.125	152.875	0.49554962	209628.39	35563
114.44855	251.0	53.96875	100.625	0.49554962	209628.39	35563
107.681564	483.75	79.375	195.875	0.49554962	209628.39	35563
118.8559	444.75	103.625	177.125	0.49554962	209628.39	35563
510.3219	918.0	43.0	185.5	0.49554962	209628.39	35563
68.2239	457.5	92.4375	177.375	0.49554962	209628.39	35563
187.787	363.0	102.0	182.125	0.49554962	209628.39	35563
190.47755	344.5	113.25	159.625	0.49554962	209628.39	35563
441.30923	404.25	100.9375	117.9375	0.49554962	209628.39	35563
79.03999	204.25	78.625	94.4375	0.49554962	209628.39	35563
620.57104	427.75	71.875	178.0	0.49554962	209628.39	35563
417.38492	552.5	77.9375	164.375	0.49554962	209628.39	35563
292.98706	665.0	45.09375	173.375	0.49554962	209628.39	35563
436.67896	542.0	102.25	83.4375	-0.49554962	209628.39	35563
62.837376	598.5	103.25	2.4785156	0.49554962	209628.39	35563
180.89157	386.5	102.875	174.875	0.49554962	209628.39	35563
87.899254	455.75	96.75	179.25	0.49554962	209628.39	35563
174.27396	500.75	108.9375	111.6875	0.49554962	209628.39	35563
73.74734	303.75	62.4375	98.375	0.49554962	209628.39	35563
134.12909	393.75	127.0	144.125	-0.49554962	209628.39	35563
280.11975	475.75	68.0625	178.125	0.49554962	209628.39	35563
193.12921	261.0	117.5	121.0625	-0.49554962	209628.39	35563
242.97914	545.0	146.375	181.125	0.49554962	209628.39	35563
181.20341	273.0	54.9375	106.1875	0.49554962	209628.39	35563
121.11756	405.0	145.75	154.75	0.49554962	209628.39	35563
181.89995	440.25	64.4375	121.125	0.49554962	209628.39	35563
164.35776	381.75	94.4375	140.0	0.49554962	209628.39	35563
87.42532	332.0	120.5625	122.5625	0.49554962	209628.39	35563
222.84734	287.0	71.25	117.0625	0.49554962	209628.39	35563
105.22824	183.375	75.6875	-1.0	0.49554962	209628.39	35563
96.105644	383.0	142.5	130.625	-0.49554962	209628.39	35563
167.79953	376.25	84.8125	135.5	0.49554962	209628.39	35563
228.5011	316.5	117.5	130.625	0.49554962	209628.39	35563
66.829445	295.5	53.875	132.75	0.49554962	209628.39	35563
148.6574	294.75	75.375	119.3125	0.49554962	209628.39	35563
210.83159	327.25	73.5	145.5	0.49554962	209628.39	35563
169.16727	385.0	65.5625	132.375	0.49554962	209628.39	35563
150.07542	393.0	87.5	208.125	0.49554962	209628.39	35563
67.713615	513.0	49.34375	160.75	0.49554962	209628.39	35563
209.37689	361.25	109.6875	147.25	0.49554962	209628.39	35563
241.19423	432.75	66.9375	150.875	-0.49554962	209628.39	35563
154.78572	320.75	125.375	133.5	-0.49554962	209628.39	35563
61.581562	202.5	98.375	40.9375	-0.49554962	209628.39	35563
120.051155	630.5	119.8125	178.125	0.49554962	209628.39	35563
59.77164	244.75	86.875	69.8125	0.49554962	209628.39	35563
107.54364	520.0	60.09375	87.8125	-0.49554962	209628.39	35563
408.26196	398.75	89.3125	198.5	0.49554962	209628.39	35563
50.941586	218.75	65.875	62.625	0.49554962	209628.39	35563
170.72615	407.75	55.65625	90.125	0.49554962	209628.39	35563
206.88419	262.0	95.5	99.75	0.49554962	209628.39	35563
307.79266	295.75	84.0625	109.0	0.49554962	209628.39	35563
227.30167	425.0	72.5625	73.25	0.49554962	209628.39	35563
128.36406	390.0	114.0	161.0	0.49554962	209628.39	35563
87.56048	529.5	160.5	187.75	0.49554962	209628.39	35563
85.3218	184.0	62.90625	-1.0	0.49554962	209628.39	35563
240.97705	506.25	38.9375	165.125	0.49554962	209628.39	35563
320.2739	533.5	129.375	121.25	0.49554962	209628.39	35563
541.3756	792.5	73.375	80.125	0.49554962	209628.39	35563
68.84339	419.5	79.25	180.125	-0.49554962	209628.39	35563
131.01553	244.125	83.0625	116.4375	0.49554962	209628.39	35563
113.878	229.0	84.8125	79.3125	0.49554962	209628.39	35563
149.00328	479.5	118.375	127.0	0.49554962	209628.39	35563
125.565765	359.5	49.46875	141.875	0.49554962	209628.39	35563
132.07863	331.5	78.0	113.75	0.49554962	209628.39	35563
244.18703	388.25	166.125	156.25	-0.49554962	209628.39	35563
523.05975	548.0	132.0	196.5	0.49554962	209628.39	35563
213.9317	346.25	45.65625	114.0	-0.49554962	209628.39	35563
445.78452	611.5	73.0	142.75	0.49554962	209628.39	35563
271.49277	309.25	45.9375	109.6875	0.49554962	209628.39	35563
141.88463	305.5	95.25	118.625	-0.49554962	209628.39	35563
150.54794	329.0	81.9375	109.6875	0.49554962	209628.39	35563
243.24294	443.25	69.875	136.5	-0.49554962	209628.39	35563
129.7914	275.25	84.8125	119.875	0.49554962	209628.39	35563
143.17795	510.75	131.875	194.375	0.49554962	209628.39	35563
163.29837	912.5	110.0625	168.875	0.49554962	209628.39	35563
88.20012	451.75	82.125	89.75	0.49554962	209628.39	35563
353.4167	674.5	49.65625	149.625	0.49554962	209628.39	35563
235.93756	384.75	197.125	162.5	0.49554962	209628.39	35563
235.03697	433.0	125.375	168.875	0.49554962	209628.39	35563
137.77295	307.25	51.34375	100.25	0.49554962	209628.39	35563
292.20282	186.625	70.875	76.9375	0.49554962	209628.39	35563
114.42623	414.75	76.3125	160.625	0.49554962	209628.39	35563
310.6298	302.5	79.6875	43.34375	-0.49554962	209628.39	35563
474.36057	667.5	97.9375	296.5	0.49554962	209628.39	35563
72.26413	350.0	48.75	116.3125	0.49554962	209628.39	35563
222.9019	257.25	212.25	128.875	0.49554962	209628.39	35563
46.053013	444.75	167.125	170.0	0.49554962	209628.39	35563
136.37157	378.75	61.8125	145.0	0.49554962	209628.39	35563
161.98714	415.75	118.5625	163.5	0.49554962	209628.39	35563
128.95166	322.25	80.25	90.6875	0.49554962	209628.39	35563
53.014477	399.5	122.75	157.875	0.49554962	209628.39	35563
114.99291	497.0	152.125	211.25	-0.49554962	209628.39	35563
179.0004	275.75	105.25	118.0625	0.49554962	209628.39	35563
160.14626	743.0	64.5625	277.75	0.49554962	209628.39	35563
419.41547	445.75	166.125	167.875	0.49554962	209628.39	35563
394.06314	497.75	100.1875	98.9375	-0.49554962	209628.39	35563
360.83746	594.5	77.1875	199.75	0.49554962	209628.39	35563
259.48947	308.25	112.6875	106.9375	0.49554962	209628.39	35563
107.10459	245.375	93.0625	79.75	0.49554962	209628.39	35563
139.94798	268.75	81.375	113.1875	0.49554962	209628.39	35563
80.011314	665.5	48.96875	100.6875	0.49554962	209628.39	35563
68.27964	303.75	135.375	137.625	0.49554962	209628.39	35563
90.56636	331.0	66.3125	106.25	0.49554962	209628.39	35563
121.05978	333.0	61.4375	117.125	-0.49554962	209628.39	35563
98.739624	193.875	51.375	-1.0	0.49554962	209628.39	35563
265.32416	380.0	91.0	148.125	-0.49554962	209628.39	35563
87.63672	328.75	54.625	92.0	0.49554962	209628.39	35563
221.97935	322.5	48.90625	123.875	0.49554962	209628.39	35563
489.46127	516.0	84.0625	206.625	0.49554962	209628.39	35563
209.4228	703.0	254.875	287.5	0.49554962	209628.39	35563
310.3345	650.0	62.65625	74.9375	-0.49554962	209628.39	35563
365.60028	352.75	134.25	140.25	0.49554962	209628.39	35563
131.69916	447.0	62.96875	171.0	0.49554962	209628.39	35563
120.51571	539.0	169.375	186.625	0.49554962	209628.39	35563
205.65811	697.0	98.875	198.625	0.49554962	209628.39	35563
259.3528	500.0	81.5	185.875	0.49554962	209628.39	35563
66.900375	275.5	91.3125	127.0	0.49554962	209628.39	35563
130.502	554.5	98.6875	173.5	0.49554962	209628.39	35563
204.07216	410.75	180.5	156.625	0.49554962	209628.39	35563
197.69736	417.75	123.75	125.3125	-0.49554962	209628.39	35563
245.28162	366.75	146.375	150.75	-0.49554962	209628.39	35563
312.1226	343.0	89.25	137.0	0.49554962	209628.39	35563
181.77193	341.5	76.625	83.25	0.49554962	209628.39	35563
399.69012	467.5	119.5	133.625	0.49554962	209628.39	35563
229.37509	741.5	58.90625	161.75	0.49554962	209628.39	35563
53.287205	371.5	98.875	150.625	-0.49554962	209628.39	35563
64.13557	309.5	54.53125	103.375	-0.49554962	209628.39	35563
118.2346	390.5	118.75	132.625	-0.49554962	209628.39	35563
53.915413	634.0	78.125	197.625	-0.49554962	209628.39	35563
172.28688	387.5	102.75	121.1875	0.49554962	209628.39	35563
400.50958	395.25	100.6875	169.25	0.49554962	209628.39	35563
71.148	334.25	137.0	147.625	0.49554962	209628.39	35563
40.91824	392.25	46.25	143.0	0.49554962	209628.39	35563
305.1142	530.0	92.5625	180.875	-0.49554962	209628.39	35563
146.46388	651.5	132.125	173.75	0.49554962	209628.39	35563
203.33447	361.5	95.5	97.125	-0.49554962	209628.39	35563
65.7708	370.0	107.125	178.25	-0.49554962	209628.39	35563
148.52742	505.5	153.125	106.625	0.49554962	209628.39	35563
132.8011	384.0	120.75	90.4375	0.49554962	209628.39	35563
106.1488	463.5	112.875	192.375	0.49554962	209628.39	35563
358.19876	550.5	104.125	77.625	0.49554962	209628.39	35563
161.8427	529.5	95.8125	166.5	0.49554962	209628.39	35563
350.09326	515.0	139.75	235.25	0.49554962	209628.39	35563
128.81046	177.375	103.75	-1.0	0.49554962	209628.39	35563
109.53907	264.75	94.5	130.75	0.49554962	209628.39	35563
114.869675	294.75	102.5	59.75	0.49554962	209628.39	35563
192.32964	506.0	121.75	185.625	0.49554962	209628.39	35563
131.55466	288.0	91.375	58.78125	0.49554962	209628.39	35563
265.26144	233.375	66.3125	92.875	0.49554962	209628.39	35563
138.5149	360.5	64.6875	141.5	-0.49554962	209628.39	35563
97.078545	321.25	62.0625	152.75	0.49554962	209628.39	35563
322.8166	479.0	212.75	228.125	-0.49554962	209628.39	35563
215.82245	428.75	47.84375	109.1875	0.49554962	209628.39	35563
68.65732	292.75	113.375	112.8125	-0.49554962	209628.39	35563
343.646	390.25	57.0625	109.9375	0.49554962	209628.39	35563
115.61754	366.5	117.75	173.75	0.49554962	209628.39	35563
292.33554	448.5	167.5	173.75	0.49554962	209628.39	35563
323.15848	396.0	78.4375	131.25	0.49554962	209628.39	35563
196.5178	421.25	107.4375	184.5	0.49554962	209628.39	35563
154.30466	275.75	74.4375	126.25	0.49554962	209628.39	35563
137.65878	211.375	85.3125	65.9375	0.49554962	209628.39	35563
47.90871	195.875	40.9375	47.5	0.49554962	209628.39	35563
162.22134	867.0	62.40625	183.625	0.49554962	209628.39	35563
396.28668	527.5	97.5	204.375	0.49554962	209628.39	35563
123.02621	264.75	51.21875	80.9375	0.49554962	209628.39	35563
352.77185	275.5	54.21875	107.875	0.49554962	209628.39	35563
139.40643	434.75	96.75	147.375	0.49554962	209628.39	35563
107.312256	462.25	64.5	196.875	0.49554962	209628.39	35563
57.38268	264.0	64.3125	129.5	-0.49554962	209628.39	35563
90.753	547.0	130.75	206.75	-0.49554962	209628.39	35563
72.915245	252.0	117.4375	104.8125	0.49554962	209628.39	35563
276.31177	560.5	90.25	172.125	0.49554962	209628.39	35563
89.54517	425.5	114.875	85.1875	0.49554962	209628.39	35563
217.32544	472.5	54.5	140.5	0.49554962	209628.39	35563
128.59148	319.0	80.3125	116.75	0.49554962	209628.39	35563
48.87615	378.25	177.5	157.25	0.49554962	209628.39	35563
324.61188	465.75	80.0	92.4375	-0.49554962	209628.39	35563
256.03366	296.0	113.5625	134.5	-0.49554962	209628.39	35563
112.89821	245.5	75.1875	66.8125	0.49554962	209628.39	35563
114.90419	442.75	84.4375	163.5	0.49554962	209628.39	35563
240.97159	279.5	79.6875	70.9375	-0.49554962	209628.39	35563
99.60599	325.5	70.5	135.75	0.49554962	209628.39	35563
91.16668	494.0	162.25	186.5	-0.49554962	209628.39	35563
111.45788	398.75	86.6875	158.875	0.49554962	209628.39	35563
145.02383	521.5	215.5	229.75	0.49554962	209628.39	35563
90.961266	381.5	63.96875	108.0	-0.49554962	209628.39	35563
236.90173	450.5	135.625	186.875	0.49554962	209628.39	35563
210.98532	315.25	124.875	126.8125	-0.49554962	209628.39	35563
101.58604	410.5	150.0	147.375	0.49554962	209628.39	35563
341.00323	386.0	164.125	182.5	0.49554962	209628.39	35563
164.59035	218.375	66.6875	106.0625	0.49554962	209628.39	35563
137.67094	542.5	105.125	86.4375	0.49554962	209628.39	35563
260.18756	365.0	110.625	148.0	-0.49554962	209628.39	35563
123.95008	174.375	49.84375	-1.0	0.49554962	209628.39	35563
160.1841	341.25	137.25	116.0	0.49554962	209628.39	35563
167.72728	625.0	111.75	191.25	0.49554962	209628.39	35563
369.72675	365.5	140.0	128.625	-0.49554962	209628.39	35563
375.86832	825.5	90.0	19.609375	0.49554962	209628.39	35563
233.17233	277.5	80.9375	132.75	0.49554962	209628.39	35563
78.36287	245.125	102.4375	110.4375	0.49554962	209628.39	35563
214.1618	410.75	103.25	178.625	0.49554962	209628.39	35563
85.60348	369.5	67.8125	98.1875	0.49554962	209628.39	35563
172.81187	473.75	117.9375	173.875	0.49554962	209628.39	35563
322.7502	303.0	96.25	103.0	0.49554962	209628.39	35563
179.18102	482.25	124.6875	176.375	0.49554962	209628.39	35563
55.85002	475.5	116.1875	184.25	-0.49554962	209628.39	35563
157.13011	240.125	125.25	101.9375	0.49554962	209628.39	35563
243.71005	454.5	90.9375	165.5	0.49554962	209628.39	35563
282.9521	433.75	97.0	126.25	0.49554962	209628.39	35563
427.94434	385.0	119.3125	133.25	0.49554962	209628.39	35563
253.12717	373.75	104.4375	105.125	-0.49554962	209628.39	35563
238.60352	272.5	121.3125	102.25	0.49554962	209628.39	35563
257.75836	431.0	45.5625	127.8125	0.49554962	209628.39	35563
138.74829	368.25	73.25	175.75	0.49554962	209628.39	35563
177.27211	459.5	72.6875	125.625	-0.49554962	209628.39	35563
125.29917	470.5	132.375	149.0	0.49554962	209628.39	35563
152.27945	270.75	69.1875	105.5625	0.49554962	209628.39	35563
244.61667	279.0	79.0625	71.75	0.49554962	209628.39	35563
124.49681	367.25	66.375	183.0	-0.49554962	209628.39	35563
247.66867	310.5	115.25	153.875	0.49554962	209628.39	35563
87.64482	218.25	53.875	66.625	0.49554962	209628.39	35563
38.25755	316.5	113.0625	13.390625	0.49554962	209628.39	35563
280.5993	482.5	150.875	211.25	0.49554962	209628.39	35563
80.3048	345.25	46.84375	135.875	0.49554962	209628.39	35563
220.2839	340.0	195.75	156.625	-0.49554962	209628.39	35563
33.63076	418.5	126.0625	186.875	0.49554962	209628.39	35563
128.39224	523.5	85.1875	179.375	0.49554962	209628.39	35563
47.49702	326.0	29.875	81.75	-0.49554962	209628.39	35563
202.51881	488.75	122.0625	115.375	0.49554962	209628.39	35563
152.87857	218.5	103.0	85.4375	0.49554962	209628.39	35563
176.18857	432.5	53.09375	113.75	0.49554962	209628.39	35563
36.323704	403.5	147.0	173.875	0.49554962	209628.39	35563
72.38187	309.25	139.75	160.75	-0.49554962	209628.39	35563
266.88348	311.5	67.5625	138.625	-0.49554962	209628.39	35563
119.63977	311.75	67.125	125.9375	0.49554962	209628.39	35563
70.6441	255.625	67.5	95.875	0.49554962	209628.39	35563
186.22356	369.5	73.3125	114.6875	0.49554962	209628.39	35563
174.95796	323.25	54.6875	73.0	0.49554962	209628.39	35563
504.27054	249.5	84.5	103.4375	0.49554962	209628.39	35563
113.702324	361.75	58.59375	58.03125	0.49554962	209628.39	35563
174.89018	383.25	62.90625	153.75	0.49554962	209628.39	35563
366.96677	572.0	75.4375	187.875	0.49554962	209628.39	35563
140.86717	277.5	111.1875	2.5273438	0.49554962	209628.39	35563
131.596	510.0	139.375	192.375	0.49554962	209628.39	35563
137.97496	541.5	179.25	259.25	-0.49554962	209628.39	35563
138.00597	410.0	191.875	180.25	0.49554962	209628.39	35563
249.30116	372.75	134.75	135.125	0.49554962	209628.39	35563
191.45187	238.0	140.75	83.1875	0.49554962	209628.39	35563
114.21134	253.5	121.1875	104.0	0.49554962	209628.39	35563
281.0487	387.25	91.8125	134.25	0.49554962	209628.39	35563
450.69727	327.5	76.4375	122.0625	0.49554962	209628.39	35563
240.99406	276.0	120.75	119.4375	0.49554962	209628.39	35563
310.17694	302.5	108.5	151.125	0.49554962	209628.39	35563
157.74893	359.5	97.875	119.0625	0.49554962	209628.39	35563
47.806126	467.75	48.40625	187.875	-0.49554962	209628.39	35563
168.50375	749.0	130.5	104.5	0.49554962	209628.39	35563
87.367455	703.5	83.8125	150.0	-0.49554962	209628.39	35563
143.42719	299.75	91.375	126.875	0.49554962	209628.39	35563
135.83603	333.25	99.1875	125.9375	0.49554962	209628.39	35563
441.40405	306.75	103.4375	83.375	0.49554962	209628.39	35563
68.25715	479.0	52.375	143.625	0.49554962	209628.39	35563
313.9343	401.5	99.9375	72.375	-0.49554962	209628.39	35563
46.84546	416.5	103.8125	106.1875	0.49554962	209628.39	35563
77.53139	263.0	167.25	8.8203125	0.49554962	209628.39	35563
115.858	287.25	37.90625	104.125	0.49554962	209628.39	35563
175.66805	296.25	98.6875	122.9375	0.49554962	209628.39	35563
103.84575	197.5	67.875	80.3125	0.49554962	209628.39	35563
204.75536	384.75	166.75	181.75	0.49554962	209628.39	35563
106.02533	308.75	82.125	107.875	0.49554962	209628.39	35563
119.78499	282.5	121.125	123.0	0.49554962	209628.39	35563
182.93657	289.0	65.3125	129.75	0.49554962	209628.39	35563
67.99889	391.0	86.9375	173.875	0.49554962	209628.39	35563
107.282616	354.5	106.9375	124.0625	0.49554962	209628.39	35563
60.92071	469.5	103.125	130.375	0.49554962	209628.39	35563
139.38821	347.75	64.375	134.375	0.49554962	209628.39	35563
110.661674	434.75	97.25	173.875	0.49554962	209628.39	35563
149.31671	327.5	67.0	102.8125	0.49554962	209628.39	35563
275.2038	242.5	62.6875	81.75	0.49554962	209628.39	35563
188.5373	340.0	102.9375	167.5	-0.49554962	209628.39	35563
223.59578	254.0	139.375	112.25	0.49554962	209628.39	35563
98.00357	268.25	106.5625	101.5	0.49554962	209628.39	35563
94.69544	325.5	85.625	137.75	0.49554962	209628.39	35563
98.932014	223.5	36.09375	48.96875	0.49554962	209628.39	35563
120.764435	382.25	149.625	136.375	-0.49554962	209628.39	35563
58.319115	451.25	191.25	188.375	0.49554962	209628.39	35563
239.70744	546.5	95.5	173.375	0.49554962	209628.39	35563
472.07455	345.25	124.3125	151.125	-0.49554962	209628.39	35563
75.405266	496.0	136.375	164.875	0.49554962	209628.39	35563
62.366215	349.25	163.625	171.25	0.49554962	209628.39	35563
223.87473	404.5	90.8125	161.125	0.49554962	209628.39	35563
40.022007	218.25	36.875	73.5625	0.49554962	209628.39	35563
171.64279	448.0	134.625	130.625	-0.49554962	209628.39	35563
283.7291	636.0	111.75	174.625	0.49554962	209628.39	35563
215.67258	404.0	139.125	180.625	-0.49554962	209628.39	35563
138.48456	317.0	41.125	58.40625	-0.49554962	209628.39	35563
136.01024	319.75	146.125	107.125	-0.49554962	209628.39	35563
159.35057	182.25	123.8125	-1.0	0.49554962	209628.39	35563
139.29729	454.5	95.6875	175.75	0.49554962	209628.39	35563
50.50796	252.625	73.8125	95.1875	0.49554962	209628.39	35563
90.82049	570.0	72.6875	170.625	0.49554962	209628.39	35563
265.5725	527.5	45.46875	133.875	0.49554962	209628.39	35563
296.95297	445.75	75.75	165.375	0.49554962	209628.39	35563
199.67798	518.5	111.25	170.0	-0.49554962	209628.39	35563
112.31806	352.25	157.375	144.625	-0.49554962	209628.39	35563
208.20561	523.5	107.625	177.875	0.49554962	209628.39	35563
105.714836	424.5	77.125	6.1171875	0.49554962	209628.39	35563
213.8818	582.5	116.875	179.375	-0.49554962	209628.39	35563
101.21987	287.5	123.125	117.6875	-0.49554962	209628.39	35563
445.2766	544.5	138.875	201.875	0.49554962	209628.39	35563
100.710335	356.0	82.0	99.9375	0.49554962	209628.39	35563
109.790886	220.25	134.375	107.9375	-0.49554962	209628.39	35563
263.02603	593.0	187.0	195.75	0.49554962	209628.39	35563
52.44627	327.5	51.53125	94.75	0.49554962	209628.39	35563
48.368427	299.25	53.28125	120.9375	0.49554962	209628.39	35563
92.880554	546.5	93.0	179.5	0.49554962	209628.39	35563
318.08734	634.0	164.875	197.125	0.49554962	209628.39	35563
176.82399	296.5	50.15625	146.75	0.49554962	209628.39	35563
75.89247	470.5	111.125	139.125	0.49554962	209628.39	35563
29.034252	224.875	107.625	72.8125	0.49554962	209628.39	35563
366.90622	753.5	136.75	178.875	-0.49554962	209628.39	35563
85.61465	433.5	49.65625	96.375	0.49554962	209628.39	35563
291.9559	290.5	86.8125	129.625	0.49554962	209628.39	35563
124.08235	779.0	112.25	288.25	0.49554962	209628.39	35563
96.49738	578.5	60.25	189.75	0.49554962	209628.39	35563
137.26068	407.5	78.5625	145.875	0.49554962	209628.39	35563
72.848404	328.25	130.125	139.25	0.49554962	209628.39	35563
106.44027	213.875	92.875	42.46875	0.49554962	209628.39	35563
159.82979	548.5	172.125	179.0	-0.49554962	209628.39	35563
131.30257	403.0	147.875	167.0	0.49554962	209628.39	35563
113.898415	306.5	70.6875	121.625	0.49554962	209628.39	35563
255.27234	429.75	104.4375	88.25	0.49554962	209628.39	35563
86.85956	182.375	97.8125	-1.0	-0.49554962	209628.39	35563
530.9362	647.5	99.6875	156.5	0.49554962	209628.39	35563
238.41295	404.75	121.125	44.8125	0.49554962	209628.39	35563
150.7137	424.75	51.0625	96.25	0.49554962	209628.39	35563
80.06307	453.25	141.75	191.625	0.49554962	209628.39	35563
166.90137	329.0	69.6875	92.1875	0.49554962	209628.39	35563
213.04366	300.75	144.375	129.875	0.49554962	209628.39	35563
213.91164	270.5	132.125	99.1875	0.49554962	209628.39	35563
74.2286	402.25	47.125	117.4375	0.49554962	209628.39	35563
200.34082	246.125	59.15625	93.25	0.49554962	209628.39	35563
239.16542	328.0	123.875	147.625	-0.49554962	209628.39	35563
113.88812	319.0	115.4375	132.875	-0.49554962	209628.39	35563
144.91325	777.0	55.5625	53.0625	0.49554962	209628.39	35563
168.7355	202.25	52.4375	62.125	0.49554962	209628.39	35563
74.59257	695.0	63.53125	185.0	-0.49554962	209628.39	35563
69.47174	188.625	45.53125	-1.0	-0.49554962	209628.39	35563
84.39688	359.75	124.5625	183.125	0.49554962	209628.39	35563
76.57504	181.375	84.125	-1.0	0.49554962	209628.39	35563
93.98507	239.5	50.59375	91.5	0.49554962	209628.39	35563
166.348	261.75	130.125	110.4375	-0.49554962	209628.39	35563
154.13152	503.75	129.5	183.0	0.49554962	209628.39	35563
236.30487	545.0	54.03125	134.5	-0.49554962	209628.39	35563
100.65235	407.0	152.0	183.0	0.49554962	209628.39	35563
211.45216	362.25	151.75	165.75	-0.49554962	209628.39	35563
49.850094	298.75	81.5625	75.1875	0.49554962	209628.39	35563
39.02541	266.75	152.375	114.75	-0.49554962	209628.39	35563
256.8477	310.75	107.5	110.5625	0.49554962	209628.39	35563
252.43262	471.25	53.34375	181.5	0.49554962	209628.39	35563
288.9931	323.0	89.6875	137.75	-0.49554962	209628.39	35563
106.97538	482.0	90.0625	180.875	-0.49554962	209628.39	35563
142.62753	450.5	157.125	147.25	0.49554962	209628.39	35563
257.18063	447.25	67.875	142.5	0.49554962	209628.39	35563
43.846306	425.5	122.5625	143.25	-0.49554962	209628.39	35563
134.89496	344.75	98.6875	47.96875	0.49554962	209628.39	35563
115.39756	309.5	106.375	124.4375	0.49554962	209628.39	35563
238.5951	235.75	68.6875	109.5	-0.49554962	209628.39	35563
178.95663	362.75	75.875	103.1875	-0.49554962	209628.39	35563
398.41968	471.0	72.625	128.75	0.49554962	209628.39	35563
152.37279	271.25	120.1875	108.8125	-0.49554962	209628.39	35563
126.65355	392.5	126.6875	140.875	-0.49554962	209628.39	35563
42.373146	243.875	57.09375	91.25	0.49554962	209628.39	35563
235.55246	244.375	86.9375	79.875	-0.49554962	209628.39	35563
175.52663	265.0	85.5625	95.5625	-0.49554962	209628.39	35563
202.4454	346.0	51.21875	155.125	0.49554962	209628.39	35563
54.733917	260.75	72.375	99.3125	-0.49554962	209628.39	35563
151.9772	290.5	67.875	124.125	0.49554962	209628.39	35563
68.99865	446.75	101.5625	168.75	-0.49554962	209628.39	35563
138.8852	806.5	141.5	245.0	0.49554962	209628.39	35563
126.970406	457.75	122.125	195.25	0.49554962	209628.39	35563
70.7706	250.25	100.3125	107.4375	0.49554962	209628.39	35563
100.01362	370.75	134.25	145.375	0.49554962	209628.39	35563
44.917038	451.5	200.0	196.75	-0.49554962	209628.39	35563
152.91101	446.25	109.5625	175.125	-0.49554962	209628.39	35563
247.61485	405.5	100.4375	176.75	0.49554962	209628.39	35563
92.178955	349.25	103.5	186.0	0.49554962	209628.39	35563
73.38643	317.0	120.0625	125.875	-0.49554962	209628.39	35563
352.50607	514.0	87.6875	165.75	0.49554962	209628.39	35563
129.99715	232.625	60.6875	96.6875	-0.49554962	209628.39	35563
170.74966	360.25	82.5	110.75	-0.49554962	209628.39	35563
329.5852	463.25	95.0	183.5	-0.49554962	209628.39	35563
73.11163	646.5	148.875	182.625	0.49554962	209628.39	35563
198.59943	259.25	65.625	83.25	-0.49554962	209628.39	35563
274.4492	468.5	130.375	186.25	0.49554962	209628.39	35563
55.212776	412.5	36.875	72.25	0.49554962	209628.39	35563
88.65438	651.5	91.875	135.125	0.49554962	209628.39	35563
141.31769	498.75	64.0	185.625	0.49554962	209628.39	35563
146.07637	507.25	90.375	189.25	-0.49554962	209628.39	35563
96.60924	211.625	116.5625	88.5	-0.49554962	209628.39	35563
272.33398	355.25	95.3125	111.875	0.49554962	209628.39	35563
385.92737	410.5	109.9375	141.375	0.49554962	209628.39	35563
136.68071	403.5	112.625	99.0	-0.49554962	209628.39	35563
193.24513	254.375	114.75	97.3125	0.49554962	209628.39	35563
62.160587	334.75	136.375	139.25	-0.49554962	209628.39	35563
76.798325	353.5	101.875	127.25	0.49554962	209628.39	35563
103.76245	283.0	92.1875	121.6875	-0.49554962	209628.39	35563
114.071495	351.25	52.53125	98.75	0.49554962	209628.39	35563
341.65472	424.75	91.9375	150.5	0.49554962	209628.39	35563
168.78908	210.875	149.625	87.375	0.49554962	209628.39	35563
70.74631	327.0	103.0	116.3125	-0.49554962	209628.39	35563
78.147064	239.125	37.5625	104.5625	-0.49554962	209628.39	35563
90.17139	325.5	110.875	68.125	0.49554962	209628.39	35563
47.006107	426.25	46.78125	137.125	0.49554962	209628.39	35563
178.85194	794.0	78.375	77.25	0.49554962	209628.39	35563
164.44508	306.0	91.0625	122.875	0.49554962	209628.39	35563
249.9464	437.75	88.9375	129.0	0.49554962	209628.39	35563
182.5643	409.25	57.40625	139.5	0.49554962	209628.39	35563
431.40414	358.5	144.625	125.75	0.49554962	209628.39	35563
45.840214	443.75	55.59375	183.875	0.49554962	209628.39	35563
210.566	746.5	62.34375	198.0	0.49554962	209628.39	35563
72.36308	288.5	107.8125	127.4375	0.49554962	209628.39	35563
93.337135	508.25	91.0625	170.25	0.49554962	209628.39	35563
159.65614	340.25	134.875	80.5	0.49554962	209628.39	35563
557.8138	572.5	86.9375	228.5	0.49554962	209628.39	35563
342.7668	585.0	150.25	2.6074219	0.49554962	209628.39	35563
64.67688	371.75	126.125	167.375	0.49554962	209628.39	35563
288.01978	469.5	121.8125	178.625	0.49554962	209628.39	35563
352.42188	607.0	152.25	207.5	-0.49554962	209628.39	35563
186.33722	330.25	84.25	130.875	0.49554962	209628.39	35563
130.58978	377.0	70.375	157.625	0.49554962	209628.39	35563
216.82288	794.5	119.1875	149.25	0.49554962	209628.39	35563
118.80495	283.0	59.9375	136.625	0.49554962	209628.39	35563
128.39368	193.875	63.15625	99.625	-0.49554962	209628.39	35563
342.71045	408.75	142.5	191.75	0.49554962	209628.39	35563
134.03813	255.25	55.375	40.84375	-0.49554962	209628.39	35563
48.90634	380.5	52.5625	172.5	0.49554962	209628.39	35563
85.56272	463.0	47.40625	135.875	0.49554962	209628.39	35563
245.4886	502.25	88.6875	217.75	0.49554962	209628.39	35563
70.803635	366.75	127.125	147.375	0.49554962	209628.39	35563
69.57963	359.25	98.8125	150.625	0.49554962	209628.39	35563
94.895584	308.0	164.375	148.375	-0.49554962	209628.39	35563
187.49023	255.375	92.125	97.5	0.49554962	209628.39	35563
149.45148	248.625	59.15625	38.3125	-0.49554962	209628.39	35563
90.528755	354.75	175.75	163.125	0.49554962	209628.39	35563
162.90222	404.25	172.5	154.125	0.49554962	209628.39	35563
143.18686	758.0	38.53125	55.71875	0.49554962	209628.39	35563
73.05777	354.75	139.0	125.0	-0.49554962	209628.39	35563
71.00194	481.0	138.125	185.125	-0.49554962	209628.39	35563
91.704865	350.5	127.875	133.75	0.49554962	209628.39	35563
81.16195	577.0	198.125	210.625	0.49554962	209628.39	35563
121.894745	418.75	119.1875	5.15625	0.49554962	209628.39	35563
363.03342	254.625	105.625	78.4375	-0.49554962	209628.39	35563
179.06648	494.25	129.375	176.0	0.49554962	209628.39	35563
110.73184	495.0	75.4375	163.375	0.49554962	209628.39	35563
99.52147	382.0	181.0	146.375	0.49554962	209628.39	35563
150.07845	572.5	61.96875	164.5	0.49554962	209628.39	35563
67.92948	365.75	109.375	143.875	0.49554962	209628.39	35563
210.23874	549.5	132.125	165.125	0.49554962	209628.39	35563
184.43883	318.25	101.125	122.875	-0.49554962	209628.39	35563
136.41057	510.0	104.4375	167.25	0.49554962	209628.39	35563
329.15073	394.25	48.40625	136.75	-0.49554962	209628.39	35563
77.58015	324.5	40.65625	133.5	0.49554962	209628.39	35563
73.71145	243.25	49.625	84.125	-0.49554962	209628.39	35563
70.71211	287.25	70.5625	120.8125	0.49554962	209628.39	35563
228.91151	402.5	83.4375	7.3710938	0.49554962	209628.39	35563
68.71414	272.75	84.25	103.0625	0.49554962	209628.39	35563
89.08046	320.75	47.9375	138.125	0.49554962	209628.39	35563
327.5988	299.5	72.5	130.625	0.49554962	209628.39	35563
81.837555	280.0	96.3125	108.5625	0.49554962	209628.39	35563
90.20257	351.75	176.5	102.0	0.49554962	209628.39	35563
246.63895	264.75	98.25	65.0625	0.49554962	209628.39	35563
311.44992	423.0	142.625	187.125	-0.49554962	209628.39	35563
576.2181	587.5	147.75	221.875	0.49554962	209628.39	35563
88.07471	390.25	90.8125	120.375	0.49554962	209628.39	35563
253.87953	328.25	142.5	121.25	0.49554962	209628.39	35563
139.19136	247.25	85.5	106.625	0.49554962	209628.39	35563
361.86133	769.5	73.5	89.125	-0.49554962	209628.39	35563
364.04602	321.5	89.3125	117.875	-0.49554962	209628.39	35563
247.31041	239.375	109.875	98.3125	-0.49554962	209628.39	35563
74.47592	635.5	196.5	255.5	0.49554962	209628.39	35563
243.73485	271.75	97.0625	122.0625	-0.49554962	209628.39	35563
203.30984	625.0	102.6875	204.375	0.49554962	209628.39	35563
121.65762	370.25	82.0625	127.125	0.49554962	209628.39	35563
121.56302	302.75	86.125	73.9375	-0.49554962	209628.39	35563
102.86358	416.5	148.0	179.875	0.49554962	209628.39	35563
121.81869	855.0	185.25	76.5625	0.49554962	209628.39	35563
214.61676	233.875	34.34375	70.9375	-0.49554962	209628.39	35563
113.11688	269.0	126.5	109.25	0.49554962	209628.39	35563
379.6528	384.75	64.75	114.125	0.49554962	209628.39	35563
159.70145	527.5	67.5625	137.25	0.49554962	209628.39	35563
96.508	299.75	117.625	107.3125	0.49554962	209628.39	35563
75.834404	757.0	101.0	176.625	0.49554962	209628.39	35563
205.64426	602.0	146.75	152.125	0.49554962	209628.39	35563
64.444954	262.75	78.0	72.25	-0.49554962	209628.39	35563
261.77835	345.75	99.5	135.25	0.49554962	209628.39	35563
228.90594	356.25	128.625	167.375	0.49554962	209628.39	35563
221.82611	371.75	82.9375	81.25	0.49554962	209628.39	35563
147.46083	349.0	125.5625	145.75	0.49554962	209628.39	35563
108.510254	438.5	121.875	26.53125	0.49554962	209628.39	35563
124.09951	409.25	135.75	181.875	0.49554962	209628.39	35563
93.99645	375.5	75.8125	155.375	0.49554962	209628.39	35563
131.88603	418.0	66.125	160.0	-0.49554962	209628.39	35563
82.423904	407.75	96.8125	173.0	0.49554962	209628.39	35563
95.09708	529.5	120.0625	126.25	0.49554962	209628.39	35563
223.86443	467.0	209.25	200.75	0.49554962	209628.39	35563
90.0644	614.0	62.0625	79.625	-0.49554962	209628.39	35563
143.40431	249.75	89.875	122.875	0.49554962	209628.39	35563
51.627487	427.0	106.0	182.625	0.49554962	209628.39	35563
256.74692	763.0	207.125	395.25	0.49554962	209628.39	35563
510.03757	690.5	102.9375	143.625	0.49554962	209628.39	35563
96.06195	598.0	109.75	173.375	0.49554962	209628.39	35563
201.38371	308.5	98.25	97.3125	0.49554962	209628.39	35563
305.2318	403.25	71.1875	165.5	-0.49554962	209628.39	35563
153.57936	611.5	78.1875	158.625	0.49554962	209628.39	35563
160.97293	703.5	135.75	192.25	-0.49554962	209628.39	35563
151.21443	503.75	111.4375	1.5830078	0.49554962	209628.39	35563
122.08371	312.75	27.421875	102.875	0.49554962	209628.39	35563
95.48154	299.5	145.0	122.125	0.49554962	209628.39	35563
286.7578	317.25	59.4375	106.5	0.49554962	209628.39	35563
261.15515	372.5	67.375	141.75	0.49554962	209628.39	35563
211.99484	291.25	52.375	121.4375	0.49554962	209628.39	35563
29.546755	237.5	66.375	100.875	0.49554962	209628.39	35563
164.72092	502.0	151.375	162.875	-0.49554962	209628.39	35563
237.19533	414.5	115.625	175.0	0.49554962	209628.39	35563
312.8167	573.0	77.0625	176.25	-0.49554962	209628.39	35563
104.01274	625.0	151.25	174.0	0.49554962	209628.39	35563
118.520485	335.0	88.625	92.0	0.49554962	209628.39	35563
380.16147	283.75	118.9375	141.125	-0.49554962	209628.39	35563
143.07799	358.25	213.125	2.2109375	0.49554962	209628.39	35563
57.851788	416.75	48.9375	177.25	0.49554962	209628.39	35563
232.40858	347.5	212.0	127.0625	0.49554962	209628.39	35563
99.04603	327.0	61.71875	132.875	-0.49554962	209628.39	35563
149.24884	661.5	86.4375	237.625	-0.49554962	209628.39	35563
200.37216	493.75	67.1875	156.125	-0.49554962	209628.39	35563
94.907745	243.875	67.5625	100.8125	0.49554962	209628.39	35563
195.33629	483.75	97.375	137.625	0.49554962	209628.39	35563
237.64578	348.25	49.5	131.25	0.49554962	209628.39	35563
72.42452	230.125	155.125	94.0	0.49554962	209628.39	35563
137.79231	395.0	68.8125	165.5	0.49554962	209628.39	35563
146.89098	599.0	83.875	160.75	0.49554962	209628.39	35563
176.22046	480.5	49.25	31.78125	0.49554962	209628.39	35563
93.5905	498.75	49.59375	190.125	0.49554962	209628.39	35563
57.003674	280.0	65.4375	113.0	-0.49554962	209628.39	35563
185.54852	507.25	28.109375	177.5	0.49554962	209628.39	35563
199.66994	297.0	81.875	117.5	0.49554962	209628.39	35563
194.83826	500.0	75.0625	128.125	0.49554962	209628.39	35563
154.5749	337.0	152.5	140.375	0.49554962	209628.39	35563
187.09903	311.0	82.4375	149.625	0.49554962	209628.39	35563
98.86609	596.0	79.1875	227.0	0.49554962	209628.39	35563
60.8051	449.0	153.375	8.7578125	0.49554962	209628.39	35563
90.00086	479.5	56.9375	1.765625	0.49554962	209628.39	35563
320.54065	461.0	142.25	186.25	0.49554962	209628.39	35563
575.7048	828.0	85.0625	235.875	0.49554962	209628.39	35563
160.1287	304.5	72.9375	109.8125	0.49554962	209628.39	35563
61.418064	365.75	53.40625	142.125	-0.49554962	209628.39	35563
86.96874	439.0	57.625	131.375	0.49554962	209628.39	35563
113.82137	349.75	38.84375	124.0	0.49554962	209628.39	35563
253.18661	782.0	171.375	7.15625	0.49554962	209628.39	35563
259.26382	788.0	139.25	180.0	0.49554962	209628.39	35563
183.22777	408.25	83.3125	144.5	0.49554962	209628.39	35563
72.77881	599.5	119.4375	171.125	-0.49554962	209628.39	35563
351.42316	354.5	37.625	160.375	0.49554962	209628.39	35563
124.95387	390.25	146.5	192.625	0.49554962	209628.39	35563
36.50474	429.5	114.6875	189.625	0.49554962	209628.39	35563
93.80128	639.0	153.875	173.875	-0.49554962	209628.39	35563
106.61521	402.0	113.625	91.0	0.49554962	209628.39	35563
113.91627	382.0	90.4375	181.875	0.49554962	209628.39	35563
119.45091	511.5	51.25	2.765625	0.49554962	209628.39	35563
166.52963	301.0	107.0625	108.125	-0.49554962	209628.39	35563
142.98927	242.0	47.65625	84.75	0.49554962	209628.39	35563
80.19613	399.25	58.46875	169.0	0.49554962	209628.39	35563
245.00415	689.0	128.5	195.625	0.49554962	209628.39	35563
151.32513	490.25	88.0	173.625	0.49554962	209628.39	35563
122.73011	337.25	91.75	99.0	-0.49554962	209628.39	35563
213.74785	266.75	45.8125	71.5	0.49554962	209628.39	35563
322.9996	498.25	83.25	55.3125	0.49554962	209628.39	35563
69.617325	320.25	106.3125	132.375	0.49554962	209628.39	35563
130.53235	367.5	71.625	156.625	-0.49554962	209628.39	35563
317.75323	688.0	109.4375	191.125	-0.49554962	209628.39	35563
202.93723	444.0	75.3125	184.25	0.49554962	209628.39	35563
117.78845	397.75	111.25	141.625	-0.49554962	209628.39	35563
114.01858	315.5	49.46875	106.5	0.49554962	209628.39	35563
299.8146	220.25	93.875	108.75	0.49554962	209628.39	35563
443.87466	476.0	113.5625	165.75	-0.49554962	209628.39	35563
156.90244	379.25	72.5	90.375	0.49554962	209628.39	35563
143.76758	755.0	67.5	253.375	0.49554962	209628.39	35563
109.454285	487.75	92.0625	215.25	0.49554962	209628.39	35563
88.16116	355.5	105.8125	184.75	-0.49554962	209628.39	35563
110.3234	350.25	147.375	147.5	0.49554962	209628.39	35563
531.23804	662.0	54.8125	169.875	0.49554962	209628.39	35563
300.23703	292.75	115.875	68.1875	0.49554962	209628.39	35563
322.5057	452.5	69.625	189.625	-0.49554962	209628.39	35563
317.38235	749.0	67.25	79.3125	-0.49554962	209628.39	35563
74.94772	434.5	120.75	130.875	-0.49554962	209628.39	35563
77.30403	310.0	58.1875	117.3125	0.49554962	209628.39	35563
284.69678	433.5	57.34375	161.125	-0.49554962	209628.39	35563
339.28436	661.5	55.875	178.75	0.49554962	209628.39	35563
529.16925	466.0	141.5	175.25	-0.49554962	209628.39	35563
111.309555	366.75	92.9375	122.9375	0.49554962	209628.39	35563
95.33199	258.75	96.125	101.875	-0.49554962	209628.39	35563
101.47106	357.0	32.53125	154.25	-0.49554962	209628.39	35563
80.03017	435.75	83.8125	132.5	0.49554962	209628.39	35563
430.02646	1175.0	31.296875	237.75	-0.49554962	209628.39	35563
170.30803	223.125	83.0	77.375	0.49554962	209628.39	35563
329.2681	288.25	63.96875	104.0625	0.49554962	209628.39	35563
153.40546	408.75	138.625	67.9375	0.49554962	209628.39	35563
65.932625	379.75	156.625	194.25	-0.49554962	209628.39	35563
582.45807	870.5	89.625	78.5	0.49554962	209628.39	35563
378.613	529.0	163.75	229.25	0.49554962	209628.39	35563
296.71378	502.25	63.9375	147.25	0.49554962	209628.39	35563
163.37717	430.25	118.4375	83.625	-0.49554962	209628.39	35563
52.407837	339.25	107.6875	86.1875	-0.49554962	209628.39	35563
129.83664	218.125	89.125	39.375	-0.49554962	209628.39	35563
146.98537	737.5	147.125	183.125	0.49554962	209628.39	35563
308.67517	486.5	149.0	192.625	0.49554962	209628.39	35563
101.36785	367.0	112.6875	162.25	0.49554962	209628.39	35563
93.36066	176.25	90.75	-1.0	0.49554962	209628.39	35563
231.35327	267.75	70.0	116.9375	0.49554962	209628.39	35563
243.7905	312.5	89.5	83.875	-0.49554962	209628.39	35563
53.147285	299.25	115.375	144.875	-0.49554962	209628.39	35563
103.78712	553.0	43.78125	96.625	0.49554962	209628.39	35563
98.41802	476.75	114.9375	134.75	0.49554962	209628.39	35563
98.15309	386.75	141.0	158.0	0.49554962	209628.39	35563
51.257195	303.25	51.0	109.5	0.49554962	209628.39	35563
270.20602	454.75	192.75	188.625	0.49554962	209628.39	35563
682.6899	579.0	72.9375	171.75	0.49554962	209628.39	35563
127.76708	364.25	107.25	159.125	0.49554962	209628.39	35563
115.97122	263.0	82.375	126.3125	-0.49554962	209628.39	35563
37.745163	340.0	115.8125	80.5625	-0.49554962	209628.39	35563
241.61595	503.0	118.375	168.5	0.49554962	209628.39	35563
130.8036	260.0	102.5	118.6875	-0.49554962	209628.39	35563
303.93362	303.75	37.5	128.75	0.49554962	209628.39	35563
152.80994	436.5	122.4375	1.7246094	0.49554962	209628.39	35563
332.19156	214.625	46.375	63.125	0.49554962	209628.39	35563
332.0432	330.0	71.375	93.3125	0.49554962	209628.39	35563
477.06918	359.25	107.75	158.625	-0.49554962	209628.39	35563
244.99106	219.875	49.25	103.875	0.49554962	209628.39	35563
153.57104	237.75	91.9375	89.5	0.49554962	209628.39	35563
114.268906	313.0	56.5	65.1875	-0.49554962	209628.39	35563
335.1622	739.0	150.75	175.0	0.49554962	209628.39	35563
117.43493	542.5	105.625	174.25	0.49554962	209628.39	35563
509.86606	514.5	169.125	203.75	-0.49554962	209628.39	35563
143.4954	348.75	125.4375	149.125	0.49554962	209628.39	35563
68.68407	482.0	53.90625	133.375	0.49554962	209628.39	35563
139.68571	498.5	284.0	128.75	0.49554962	209628.39	35563
44.95095	313.0	126.8125	128.25	0.49554962	209628.39	35563
129.55817	615.5	56.53125	0.16882324	0.49554962	209628.39	35563
143.18474	623.5	49.59375	234.0	0.49554962	209628.39	35563
157.45044	386.25	104.0	151.25	0.49554962	209628.39	35563
316.9232	306.0	101.9375	138.0	0.49554962	209628.39	35563
96.83775	400.25	47.0	159.5	-0.49554962	209628.39	35563
187.7636	253.75	72.9375	99.25	-0.49554962	209628.39	35563
58.363964	245.125	115.5625	80.3125	0.49554962	209628.39	35563
385.66876	326.25	99.25	138.875	-0.49554962	209628.39	35563
88.79454	382.5	65.1875	142.25	-0.49554962	209628.39	35563
44.157352	240.375	117.25	96.25	-0.49554962	209628.39	35563
186.24649	543.5	66.75	91.75	-0.49554962	209628.39	35563
253.72726	463.0	118.625	85.125	0.49554962	209628.39	35563
88.93314	330.0	53.875	105.9375	0.49554962	209628.39	35563
280.25238	335.25	61.75	143.75	0.49554962	209628.39	35563
1001.1426	738.5	91.5625	178.75	0.49554962	209628.39	35563
51.464798	489.5	124.5625	170.25	0.49554962	209628.39	35563
193.99142	291.75	77.8125	89.875	0.49554962	209628.39	35563
229.38168	279.25	59.4375	140.75	-0.49554962	209628.39	35563
455.29828	492.0	50.46875	103.0625	0.49554962	209628.39	35563
295.18506	698.0	90.875	163.5	0.49554962	209628.39	35563
120.37103	336.75	64.375	78.375	0.49554962	209628.39	35563
73.31122	541.0	128.125	135.125	0.49554962	209628.39	35563
78.92477	316.5	47.34375	108.9375	0.49554962	209628.39	35563
47.551453	254.0	142.75	104.1875	0.49554962	209628.39	35563
187.29999	463.5	144.25	149.875	0.49554962	209628.39	35563
125.33653	487.75	76.1875	142.0	-0.49554962	209628.39	35563
278.33093	537.0	52.0625	114.1875	-0.49554962	209628.39	35563
277.35617	332.0	88.3125	162.25	0.49554962	209628.39	35563
166.42438	202.5	142.625	59.625	0.49554962	209628.39	35563
75.33954	451.25	85.8125	167.875	0.49554962	209628.39	35563
688.3947	643.5	111.75	184.125	-0.49554962	209628.39	35563
83.0182	310.25	43.96875	109.875	0.49554962	209628.39	35563
182.18695	179.75	151.625	-1.0	0.49554962	209628.39	35563
32.33524	659.0	96.125	159.375	0.49554962	209628.39	35563
168.99664	270.75	131.5	104.5625	-0.49554962	209628.39	35563
98.738	358.0	81.3125	99.5	0.49554962	209628.39	35563
135.18149	209.625	99.9375	93.5625	0.49554962	209628.39	35563
210.01474	309.25	101.0	123.75	0.49554962	209628.39	35563
159.58049	294.0	137.0	129.75	-0.49554962	209628.39	35563
91.96865	677.5	56.875	182.75	0.49554962	209628.39	35563
252.59871	662.5	159.125	280.0	-0.49554962	209628.39	35563
226.78761	636.0	54.1875	95.5	-0.49554962	209628.39	35563
316.82437	440.25	109.25	140.5	0.49554962	209628.39	35563
226.34125	232.5	47.25	98.0	-0.49554962	209628.39	35563
107.48564	582.0	148.25	122.6875	0.49554962	209628.39	35563
198.52159	399.75	120.6875	151.0	0.49554962	209628.39	35563
288.06113	340.5	88.875	106.0	0.49554962	209628.39	35563
394.14438	621.5	70.9375	126.1875	-0.49554962	209628.39	35563
55.09937	214.0	78.6875	98.25	0.49554962	209628.39	35563
98.89063	666.5	62.375	176.5	0.49554962	209628.39	35563
154.41478	258.75	120.25	117.5625	0.49554962	209628.39	35563
96.95506	235.75	124.9375	99.375	0.49554962	209628.39	35563
117.945854	323.75	177.125	83.3125	0.49554962	209628.39	35563
