lep_pt	genWeights	sumWeight	N_exp
483.85822	1.0	10001.0	77280
117.73608	1.0	10001.0	77280
124.69058	1.0	10001.0	77280
123.87582	1.0	10001.0	77280
299.68433	1.0	10001.0	77280
218.88664	1.0	10001.0	77280
85.46905	1.0	10001.0	77280
176.03569	1.0	10001.0	77280
83.90175	1.0	10001.0	77280
68.349815	1.0	10001.0	77280
180.4727	1.0	10001.0	77280
106.25548	1.0	10001.0	77280
236.94705	1.0	10001.0	77280
322.84506	1.0	10001.0	77280
69.11194	1.0	10001.0	77280
93.29409	1.0	10001.0	77280
64.95829	1.0	10001.0	77280
58.57645	1.0	10001.0	77280
161.27997	1.0	10001.0	77280
392.57495	1.0	10001.0	77280
73.68951	1.0	10001.0	77280
109.476715	1.0	10001.0	77280
116.42444	1.0	10001.0	77280
218.19276	1.0	10001.0	77280
256.17337	1.0	10001.0	77280
77.02353	1.0	10001.0	77280
91.33034	1.0	10001.0	77280
876.2961	1.0	10001.0	77280
617.18945	1.0	10001.0	77280
105.688286	1.0	10001.0	77280
86.355095	1.0	10001.0	77280
130.05942	1.0	10001.0	77280
55.396133	1.0	10001.0	77280
134.26701	1.0	10001.0	77280
102.32824	1.0	10001.0	77280
107.76917	1.0	10001.0	77280
179.71748	1.0	10001.0	77280
114.1811	1.0	10001.0	77280
86.54369	1.0	10001.0	77280
298.83105	1.0	10001.0	77280
191.67348	1.0	10001.0	77280
114.77978	1.0	10001.0	77280
100.69629	1.0	10001.0	77280
213.46033	1.0	10001.0	77280
370.29938	1.0	10001.0	77280
210.64766	1.0	10001.0	77280
120.26253	1.0	10001.0	77280
69.26903	1.0	10001.0	77280
102.60147	1.0	10001.0	77280
173.66121	1.0	10001.0	77280
134.27672	1.0	10001.0	77280
71.9845	1.0	10001.0	77280
237.4568	1.0	10001.0	77280
97.712296	1.0	10001.0	77280
241.34145	1.0	10001.0	77280
127.05081	1.0	10001.0	77280
81.51207	1.0	10001.0	77280
155.4896	1.0	10001.0	77280
120.65816	1.0	10001.0	77280
93.31319	1.0	10001.0	77280
89.38868	1.0	10001.0	77280
74.07091	1.0	10001.0	77280
46.20677	1.0	10001.0	77280
505.59015	1.0	10001.0	77280
131.38605	1.0	10001.0	77280
55.441727	1.0	10001.0	77280
252.2093	1.0	10001.0	77280
61.09271	1.0	10001.0	77280
137.63882	1.0	10001.0	77280
62.800434	1.0	10001.0	77280
59.34156	1.0	10001.0	77280
281.77145	1.0	10001.0	77280
136.1245	1.0	10001.0	77280
194.61977	1.0	10001.0	77280
203.70953	1.0	10001.0	77280
165.46898	1.0	10001.0	77280
90.19182	1.0	10001.0	77280
151.36629	1.0	10001.0	77280
137.75151	1.0	10001.0	77280
275.66544	1.0	10001.0	77280
146.48218	1.0	10001.0	77280
85.25686	1.0	10001.0	77280
65.59492	1.0	10001.0	77280
85.037636	1.0	10001.0	77280
153.42226	1.0	10001.0	77280
257.76462	1.0	10001.0	77280
151.91342	1.0	10001.0	77280
57.425606	1.0	10001.0	77280
224.58632	1.0	10001.0	77280
161.92526	1.0	10001.0	77280
849.0656	1.0	10001.0	77280
93.38139	1.0	10001.0	77280
170.94435	1.0	10001.0	77280
96.97495	1.0	10001.0	77280
129.52138	1.0	10001.0	77280
80.706375	1.0	10001.0	77280
66.23345	1.0	10001.0	77280
121.28638	1.0	10001.0	77280
237.22244	1.0	10001.0	77280
106.81245	1.0	10001.0	77280
63.18128	1.0	10001.0	77280
170.81245	1.0	10001.0	77280
156.88159	1.0	10001.0	77280
101.84452	1.0	10001.0	77280
54.395794	1.0	10001.0	77280
124.519295	1.0	10001.0	77280
280.62088	1.0	10001.0	77280
228.40883	1.0	10001.0	77280
60.662273	1.0	10001.0	77280
432.6796	1.0	10001.0	77280
49.603336	1.0	10001.0	77280
99.86821	1.0	10001.0	77280
183.0982	1.0	10001.0	77280
84.73873	1.0	10001.0	77280
87.78659	1.0	10001.0	77280
341.3036	1.0	10001.0	77280
117.401	1.0	10001.0	77280
58.097355	1.0	10001.0	77280
114.02488	1.0	10001.0	77280
116.08009	1.0	10001.0	77280
69.702965	1.0	10001.0	77280
288.85687	1.0	10001.0	77280
149.55719	1.0	10001.0	77280
115.74421	1.0	10001.0	77280
246.31325	1.0	10001.0	77280
80.952385	1.0	10001.0	77280
130.78606	1.0	10001.0	77280
126.71048	1.0	10001.0	77280
114.18988	1.0	10001.0	77280
260.79297	1.0	10001.0	77280
275.04282	1.0	10001.0	77280
58.579353	1.0	10001.0	77280
178.49886	1.0	10001.0	77280
97.53988	1.0	10001.0	77280
186.9918	1.0	10001.0	77280
80.51722	1.0	10001.0	77280
66.139496	1.0	10001.0	77280
144.39717	1.0	10001.0	77280
160.35936	1.0	10001.0	77280
107.766045	1.0	10001.0	77280
306.76587	1.0	10001.0	77280
102.33074	1.0	10001.0	77280
53.889507	1.0	10001.0	77280
443.24625	1.0	10001.0	77280
107.07873	1.0	10001.0	77280
44.66233	1.0	10001.0	77280
143.22406	1.0	10001.0	77280
49.765324	1.0	10001.0	77280
47.090492	1.0	10001.0	77280
153.882	1.0	10001.0	77280
184.59117	1.0	10001.0	77280
171.99402	1.0	10001.0	77280
188.38536	1.0	10001.0	77280
171.69095	1.0	10001.0	77280
93.64165	1.0	10001.0	77280
132.2857	1.0	10001.0	77280
79.301834	1.0	10001.0	77280
187.06381	1.0	10001.0	77280
328.61475	1.0	10001.0	77280
400.44922	1.0	10001.0	77280
63.98892	1.0	10001.0	77280
77.92895	1.0	10001.0	77280
231.3385	1.0	10001.0	77280
59.741013	1.0	10001.0	77280
172.75542	1.0	10001.0	77280
134.5284	1.0	10001.0	77280
46.563644	1.0	10001.0	77280
98.45727	1.0	10001.0	77280
374.7556	1.0	10001.0	77280
84.5312	1.0	10001.0	77280
74.335785	1.0	10001.0	77280
287.7798	1.0	10001.0	77280
105.864685	1.0	10001.0	77280
177.71825	1.0	10001.0	77280
153.74997	1.0	10001.0	77280
75.73336	1.0	10001.0	77280
274.52664	1.0	10001.0	77280
329.6327	1.0	10001.0	77280
72.267494	1.0	10001.0	77280
263.4891	1.0	10001.0	77280
110.01142	1.0	10001.0	77280
82.81935	1.0	10001.0	77280
93.694725	1.0	10001.0	77280
105.47375	1.0	10001.0	77280
171.52078	1.0	10001.0	77280
80.9332	1.0	10001.0	77280
55.575665	1.0	10001.0	77280
150.71478	1.0	10001.0	77280
313.163	1.0	10001.0	77280
187.56566	1.0	10001.0	77280
103.256676	1.0	10001.0	77280
306.50415	1.0	10001.0	77280
132.2393	1.0	10001.0	77280
167.37053	1.0	10001.0	77280
425.6606	1.0	10001.0	77280
305.84256	1.0	10001.0	77280
46.06134	1.0	10001.0	77280
83.51417	1.0	10001.0	77280
74.93166	1.0	10001.0	77280
108.422806	1.0	10001.0	77280
63.721706	1.0	10001.0	77280
346.00647	1.0	10001.0	77280
102.73671	1.0	10001.0	77280
431.94833	1.0	10001.0	77280
97.42746	1.0	10001.0	77280
128.0191	1.0	10001.0	77280
80.785164	1.0	10001.0	77280
209.86781	1.0	10001.0	77280
76.59264	1.0	10001.0	77280
493.03583	1.0	10001.0	77280
49.47377	1.0	10001.0	77280
144.71295	1.0	10001.0	77280
84.42654	1.0	10001.0	77280
57.6275	1.0	10001.0	77280
84.487335	1.0	10001.0	77280
135.68843	1.0	10001.0	77280
224.56046	1.0	10001.0	77280
48.185146	1.0	10001.0	77280
209.87201	1.0	10001.0	77280
95.99829	1.0	10001.0	77280
92.80047	1.0	10001.0	77280
46.472008	1.0	10001.0	77280
310.51105	1.0	10001.0	77280
59.92832	1.0	10001.0	77280
116.34476	1.0	10001.0	77280
57.874302	1.0	10001.0	77280
149.9989	1.0	10001.0	77280
179.91672	1.0	10001.0	77280
27.942617	1.0	10001.0	77280
92.29607	1.0	10001.0	77280
65.6729	1.0	10001.0	77280
63.621407	1.0	10001.0	77280
71.296265	1.0	10001.0	77280
111.84851	1.0	10001.0	77280
220.93074	1.0	10001.0	77280
78.71561	1.0	10001.0	77280
276.35043	1.0	10001.0	77280
86.50959	1.0	10001.0	77280
235.99184	1.0	10001.0	77280
365.98392	1.0	10001.0	77280
156.5894	1.0	10001.0	77280
154.27	1.0	10001.0	77280
140.57704	1.0	10001.0	77280
59.003307	1.0	10001.0	77280
79.5755	1.0	10001.0	77280
117.35662	1.0	10001.0	77280
176.8933	1.0	10001.0	77280
231.33366	1.0	10001.0	77280
80.414	1.0	10001.0	77280
67.081825	1.0	10001.0	77280
96.899574	1.0	10001.0	77280
66.82306	1.0	10001.0	77280
85.19279	1.0	10001.0	77280
83.6041	1.0	10001.0	77280
460.33365	1.0	10001.0	77280
262.21085	1.0	10001.0	77280
127.14556	1.0	10001.0	77280
52.781734	1.0	10001.0	77280
93.29476	1.0	10001.0	77280
124.67967	1.0	10001.0	77280
53.55755	1.0	10001.0	77280
155.40303	1.0	10001.0	77280
94.000885	1.0	10001.0	77280
69.15362	1.0	10001.0	77280
160.44687	1.0	10001.0	77280
141.40515	1.0	10001.0	77280
85.05574	1.0	10001.0	77280
238.99532	1.0	10001.0	77280
65.86343	1.0	10001.0	77280
117.070694	1.0	10001.0	77280
125.37821	1.0	10001.0	77280
82.25392	1.0	10001.0	77280
170.13376	1.0	10001.0	77280
73.77708	1.0	10001.0	77280
170.62816	1.0	10001.0	77280
75.86399	1.0	10001.0	77280
38.93395	1.0	10001.0	77280
106.502495	1.0	10001.0	77280
122.079956	1.0	10001.0	77280
226.74802	1.0	10001.0	77280
50.815422	1.0	10001.0	77280
396.72098	1.0	10001.0	77280
134.93816	1.0	10001.0	77280
128.85796	1.0	10001.0	77280
82.006294	1.0	10001.0	77280
44.519875	1.0	10001.0	77280
283.887	1.0	10001.0	77280
277.26645	1.0	10001.0	77280
252.51678	1.0	10001.0	77280
173.12427	1.0	10001.0	77280
78.21776	1.0	10001.0	77280
138.2986	1.0	10001.0	77280
45.841125	1.0	10001.0	77280
165.66847	1.0	10001.0	77280
88.26378	1.0	10001.0	77280
121.33367	1.0	10001.0	77280
179.37517	1.0	10001.0	77280
178.78075	1.0	10001.0	77280
48.7027	1.0	10001.0	77280
127.75997	1.0	10001.0	77280
168.3395	1.0	10001.0	77280
121.71659	1.0	10001.0	77280
413.95148	1.0	10001.0	77280
122.912125	1.0	10001.0	77280
83.54624	1.0	10001.0	77280
178.04076	1.0	10001.0	77280
80.68171	1.0	10001.0	77280
130.58914	1.0	10001.0	77280
99.40774	1.0	10001.0	77280
90.42971	1.0	10001.0	77280
144.12872	1.0	10001.0	77280
87.47974	1.0	10001.0	77280
114.42602	1.0	10001.0	77280
108.69815	1.0	10001.0	77280
58.521053	1.0	10001.0	77280
145.83339	1.0	10001.0	77280
241.43483	1.0	10001.0	77280
178.69693	1.0	10001.0	77280
86.149086	1.0	10001.0	77280
44.141808	1.0	10001.0	77280
691.8785	1.0	10001.0	77280
296.07132	1.0	10001.0	77280
83.51364	1.0	10001.0	77280
107.099785	1.0	10001.0	77280
243.47047	1.0	10001.0	77280
137.98776	1.0	10001.0	77280
93.18846	1.0	10001.0	77280
747.02576	1.0	10001.0	77280
64.34305	1.0	10001.0	77280
51.17091	1.0	10001.0	77280
645.1769	1.0	10001.0	77280
267.57657	1.0	10001.0	77280
144.00964	1.0	10001.0	77280
32.37629	1.0	10001.0	77280
48.21798	1.0	10001.0	77280
442.84967	1.0	10001.0	77280
123.65777	1.0	10001.0	77280
283.43588	1.0	10001.0	77280
265.38184	1.0	10001.0	77280
482.65366	1.0	10001.0	77280
251.29565	1.0	10001.0	77280
52.869373	1.0	10001.0	77280
186.97958	1.0	10001.0	77280
227.2528	1.0	10001.0	77280
48.06207	1.0	10001.0	77280
311.01773	1.0	10001.0	77280
120.893425	1.0	10001.0	77280
106.59665	1.0	10001.0	77280
101.83823	1.0	10001.0	77280
152.99792	1.0	10001.0	77280
98.75452	1.0	10001.0	77280
278.12286	1.0	10001.0	77280
101.44662	1.0	10001.0	77280
120.72312	1.0	10001.0	77280
707.29724	1.0	10001.0	77280
397.07428	1.0	10001.0	77280
170.61879	1.0	10001.0	77280
191.38957	1.0	10001.0	77280
58.657406	1.0	10001.0	77280
39.07192	1.0	10001.0	77280
53.41817	1.0	10001.0	77280
300.4314	1.0	10001.0	77280
100.4254	1.0	10001.0	77280
86.970825	1.0	10001.0	77280
42.349575	1.0	10001.0	77280
142.66388	1.0	10001.0	77280
354.7039	1.0	10001.0	77280
248.69667	1.0	10001.0	77280
81.60601	1.0	10001.0	77280
87.0201	1.0	10001.0	77280
94.230255	1.0	10001.0	77280
139.44417	1.0	10001.0	77280
152.43802	1.0	10001.0	77280
260.6419	1.0	10001.0	77280
58.41473	1.0	10001.0	77280
298.13022	1.0	10001.0	77280
44.159035	1.0	10001.0	77280
74.2394	1.0	10001.0	77280
440.48615	1.0	10001.0	77280
49.70775	1.0	10001.0	77280
394.60672	1.0	10001.0	77280
73.1328	1.0	10001.0	77280
108.84863	1.0	10001.0	77280
82.97563	1.0	10001.0	77280
94.171394	1.0	10001.0	77280
89.95351	1.0	10001.0	77280
344.5857	1.0	10001.0	77280
303.21933	1.0	10001.0	77280
284.37857	1.0	10001.0	77280
107.57869	1.0	10001.0	77280
65.608025	1.0	10001.0	77280
130.80844	1.0	10001.0	77280
457.3586	1.0	10001.0	77280
291.41226	1.0	10001.0	77280
97.35337	1.0	10001.0	77280
125.98302	1.0	10001.0	77280
634.01025	1.0	10001.0	77280
570.4689	1.0	10001.0	77280
57.00099	1.0	10001.0	77280
204.108	1.0	10001.0	77280
128.93443	1.0	10001.0	77280
55.31578	1.0	10001.0	77280
172.62033	1.0	10001.0	77280
118.844475	1.0	10001.0	77280
47.29423	1.0	10001.0	77280
88.68816	1.0	10001.0	77280
180.2415	1.0	10001.0	77280
63.6291	1.0	10001.0	77280
571.51355	1.0	10001.0	77280
144.97845	1.0	10001.0	77280
158.28099	1.0	10001.0	77280
182.6381	1.0	10001.0	77280
69.75929	1.0	10001.0	77280
61.625374	1.0	10001.0	77280
55.404724	1.0	10001.0	77280
76.23721	1.0	10001.0	77280
98.6296	1.0	10001.0	77280
85.15546	1.0	10001.0	77280
63.95359	1.0	10001.0	77280
400.53058	1.0	10001.0	77280
54.609734	1.0	10001.0	77280
93.09909	1.0	10001.0	77280
78.49528	1.0	10001.0	77280
947.945	1.0	10001.0	77280
48.211086	1.0	10001.0	77280
29.821037	1.0	10001.0	77280
88.22788	1.0	10001.0	77280
114.5061	1.0	10001.0	77280
64.25039	1.0	10001.0	77280
104.41096	1.0	10001.0	77280
218.55228	1.0	10001.0	77280
237.42833	1.0	10001.0	77280
89.81186	1.0	10001.0	77280
91.85095	1.0	10001.0	77280
102.61722	1.0	10001.0	77280
88.18865	1.0	10001.0	77280
46.09054	1.0	10001.0	77280
885.7665	1.0	10001.0	77280
392.29565	1.0	10001.0	77280
79.93194	1.0	10001.0	77280
98.28048	1.0	10001.0	77280
56.62476	1.0	10001.0	77280
78.42467	1.0	10001.0	77280
78.16438	1.0	10001.0	77280
102.00444	1.0	10001.0	77280
75.18515	1.0	10001.0	77280
73.641396	1.0	10001.0	77280
449.72992	1.0	10001.0	77280
166.1153	1.0	10001.0	77280
307.6011	1.0	10001.0	77280
126.024124	1.0	10001.0	77280
92.48329	1.0	10001.0	77280
83.41961	1.0	10001.0	77280
48.769287	1.0	10001.0	77280
61.476097	1.0	10001.0	77280
153.84317	1.0	10001.0	77280
101.89213	1.0	10001.0	77280
355.52936	1.0	10001.0	77280
140.07521	1.0	10001.0	77280
118.43432	1.0	10001.0	77280
108.634575	1.0	10001.0	77280
171.81015	1.0	10001.0	77280
60.124146	1.0	10001.0	77280
148.53525	1.0	10001.0	77280
296.88153	1.0	10001.0	77280
91.5318	1.0	10001.0	77280
61.60686	1.0	10001.0	77280
126.19014	1.0	10001.0	77280
219.27306	1.0	10001.0	77280
172.66397	1.0	10001.0	77280
57.559654	1.0	10001.0	77280
49.64554	1.0	10001.0	77280
63.097965	1.0	10001.0	77280
296.0015	1.0	10001.0	77280
47.94516	1.0	10001.0	77280
90.383705	1.0	10001.0	77280
128.81409	1.0	10001.0	77280
81.55868	1.0	10001.0	77280
89.29175	1.0	10001.0	77280
119.04986	1.0	10001.0	77280
311.36862	1.0	10001.0	77280
136.42732	1.0	10001.0	77280
47.464005	1.0	10001.0	77280
52.30354	1.0	10001.0	77280
85.681244	1.0	10001.0	77280
32.11134	1.0	10001.0	77280
652.9666	1.0	10001.0	77280
327.77216	1.0	10001.0	77280
73.18166	1.0	10001.0	77280
88.540695	1.0	10001.0	77280
128.75996	1.0	10001.0	77280
55.852005	1.0	10001.0	77280
54.31724	1.0	10001.0	77280
137.58452	1.0	10001.0	77280
135.31635	1.0	10001.0	77280
216.63057	1.0	10001.0	77280
73.19168	1.0	10001.0	77280
52.64058	1.0	10001.0	77280
50.777412	1.0	10001.0	77280
41.96014	1.0	10001.0	77280
114.46433	1.0	10001.0	77280
103.1732	1.0	10001.0	77280
52.58752	1.0	10001.0	77280
190.96214	1.0	10001.0	77280
62.01185	1.0	10001.0	77280
135.92155	1.0	10001.0	77280
62.014553	1.0	10001.0	77280
123.86493	1.0	10001.0	77280
646.8813	1.0	10001.0	77280
214.89468	1.0	10001.0	77280
395.11713	1.0	10001.0	77280
171.30307	1.0	10001.0	77280
248.17877	1.0	10001.0	77280
617.68317	1.0	10001.0	77280
91.57402	1.0	10001.0	77280
517.3293	1.0	10001.0	77280
218.2175	1.0	10001.0	77280
162.48071	1.0	10001.0	77280
317.5108	1.0	10001.0	77280
47.461987	1.0	10001.0	77280
211.0846	1.0	10001.0	77280
95.21443	1.0	10001.0	77280
89.18733	1.0	10001.0	77280
282.40585	1.0	10001.0	77280
173.26816	1.0	10001.0	77280
102.50253	1.0	10001.0	77280
146.9017	1.0	10001.0	77280
188.30763	1.0	10001.0	77280
123.2203	1.0	10001.0	77280
285.07535	1.0	10001.0	77280
108.000694	1.0	10001.0	77280
187.63849	1.0	10001.0	77280
42.817646	1.0	10001.0	77280
56.07095	1.0	10001.0	77280
109.157715	1.0	10001.0	77280
121.4989	1.0	10001.0	77280
68.61784	1.0	10001.0	77280
262.56195	1.0	10001.0	77280
404.52466	1.0	10001.0	77280
208.67357	1.0	10001.0	77280
108.55291	1.0	10001.0	77280
70.65211	1.0	10001.0	77280
130.1473	1.0	10001.0	77280
67.334496	1.0	10001.0	77280
243.44771	1.0	10001.0	77280
91.91586	1.0	10001.0	77280
76.03106	1.0	10001.0	77280
133.77046	1.0	10001.0	77280
163.09418	1.0	10001.0	77280
63.79218	1.0	10001.0	77280
98.5878	1.0	10001.0	77280
255.41449	1.0	10001.0	77280
118.549644	1.0	10001.0	77280
400.97556	1.0	10001.0	77280
307.30148	1.0	10001.0	77280
216.47215	1.0	10001.0	77280
555.1624	1.0	10001.0	77280
49.248947	1.0	10001.0	77280
175.50333	1.0	10001.0	77280
61.088856	1.0	10001.0	77280
196.76321	1.0	10001.0	77280
57.783997	1.0	10001.0	77280
35.16588	1.0	10001.0	77280
100.217545	1.0	10001.0	77280
75.14709	1.0	10001.0	77280
133.14043	1.0	10001.0	77280
209.92902	1.0	10001.0	77280
337.20596	1.0	10001.0	77280
184.04897	1.0	10001.0	77280
110.011314	1.0	10001.0	77280
53.93756	1.0	10001.0	77280
104.580025	1.0	10001.0	77280
262.82297	1.0	10001.0	77280
46.01569	1.0	10001.0	77280
95.41492	1.0	10001.0	77280
368.9564	1.0	10001.0	77280
388.19257	1.0	10001.0	77280
83.16108	1.0	10001.0	77280
129.31697	1.0	10001.0	77280
142.27899	1.0	10001.0	77280
127.53091	1.0	10001.0	77280
100.98886	1.0	10001.0	77280
48.798332	1.0	10001.0	77280
175.12492	1.0	10001.0	77280
190.8697	1.0	10001.0	77280
306.61615	1.0	10001.0	77280
74.16307	1.0	10001.0	77280
81.651054	1.0	10001.0	77280
70.46949	1.0	10001.0	77280
110.76578	1.0	10001.0	77280
48.16654	1.0	10001.0	77280
113.13828	1.0	10001.0	77280
270.432	1.0	10001.0	77280
251.32477	1.0	10001.0	77280
68.12452	1.0	10001.0	77280
182.87296	1.0	10001.0	77280
151.21289	1.0	10001.0	77280
352.71255	1.0	10001.0	77280
701.325	1.0	10001.0	77280
66.08595	1.0	10001.0	77280
180.13037	1.0	10001.0	77280
152.22546	1.0	10001.0	77280
38.327564	1.0	10001.0	77280
299.27097	1.0	10001.0	77280
78.82978	1.0	10001.0	77280
91.29536	1.0	10001.0	77280
69.24458	1.0	10001.0	77280
57.64216	1.0	10001.0	77280
268.49936	1.0	10001.0	77280
255.65916	1.0	10001.0	77280
246.35313	1.0	10001.0	77280
90.25751	1.0	10001.0	77280
221.15915	1.0	10001.0	77280
179.98715	1.0	10001.0	77280
117.06527	1.0	10001.0	77280
265.76733	1.0	10001.0	77280
53.52287	1.0	10001.0	77280
51.64599	1.0	10001.0	77280
436.77057	1.0	10001.0	77280
247.90358	1.0	10001.0	77280
59.547913	1.0	10001.0	77280
95.74407	1.0	10001.0	77280
55.782864	1.0	10001.0	77280
69.794395	1.0	10001.0	77280
46.324142	1.0	10001.0	77280
283.72754	1.0	10001.0	77280
448.9434	1.0	10001.0	77280
86.85315	1.0	10001.0	77280
53.29189	1.0	10001.0	77280
61.633842	1.0	10001.0	77280
60.14942	1.0	10001.0	77280
105.63398	1.0	10001.0	77280
286.35733	1.0	10001.0	77280
198.71759	1.0	10001.0	77280
82.32834	1.0	10001.0	77280
58.992912	1.0	10001.0	77280
339.5338	1.0	10001.0	77280
95.68578	1.0	10001.0	77280
55.628105	1.0	10001.0	77280
53.752712	1.0	10001.0	77280
240.69179	1.0	10001.0	77280
887.1379	1.0	10001.0	77280
181.9247	1.0	10001.0	77280
71.371124	1.0	10001.0	77280
437.27744	1.0	10001.0	77280
208.92378	1.0	10001.0	77280
198.29071	1.0	10001.0	77280
58.56618	1.0	10001.0	77280
86.194275	1.0	10001.0	77280
124.76292	1.0	10001.0	77280
56.134163	1.0	10001.0	77280
77.705376	1.0	10001.0	77280
112.01699	1.0	10001.0	77280
76.033585	1.0	10001.0	77280
96.850464	1.0	10001.0	77280
85.372086	1.0	10001.0	77280
285.76117	1.0	10001.0	77280
184.1984	1.0	10001.0	77280
77.31378	1.0	10001.0	77280
65.851364	1.0	10001.0	77280
126.00025	1.0	10001.0	77280
114.00999	1.0	10001.0	77280
59.391224	1.0	10001.0	77280
65.49451	1.0	10001.0	77280
109.495514	1.0	10001.0	77280
83.31307	1.0	10001.0	77280
99.44826	1.0	10001.0	77280
124.986595	1.0	10001.0	77280
115.33492	1.0	10001.0	77280
120.97488	1.0	10001.0	77280
177.73874	1.0	10001.0	77280
141.8192	1.0	10001.0	77280
99.422165	1.0	10001.0	77280
78.375435	1.0	10001.0	77280
66.21752	1.0	10001.0	77280
102.11099	1.0	10001.0	77280
100.72281	1.0	10001.0	77280
110.8743	1.0	10001.0	77280
175.04808	1.0	10001.0	77280
695.45496	1.0	10001.0	77280
168.43651	1.0	10001.0	77280
559.6112	1.0	10001.0	77280
102.70294	1.0	10001.0	77280
206.5557	1.0	10001.0	77280
64.23421	1.0	10001.0	77280
298.7281	1.0	10001.0	77280
57.84022	1.0	10001.0	77280
55.00336	1.0	10001.0	77280
115.32528	1.0	10001.0	77280
48.5164	1.0	10001.0	77280
348.09705	1.0	10001.0	77280
88.907616	1.0	10001.0	77280
199.9263	1.0	10001.0	77280
213.0412	1.0	10001.0	77280
48.967705	1.0	10001.0	77280
60.845245	1.0	10001.0	77280
152.27702	1.0	10001.0	77280
56.262627	1.0	10001.0	77280
96.48821	1.0	10001.0	77280
87.408554	1.0	10001.0	77280
86.16272	1.0	10001.0	77280
66.61876	1.0	10001.0	77280
66.21164	1.0	10001.0	77280
54.364006	1.0	10001.0	77280
115.37721	1.0	10001.0	77280
175.80673	1.0	10001.0	77280
245.19539	1.0	10001.0	77280
74.45729	1.0	10001.0	77280
143.7531	1.0	10001.0	77280
390.2728	1.0	10001.0	77280
90.5626	1.0	10001.0	77280
128.3169	1.0	10001.0	77280
78.96443	1.0	10001.0	77280
103.9059	1.0	10001.0	77280
301.37952	1.0	10001.0	77280
64.2225	1.0	10001.0	77280
248.23361	1.0	10001.0	77280
157.13007	1.0	10001.0	77280
384.60986	1.0	10001.0	77280
62.485455	1.0	10001.0	77280
64.58729	1.0	10001.0	77280
386.61597	1.0	10001.0	77280
81.051926	1.0	10001.0	77280
73.972374	1.0	10001.0	77280
298.6829	1.0	10001.0	77280
97.155525	1.0	10001.0	77280
246.3591	1.0	10001.0	77280
89.52233	1.0	10001.0	77280
75.00763	1.0	10001.0	77280
76.088936	1.0	10001.0	77280
66.37097	1.0	10001.0	77280
166.86803	1.0	10001.0	77280
184.02098	1.0	10001.0	77280
251.63103	1.0	10001.0	77280
57.11704	1.0	10001.0	77280
78.06556	1.0	10001.0	77280
165.78172	1.0	10001.0	77280
182.4944	1.0	10001.0	77280
30.387926	1.0	10001.0	77280
117.298004	1.0	10001.0	77280
225.56824	1.0	10001.0	77280
80.71939	1.0	10001.0	77280
51.934216	1.0	10001.0	77280
173.98024	1.0	10001.0	77280
57.51048	1.0	10001.0	77280
66.67978	1.0	10001.0	77280
93.63416	1.0	10001.0	77280
98.6244	1.0	10001.0	77280
93.81319	1.0	10001.0	77280
88.20667	1.0	10001.0	77280
162.62251	1.0	10001.0	77280
55.655174	1.0	10001.0	77280
167.47653	1.0	10001.0	77280
361.1068	1.0	10001.0	77280
99.32603	1.0	10001.0	77280
454.38074	1.0	10001.0	77280
74.334564	1.0	10001.0	77280
67.542915	1.0	10001.0	77280
182.16936	1.0	10001.0	77280
212.50803	1.0	10001.0	77280
88.74529	1.0	10001.0	77280
202.3922	1.0	10001.0	77280
66.9673	1.0	10001.0	77280
259.17212	1.0	10001.0	77280
361.4256	1.0	10001.0	77280
67.29082	1.0	10001.0	77280
77.16594	1.0	10001.0	77280
113.50716	1.0	10001.0	77280
114.66055	1.0	10001.0	77280
75.84599	1.0	10001.0	77280
690.4616	1.0	10001.0	77280
199.75978	1.0	10001.0	77280
188.94191	1.0	10001.0	77280
118.925255	1.0	10001.0	77280
84.22993	1.0	10001.0	77280
112.680725	1.0	10001.0	77280
152.11789	1.0	10001.0	77280
108.849464	1.0	10001.0	77280
216.41045	1.0	10001.0	77280
239.46092	1.0	10001.0	77280
57.51424	1.0	10001.0	77280
175.33441	1.0	10001.0	77280
68.70258	1.0	10001.0	77280
154.02959	1.0	10001.0	77280
77.76125	1.0	10001.0	77280
96.063515	1.0	10001.0	77280
109.30889	1.0	10001.0	77280
62.166576	1.0	10001.0	77280
262.5618	1.0	10001.0	77280
175.20288	1.0	10001.0	77280
82.435616	1.0	10001.0	77280
374.6419	1.0	10001.0	77280
151.4862	1.0	10001.0	77280
48.07591	1.0	10001.0	77280
79.82023	1.0	10001.0	77280
70.96709	1.0	10001.0	77280
217.81789	1.0	10001.0	77280
157.3612	1.0	10001.0	77280
246.56656	1.0	10001.0	77280
126.68478	1.0	10001.0	77280
105.65998	1.0	10001.0	77280
167.32121	1.0	10001.0	77280
186.80728	1.0	10001.0	77280
131.13986	1.0	10001.0	77280
268.3927	1.0	10001.0	77280
50.611828	1.0	10001.0	77280
80.48174	1.0	10001.0	77280
91.200386	1.0	10001.0	77280
215.4245	1.0	10001.0	77280
151.49933	1.0	10001.0	77280
202.98134	1.0	10001.0	77280
149.32033	1.0	10001.0	77280
141.07466	1.0	10001.0	77280
501.79813	1.0	10001.0	77280
96.223625	1.0	10001.0	77280
101.42715	1.0	10001.0	77280
102.50964	1.0	10001.0	77280
43.147884	1.0	10001.0	77280
288.5559	1.0	10001.0	77280
65.38661	1.0	10001.0	77280
49.2129	1.0	10001.0	77280
98.348885	1.0	10001.0	77280
50.512646	1.0	10001.0	77280
523.38965	1.0	10001.0	77280
326.9949	1.0	10001.0	77280
112.80082	1.0	10001.0	77280
58.057777	1.0	10001.0	77280
140.02791	1.0	10001.0	77280
56.904583	1.0	10001.0	77280
89.11963	1.0	10001.0	77280
96.10211	1.0	10001.0	77280
30.558472	1.0	10001.0	77280
396.64954	1.0	10001.0	77280
72.0074	1.0	10001.0	77280
118.727394	1.0	10001.0	77280
259.96387	1.0	10001.0	77280
117.47303	1.0	10001.0	77280
117.97588	1.0	10001.0	77280
303.86087	1.0	10001.0	77280
63.3835	1.0	10001.0	77280
464.56805	1.0	10001.0	77280
70.78073	1.0	10001.0	77280
282.55823	1.0	10001.0	77280
627.38025	1.0	10001.0	77280
92.92715	1.0	10001.0	77280
314.61063	1.0	10001.0	77280
59.117596	1.0	10001.0	77280
116.97263	1.0	10001.0	77280
391.2145	1.0	10001.0	77280
387.63535	1.0	10001.0	77280
48.935608	1.0	10001.0	77280
363.06516	1.0	10001.0	77280
110.900475	1.0	10001.0	77280
101.95318	1.0	10001.0	77280
125.85921	1.0	10001.0	77280
137.6169	1.0	10001.0	77280
142.67015	1.0	10001.0	77280
207.0772	1.0	10001.0	77280
218.46867	1.0	10001.0	77280
90.200165	1.0	10001.0	77280
86.495186	1.0	10001.0	77280
84.55631	1.0	10001.0	77280
500.9643	1.0	10001.0	77280
56.924557	1.0	10001.0	77280
68.600426	1.0	10001.0	77280
110.33589	1.0	10001.0	77280
93.06523	1.0	10001.0	77280
260.5707	1.0	10001.0	77280
188.2097	1.0	10001.0	77280
61.284046	1.0	10001.0	77280
154.06291	1.0	10001.0	77280
186.24332	1.0	10001.0	77280
95.038475	1.0	10001.0	77280
115.449974	1.0	10001.0	77280
62.60136	1.0	10001.0	77280
72.691864	1.0	10001.0	77280
181.2407	1.0	10001.0	77280
79.56705	1.0	10001.0	77280
74.13626	1.0	10001.0	77280
231.14532	1.0	10001.0	77280
137.1312	1.0	10001.0	77280
475.59735	1.0	10001.0	77280
135.42508	1.0	10001.0	77280
245.523	1.0	10001.0	77280
92.31291	1.0	10001.0	77280
88.30105	1.0	10001.0	77280
210.80591	1.0	10001.0	77280
47.61377	1.0	10001.0	77280
289.40186	1.0	10001.0	77280
552.7646	1.0	10001.0	77280
487.97867	1.0	10001.0	77280
80.328125	1.0	10001.0	77280
111.2689	1.0	10001.0	77280
75.00343	1.0	10001.0	77280
532.4336	1.0	10001.0	77280
61.64225	1.0	10001.0	77280
106.274155	1.0	10001.0	77280
585.597	1.0	10001.0	77280
64.94165	1.0	10001.0	77280
159.85046	1.0	10001.0	77280
346.92688	1.0	10001.0	77280
154.8339	1.0	10001.0	77280
110.9831	1.0	10001.0	77280
142.27782	1.0	10001.0	77280
296.1881	1.0	10001.0	77280
109.14194	1.0	10001.0	77280
130.17177	1.0	10001.0	77280
94.71093	1.0	10001.0	77280
93.22267	1.0	10001.0	77280
159.3246	1.0	10001.0	77280
113.86193	1.0	10001.0	77280
134.55342	1.0	10001.0	77280
341.89783	1.0	10001.0	77280
126.78871	1.0	10001.0	77280
370.7158	1.0	10001.0	77280
251.05788	1.0	10001.0	77280
75.424614	1.0	10001.0	77280
299.98016	1.0	10001.0	77280
50.383625	1.0	10001.0	77280
54.58924	1.0	10001.0	77280
45.214012	1.0	10001.0	77280
148.5502	1.0	10001.0	77280
220.80002	1.0	10001.0	77280
117.552734	1.0	10001.0	77280
149.24306	1.0	10001.0	77280
130.42961	1.0	10001.0	77280
75.2534	1.0	10001.0	77280
269.27643	1.0	10001.0	77280
91.15776	1.0	10001.0	77280
112.31797	1.0	10001.0	77280
113.24527	1.0	10001.0	77280
142.2292	1.0	10001.0	77280
81.18686	1.0	10001.0	77280
186.58932	1.0	10001.0	77280
194.74478	1.0	10001.0	77280
90.07529	1.0	10001.0	77280
163.3956	1.0	10001.0	77280
68.89629	1.0	10001.0	77280
507.61966	1.0	10001.0	77280
325.70132	1.0	10001.0	77280
137.98465	1.0	10001.0	77280
70.27032	1.0	10001.0	77280
96.08905	1.0	10001.0	77280
192.98985	1.0	10001.0	77280
306.55325	1.0	10001.0	77280
55.628384	1.0	10001.0	77280
154.30296	1.0	10001.0	77280
255.38905	1.0	10001.0	77280
102.411125	1.0	10001.0	77280
501.49692	1.0	10001.0	77280
64.43923	1.0	10001.0	77280
214.69865	1.0	10001.0	77280
53.28253	1.0	10001.0	77280
262.9213	1.0	10001.0	77280
54.3663	1.0	10001.0	77280
135.39423	1.0	10001.0	77280
88.390656	1.0	10001.0	77280
81.69707	1.0	10001.0	77280
125.26702	1.0	10001.0	77280
74.97451	1.0	10001.0	77280
111.5551	1.0	10001.0	77280
164.73187	1.0	10001.0	77280
80.65171	1.0	10001.0	77280
173.48413	1.0	10001.0	77280
53.459118	1.0	10001.0	77280
91.85601	1.0	10001.0	77280
91.2297	1.0	10001.0	77280
158.71324	1.0	10001.0	77280
47.279095	1.0	10001.0	77280
49.078243	1.0	10001.0	77280
145.36545	1.0	10001.0	77280
517.6634	1.0	10001.0	77280
235.84575	1.0	10001.0	77280
97.432915	1.0	10001.0	77280
151.39069	1.0	10001.0	77280
102.41846	1.0	10001.0	77280
51.946102	1.0	10001.0	77280
334.42505	1.0	10001.0	77280
213.38184	1.0	10001.0	77280
176.38322	1.0	10001.0	77280
157.88211	1.0	10001.0	77280
48.09654	1.0	10001.0	77280
198.39268	1.0	10001.0	77280
103.75877	1.0	10001.0	77280
183.62196	1.0	10001.0	77280
187.05367	1.0	10001.0	77280
77.933426	1.0	10001.0	77280
192.69781	1.0	10001.0	77280
105.17143	1.0	10001.0	77280
130.93361	1.0	10001.0	77280
25.900457	1.0	10001.0	77280
114.90639	1.0	10001.0	77280
71.86391	1.0	10001.0	77280
247.489	1.0	10001.0	77280
202.55295	1.0	10001.0	77280
658.3056	1.0	10001.0	77280
297.39755	1.0	10001.0	77280
53.13453	1.0	10001.0	77280
269.4916	1.0	10001.0	77280
220.4536	1.0	10001.0	77280
563.7884	1.0	10001.0	77280
56.180843	1.0	10001.0	77280
298.86722	1.0	10001.0	77280
51.963196	1.0	10001.0	77280
121.01601	1.0	10001.0	77280
253.56868	1.0	10001.0	77280
253.67763	1.0	10001.0	77280
194.67416	1.0	10001.0	77280
526.3763	1.0	10001.0	77280
843.20184	1.0	10001.0	77280
59.61137	1.0	10001.0	77280
246.38155	1.0	10001.0	77280
68.19553	1.0	10001.0	77280
101.163345	1.0	10001.0	77280
74.27328	1.0	10001.0	77280
44.46476	1.0	10001.0	77280
295.37735	1.0	10001.0	77280
202.02478	1.0	10001.0	77280
452.99335	1.0	10001.0	77280
73.78588	1.0	10001.0	77280
103.302605	1.0	10001.0	77280
383.3622	1.0	10001.0	77280
161.07402	1.0	10001.0	77280
95.73711	1.0	10001.0	77280
132.67891	1.0	10001.0	77280
177.61258	1.0	10001.0	77280
227.79474	1.0	10001.0	77280
88.65588	1.0	10001.0	77280
58.28026	1.0	10001.0	77280
95.03214	1.0	10001.0	77280
78.127914	1.0	10001.0	77280
80.1011	1.0	10001.0	77280
113.43521	1.0	10001.0	77280
580.6246	1.0	10001.0	77280
198.65173	1.0	10001.0	77280
56.538116	1.0	10001.0	77280
99.37492	1.0	10001.0	77280
158.05147	1.0	10001.0	77280
48.42668	1.0	10001.0	77280
55.675964	1.0	10001.0	77280
296.2575	1.0	10001.0	77280
172.76207	1.0	10001.0	77280
138.57133	1.0	10001.0	77280
77.24516	1.0	10001.0	77280
333.65228	1.0	10001.0	77280
71.019646	1.0	10001.0	77280
272.26306	1.0	10001.0	77280
62.668713	1.0	10001.0	77280
129.88663	1.0	10001.0	77280
183.82071	1.0	10001.0	77280
133.57631	1.0	10001.0	77280
233.74512	1.0	10001.0	77280
400.24356	1.0	10001.0	77280
40.868702	1.0	10001.0	77280
89.92267	1.0	10001.0	77280
58.980812	1.0	10001.0	77280
162.09474	1.0	10001.0	77280
77.13035	1.0	10001.0	77280
122.86341	1.0	10001.0	77280
121.56298	1.0	10001.0	77280
52.638374	1.0	10001.0	77280
113.54859	1.0	10001.0	77280
171.78061	1.0	10001.0	77280
611.16986	1.0	10001.0	77280
77.78003	1.0	10001.0	77280
93.002396	1.0	10001.0	77280
528.65314	1.0	10001.0	77280
802.1601	1.0	10001.0	77280
166.29866	1.0	10001.0	77280
99.840004	1.0	10001.0	77280
65.291405	1.0	10001.0	77280
80.43315	1.0	10001.0	77280
126.36813	1.0	10001.0	77280
66.16946	1.0	10001.0	77280
113.63495	1.0	10001.0	77280
177.05298	1.0	10001.0	77280
44.029182	1.0	10001.0	77280
118.78568	1.0	10001.0	77280
111.45183	1.0	10001.0	77280
126.58095	1.0	10001.0	77280
153.10435	1.0	10001.0	77280
47.200703	1.0	10001.0	77280
706.42236	1.0	10001.0	77280
71.51185	1.0	10001.0	77280
149.34937	1.0	10001.0	77280
225.22597	1.0	10001.0	77280
156.4679	1.0	10001.0	77280
452.74646	1.0	10001.0	77280
137.94087	1.0	10001.0	77280
47.6858	1.0	10001.0	77280
147.61307	1.0	10001.0	77280
104.38427	1.0	10001.0	77280
92.91742	1.0	10001.0	77280
33.84728	1.0	10001.0	77280
692.5296	1.0	10001.0	77280
244.65433	1.0	10001.0	77280
383.28955	1.0	10001.0	77280
547.798	1.0	10001.0	77280
125.15942	1.0	10001.0	77280
119.87138	1.0	10001.0	77280
480.7154	1.0	10001.0	77280
130.1681	1.0	10001.0	77280
727.30566	1.0	10001.0	77280
52.421238	1.0	10001.0	77280
407.61646	1.0	10001.0	77280
261.00806	1.0	10001.0	77280
121.127884	1.0	10001.0	77280
56.713192	1.0	10001.0	77280
87.115845	1.0	10001.0	77280
130.96063	1.0	10001.0	77280
685.2365	1.0	10001.0	77280
86.16318	1.0	10001.0	77280
69.85664	1.0	10001.0	77280
261.94052	1.0	10001.0	77280
155.10881	1.0	10001.0	77280
88.83403	1.0	10001.0	77280
159.54651	1.0	10001.0	77280
47.521294	1.0	10001.0	77280
543.05286	1.0	10001.0	77280
220.48045	1.0	10001.0	77280
230.7684	1.0	10001.0	77280
224.21808	1.0	10001.0	77280
75.346954	1.0	10001.0	77280
48.6068	1.0	10001.0	77280
78.63848	1.0	10001.0	77280
90.838066	1.0	10001.0	77280
93.55782	1.0	10001.0	77280
48.909992	1.0	10001.0	77280
188.56587	1.0	10001.0	77280
58.90826	1.0	10001.0	77280
65.16582	1.0	10001.0	77280
67.07847	1.0	10001.0	77280
130.87283	1.0	10001.0	77280
71.97913	1.0	10001.0	77280
122.15058	1.0	10001.0	77280
292.55823	1.0	10001.0	77280
190.09746	1.0	10001.0	77280
94.5144	1.0	10001.0	77280
195.8433	1.0	10001.0	77280
68.14881	1.0	10001.0	77280
60.71995	1.0	10001.0	77280
86.0193	1.0	10001.0	77280
107.633	1.0	10001.0	77280
70.030624	1.0	10001.0	77280
64.335236	1.0	10001.0	77280
198.38109	1.0	10001.0	77280
102.49281	1.0	10001.0	77280
442.15424	1.0	10001.0	77280
125.29568	1.0	10001.0	77280
80.28063	1.0	10001.0	77280
115.854385	1.0	10001.0	77280
417.9516	1.0	10001.0	77280
87.081856	1.0	10001.0	77280
128.56688	1.0	10001.0	77280
108.15104	1.0	10001.0	77280
95.21166	1.0	10001.0	77280
625.9541	1.0	10001.0	77280
873.89954	1.0	10001.0	77280
104.871056	1.0	10001.0	77280
191.26776	1.0	10001.0	77280
141.5754	1.0	10001.0	77280
65.32632	1.0	10001.0	77280
121.77745	1.0	10001.0	77280
115.032646	1.0	10001.0	77280
128.4986	1.0	10001.0	77280
216.86752	1.0	10001.0	77280
89.83716	1.0	10001.0	77280
186.7516	1.0	10001.0	77280
114.17105	1.0	10001.0	77280
226.55557	1.0	10001.0	77280
189.79866	1.0	10001.0	77280
44.6395	1.0	10001.0	77280
651.3799	1.0	10001.0	77280
57.97015	1.0	10001.0	77280
102.828186	1.0	10001.0	77280
172.44644	1.0	10001.0	77280
78.21169	1.0	10001.0	77280
282.28665	1.0	10001.0	77280
355.13586	1.0	10001.0	77280
131.96048	1.0	10001.0	77280
120.78481	1.0	10001.0	77280
234.07245	1.0	10001.0	77280
93.118904	1.0	10001.0	77280
74.814095	1.0	10001.0	77280
189.77249	1.0	10001.0	77280
65.74013	1.0	10001.0	77280
85.51683	1.0	10001.0	77280
405.81793	1.0	10001.0	77280
71.6527	1.0	10001.0	77280
95.03876	1.0	10001.0	77280
187.40303	1.0	10001.0	77280
50.43125	1.0	10001.0	77280
99.76543	1.0	10001.0	77280
266.43866	1.0	10001.0	77280
133.16452	1.0	10001.0	77280
132.603	1.0	10001.0	77280
248.75629	1.0	10001.0	77280
114.372696	1.0	10001.0	77280
231.55894	1.0	10001.0	77280
112.07597	1.0	10001.0	77280
270.8039	1.0	10001.0	77280
609.44037	1.0	10001.0	77280
119.261955	1.0	10001.0	77280
156.33243	1.0	10001.0	77280
136.08282	1.0	10001.0	77280
219.04788	1.0	10001.0	77280
78.110535	1.0	10001.0	77280
64.26065	1.0	10001.0	77280
230.83424	1.0	10001.0	77280
161.79405	1.0	10001.0	77280
154.15382	1.0	10001.0	77280
111.12283	1.0	10001.0	77280
72.14034	1.0	10001.0	77280
165.73163	1.0	10001.0	77280
77.94844	1.0	10001.0	77280
86.046875	1.0	10001.0	77280
69.111885	1.0	10001.0	77280
58.244785	1.0	10001.0	77280
62.751244	1.0	10001.0	77280
126.3019	1.0	10001.0	77280
359.53244	1.0	10001.0	77280
100.29207	1.0	10001.0	77280
59.07089	1.0	10001.0	77280
78.43692	1.0	10001.0	77280
130.46619	1.0	10001.0	77280
105.62796	1.0	10001.0	77280
101.75453	1.0	10001.0	77280
153.22368	1.0	10001.0	77280
182.51176	1.0	10001.0	77280
318.10068	1.0	10001.0	77280
161.71677	1.0	10001.0	77280
217.52568	1.0	10001.0	77280
122.62775	1.0	10001.0	77280
389.08533	1.0	10001.0	77280
185.19632	1.0	10001.0	77280
137.49553	1.0	10001.0	77280
198.81326	1.0	10001.0	77280
70.099434	1.0	10001.0	77280
89.5427	1.0	10001.0	77280
91.92697	1.0	10001.0	77280
175.94371	1.0	10001.0	77280
67.79566	1.0	10001.0	77280
210.72034	1.0	10001.0	77280
610.6448	1.0	10001.0	77280
137.56018	1.0	10001.0	77280
48.4402	1.0	10001.0	77280
84.232796	1.0	10001.0	77280
177.46423	1.0	10001.0	77280
180.91899	1.0	10001.0	77280
260.75146	1.0	10001.0	77280
79.54491	1.0	10001.0	77280
241.15622	1.0	10001.0	77280
191.55502	1.0	10001.0	77280
93.061615	1.0	10001.0	77280
201.80533	1.0	10001.0	77280
262.16507	1.0	10001.0	77280
452.16977	1.0	10001.0	77280
297.53116	1.0	10001.0	77280
614.2451	1.0	10001.0	77280
186.01472	1.0	10001.0	77280
87.861855	1.0	10001.0	77280
201.6811	1.0	10001.0	77280
48.153687	1.0	10001.0	77280
104.235374	1.0	10001.0	77280
90.25157	1.0	10001.0	77280
172.32253	1.0	10001.0	77280
220.33199	1.0	10001.0	77280
105.8344	1.0	10001.0	77280
450.32864	1.0	10001.0	77280
104.621124	1.0	10001.0	77280
107.72589	1.0	10001.0	77280
153.84747	1.0	10001.0	77280
685.8099	1.0	10001.0	77280
44.50706	1.0	10001.0	77280
97.84155	1.0	10001.0	77280
47.209103	1.0	10001.0	77280
510.90997	1.0	10001.0	77280
71.31941	1.0	10001.0	77280
265.01	1.0	10001.0	77280
56.421436	1.0	10001.0	77280
198.55095	1.0	10001.0	77280
46.08437	1.0	10001.0	77280
58.14667	1.0	10001.0	77280
71.64313	1.0	10001.0	77280
86.70603	1.0	10001.0	77280
107.70167	1.0	10001.0	77280
120.994156	1.0	10001.0	77280
236.0697	1.0	10001.0	77280
50.853085	1.0	10001.0	77280
372.08548	1.0	10001.0	77280
127.60548	1.0	10001.0	77280
134.84529	1.0	10001.0	77280
129.80077	1.0	10001.0	77280
96.715805	1.0	10001.0	77280
119.5179	1.0	10001.0	77280
50.553734	1.0	10001.0	77280
137.89407	1.0	10001.0	77280
93.666214	1.0	10001.0	77280
53.788376	1.0	10001.0	77280
198.69966	1.0	10001.0	77280
106.429016	1.0	10001.0	77280
104.74223	1.0	10001.0	77280
161.14919	1.0	10001.0	77280
332.2037	1.0	10001.0	77280
245.75705	1.0	10001.0	77280
58.975075	1.0	10001.0	77280
162.80493	1.0	10001.0	77280
102.49645	1.0	10001.0	77280
123.093796	1.0	10001.0	77280
109.449875	1.0	10001.0	77280
132.63255	1.0	10001.0	77280
98.63063	1.0	10001.0	77280
312.37067	1.0	10001.0	77280
74.1874	1.0	10001.0	77280
109.81788	1.0	10001.0	77280
657.99	1.0	10001.0	77280
264.21127	1.0	10001.0	77280
80.065765	1.0	10001.0	77280
125.335526	1.0	10001.0	77280
61.23319	1.0	10001.0	77280
147.03093	1.0	10001.0	77280
418.91583	1.0	10001.0	77280
393.5825	1.0	10001.0	77280
134.23927	1.0	10001.0	77280
127.21852	1.0	10001.0	77280
207.48581	1.0	10001.0	77280
92.9666	1.0	10001.0	77280
154.5279	1.0	10001.0	77280
76.99344	1.0	10001.0	77280
75.35122	1.0	10001.0	77280
91.7705	1.0	10001.0	77280
411.69714	1.0	10001.0	77280
125.1409	1.0	10001.0	77280
128.01233	1.0	10001.0	77280
156.68205	1.0	10001.0	77280
157.90915	1.0	10001.0	77280
336.7568	1.0	10001.0	77280
40.74086	1.0	10001.0	77280
45.913338	1.0	10001.0	77280
98.88118	1.0	10001.0	77280
217.38507	1.0	10001.0	77280
96.75621	1.0	10001.0	77280
96.48134	1.0	10001.0	77280
94.08414	1.0	10001.0	77280
354.20926	1.0	10001.0	77280
120.56784	1.0	10001.0	77280
71.22074	1.0	10001.0	77280
469.68927	1.0	10001.0	77280
421.55487	1.0	10001.0	77280
112.168976	1.0	10001.0	77280
186.09245	1.0	10001.0	77280
98.77113	1.0	10001.0	77280
154.75432	1.0	10001.0	77280
70.97141	1.0	10001.0	77280
260.67862	1.0	10001.0	77280
104.33684	1.0	10001.0	77280
132.17467	1.0	10001.0	77280
162.23564	1.0	10001.0	77280
60.59428	1.0	10001.0	77280
167.933	1.0	10001.0	77280
178.045	1.0	10001.0	77280
307.22098	1.0	10001.0	77280
144.06287	1.0	10001.0	77280
56.095184	1.0	10001.0	77280
90.536606	1.0	10001.0	77280
100.84654	1.0	10001.0	77280
210.43672	1.0	10001.0	77280
81.07702	1.0	10001.0	77280
44.54829	1.0	10001.0	77280
174.27467	1.0	10001.0	77280
83.994896	1.0	10001.0	77280
162.38182	1.0	10001.0	77280
136.63196	1.0	10001.0	77280
164.82938	1.0	10001.0	77280
113.92078	1.0	10001.0	77280
138.80338	1.0	10001.0	77280
74.19593	1.0	10001.0	77280
104.675095	1.0	10001.0	77280
436.34018	1.0	10001.0	77280
49.03956	1.0	10001.0	77280
79.380264	1.0	10001.0	77280
67.90561	1.0	10001.0	77280
103.27763	1.0	10001.0	77280
180.0315	1.0	10001.0	77280
497.30215	1.0	10001.0	77280
57.22111	1.0	10001.0	77280
289.482	1.0	10001.0	77280
80.739204	1.0	10001.0	77280
133.92581	1.0	10001.0	77280
53.784172	1.0	10001.0	77280
557.0432	1.0	10001.0	77280
59.861694	1.0	10001.0	77280
215.6301	1.0	10001.0	77280
42.86644	1.0	10001.0	77280
85.05664	1.0	10001.0	77280
300.88562	1.0	10001.0	77280
502.1476	1.0	10001.0	77280
55.48511	1.0	10001.0	77280
231.30324	1.0	10001.0	77280
91.5133	1.0	10001.0	77280
160.63835	1.0	10001.0	77280
422.4631	1.0	10001.0	77280
179.0285	1.0	10001.0	77280
53.077496	1.0	10001.0	77280
76.00938	1.0	10001.0	77280
207.04266	1.0	10001.0	77280
142.86221	1.0	10001.0	77280
98.866646	1.0	10001.0	77280
76.04423	1.0	10001.0	77280
71.91469	1.0	10001.0	77280
284.4996	1.0	10001.0	77280
245.77658	1.0	10001.0	77280
62.28534	1.0	10001.0	77280
63.563026	1.0	10001.0	77280
94.71911	1.0	10001.0	77280
164.39775	1.0	10001.0	77280
102.66971	1.0	10001.0	77280
85.93139	1.0	10001.0	77280
54.130363	1.0	10001.0	77280
129.56601	1.0	10001.0	77280
93.81698	1.0	10001.0	77280
54.364697	1.0	10001.0	77280
136.12968	1.0	10001.0	77280
72.714615	1.0	10001.0	77280
76.468376	1.0	10001.0	77280
107.410934	1.0	10001.0	77280
62.14559	1.0	10001.0	77280
297.36496	1.0	10001.0	77280
148.57498	1.0	10001.0	77280
482.52704	1.0	10001.0	77280
57.288376	1.0	10001.0	77280
459.6904	1.0	10001.0	77280
65.34728	1.0	10001.0	77280
209.71983	1.0	10001.0	77280
461.8838	1.0	10001.0	77280
243.9078	1.0	10001.0	77280
49.032757	1.0	10001.0	77280
132.33525	1.0	10001.0	77280
81.56759	1.0	10001.0	77280
93.69442	1.0	10001.0	77280
63.65654	1.0	10001.0	77280
148.54567	1.0	10001.0	77280
394.3886	1.0	10001.0	77280
147.33482	1.0	10001.0	77280
62.921062	1.0	10001.0	77280
74.911476	1.0	10001.0	77280
69.806694	1.0	10001.0	77280
276.65472	1.0	10001.0	77280
99.368454	1.0	10001.0	77280
397.1049	1.0	10001.0	77280
51.61159	1.0	10001.0	77280
51.13722	1.0	10001.0	77280
95.873245	1.0	10001.0	77280
92.19161	1.0	10001.0	77280
124.30469	1.0	10001.0	77280
169.06813	1.0	10001.0	77280
238.21945	1.0	10001.0	77280
96.53276	1.0	10001.0	77280
296.76712	1.0	10001.0	77280
168.48479	1.0	10001.0	77280
438.81967	1.0	10001.0	77280
183.76186	1.0	10001.0	77280
496.51663	1.0	10001.0	77280
135.21246	1.0	10001.0	77280
53.87291	1.0	10001.0	77280
249.02756	1.0	10001.0	77280
83.82265	1.0	10001.0	77280
86.57149	1.0	10001.0	77280
119.42304	1.0	10001.0	77280
55.37884	1.0	10001.0	77280
94.805504	1.0	10001.0	77280
130.33414	1.0	10001.0	77280
79.31408	1.0	10001.0	77280
39.84031	1.0	10001.0	77280
240.85439	1.0	10001.0	77280
74.262856	1.0	10001.0	77280
47.201065	1.0	10001.0	77280
37.108856	1.0	10001.0	77280
58.44897	1.0	10001.0	77280
96.195724	1.0	10001.0	77280
362.86664	1.0	10001.0	77280
181.88255	1.0	10001.0	77280
110.25505	1.0	10001.0	77280
59.800056	1.0	10001.0	77280
359.5229	1.0	10001.0	77280
145.56088	1.0	10001.0	77280
843.6423	1.0	10001.0	77280
318.67072	1.0	10001.0	77280
87.61641	1.0	10001.0	77280
86.47995	1.0	10001.0	77280
51.567924	1.0	10001.0	77280
67.76817	1.0	10001.0	77280
531.6766	1.0	10001.0	77280
105.84932	1.0	10001.0	77280
76.64445	1.0	10001.0	77280
95.80288	1.0	10001.0	77280
339.93988	1.0	10001.0	77280
113.97998	1.0	10001.0	77280
309.23468	1.0	10001.0	77280
91.282135	1.0	10001.0	77280
396.10486	1.0	10001.0	77280
73.554596	1.0	10001.0	77280
90.762596	1.0	10001.0	77280
64.33982	1.0	10001.0	77280
43.660362	1.0	10001.0	77280
140.27736	1.0	10001.0	77280
62.56097	1.0	10001.0	77280
65.531166	1.0	10001.0	77280
82.52625	1.0	10001.0	77280
48.171673	1.0	10001.0	77280
102.40512	1.0	10001.0	77280
157.55525	1.0	10001.0	77280
79.17562	1.0	10001.0	77280
221.53876	1.0	10001.0	77280
99.57107	1.0	10001.0	77280
82.24991	1.0	10001.0	77280
41.754406	1.0	10001.0	77280
90.8771	1.0	10001.0	77280
201.51588	1.0	10001.0	77280
82.28161	1.0	10001.0	77280
53.412334	1.0	10001.0	77280
101.987335	1.0	10001.0	77280
63.361343	1.0	10001.0	77280
82.518	1.0	10001.0	77280
120.72394	1.0	10001.0	77280
401.4571	1.0	10001.0	77280
139.78474	1.0	10001.0	77280
79.76849	1.0	10001.0	77280
103.45524	1.0	10001.0	77280
151.95042	1.0	10001.0	77280
131.59917	1.0	10001.0	77280
428.18365	1.0	10001.0	77280
115.05304	1.0	10001.0	77280
59.596794	1.0	10001.0	77280
49.319237	1.0	10001.0	77280
79.869415	1.0	10001.0	77280
150.76382	1.0	10001.0	77280
419.2771	1.0	10001.0	77280
86.030945	1.0	10001.0	77280
65.70467	1.0	10001.0	77280
711.30804	1.0	10001.0	77280
122.41015	1.0	10001.0	77280
230.05592	1.0	10001.0	77280
163.95148	1.0	10001.0	77280
346.9021	1.0	10001.0	77280
74.14759	1.0	10001.0	77280
108.362885	1.0	10001.0	77280
88.86782	1.0	10001.0	77280
85.88578	1.0	10001.0	77280
134.97768	1.0	10001.0	77280
180.86578	1.0	10001.0	77280
119.15242	1.0	10001.0	77280
36.87394	1.0	10001.0	77280
460.44394	1.0	10001.0	77280
69.90818	1.0	10001.0	77280
204.60495	1.0	10001.0	77280
270.98605	1.0	10001.0	77280
45.92831	1.0	10001.0	77280
207.49438	1.0	10001.0	77280
159.54405	1.0	10001.0	77280
291.02136	1.0	10001.0	77280
606.07715	1.0	10001.0	77280
76.34163	1.0	10001.0	77280
172.10544	1.0	10001.0	77280
114.52666	1.0	10001.0	77280
239.81163	1.0	10001.0	77280
47.31726	1.0	10001.0	77280
106.46917	1.0	10001.0	77280
121.0243	1.0	10001.0	77280
119.39776	1.0	10001.0	77280
74.743484	1.0	10001.0	77280
82.60113	1.0	10001.0	77280
83.72086	1.0	10001.0	77280
108.865875	1.0	10001.0	77280
117.523254	1.0	10001.0	77280
53.20748	1.0	10001.0	77280
31.764494	1.0	10001.0	77280
113.5639	1.0	10001.0	77280
219.01797	1.0	10001.0	77280
96.52068	1.0	10001.0	77280
99.83979	1.0	10001.0	77280
64.6984	1.0	10001.0	77280
155.87312	1.0	10001.0	77280
59.365406	1.0	10001.0	77280
116.07925	1.0	10001.0	77280
80.591675	1.0	10001.0	77280
42.653946	1.0	10001.0	77280
259.33316	1.0	10001.0	77280
132.39352	1.0	10001.0	77280
90.57976	1.0	10001.0	77280
87.37162	1.0	10001.0	77280
248.55832	1.0	10001.0	77280
204.54361	1.0	10001.0	77280
89.10654	1.0	10001.0	77280
525.2424	1.0	10001.0	77280
267.93768	1.0	10001.0	77280
156.05637	1.0	10001.0	77280
178.67473	1.0	10001.0	77280
288.63986	1.0	10001.0	77280
250.4595	1.0	10001.0	77280
48.032055	1.0	10001.0	77280
62.890575	1.0	10001.0	77280
496.2266	1.0	10001.0	77280
179.90741	1.0	10001.0	77280
446.1166	1.0	10001.0	77280
111.008224	1.0	10001.0	77280
67.16905	1.0	10001.0	77280
65.0959	1.0	10001.0	77280
92.94676	1.0	10001.0	77280
94.85917	1.0	10001.0	77280
92.12271	1.0	10001.0	77280
92.693634	1.0	10001.0	77280
130.39456	1.0	10001.0	77280
49.84	1.0	10001.0	77280
519.21747	1.0	10001.0	77280
140.34233	1.0	10001.0	77280
170.96002	1.0	10001.0	77280
58.525608	1.0	10001.0	77280
96.86228	1.0	10001.0	77280
242.93178	1.0	10001.0	77280
80.6438	1.0	10001.0	77280
477.2793	1.0	10001.0	77280
508.39865	1.0	10001.0	77280
66.666756	1.0	10001.0	77280
159.16019	1.0	10001.0	77280
345.84277	1.0	10001.0	77280
125.04635	1.0	10001.0	77280
70.696396	1.0	10001.0	77280
94.588394	1.0	10001.0	77280
299.67035	1.0	10001.0	77280
191.17555	1.0	10001.0	77280
90.313515	1.0	10001.0	77280
34.563557	1.0	10001.0	77280
136.39542	1.0	10001.0	77280
112.887314	1.0	10001.0	77280
72.90381	1.0	10001.0	77280
154.75893	1.0	10001.0	77280
79.18805	1.0	10001.0	77280
83.6994	1.0	10001.0	77280
194.14731	1.0	10001.0	77280
686.78754	1.0	10001.0	77280
73.55508	1.0	10001.0	77280
74.46295	1.0	10001.0	77280
63.908943	1.0	10001.0	77280
261.50208	1.0	10001.0	77280
182.01936	1.0	10001.0	77280
111.91098	1.0	10001.0	77280
55.051228	1.0	10001.0	77280
54.35295	1.0	10001.0	77280
249.79486	1.0	10001.0	77280
68.431946	1.0	10001.0	77280
134.507	1.0	10001.0	77280
107.81952	1.0	10001.0	77280
113.73432	1.0	10001.0	77280
208.00362	1.0	10001.0	77280
180.01662	1.0	10001.0	77280
89.110695	1.0	10001.0	77280
85.72453	1.0	10001.0	77280
502.05743	1.0	10001.0	77280
897.35535	1.0	10001.0	77280
94.07817	1.0	10001.0	77280
281.81802	1.0	10001.0	77280
47.89546	1.0	10001.0	77280
123.44686	1.0	10001.0	77280
170.74226	1.0	10001.0	77280
135.4912	1.0	10001.0	77280
222.35019	1.0	10001.0	77280
448.52878	1.0	10001.0	77280
69.059875	1.0	10001.0	77280
81.79289	1.0	10001.0	77280
125.7441	1.0	10001.0	77280
227.69275	1.0	10001.0	77280
126.71749	1.0	10001.0	77280
368.90744	1.0	10001.0	77280
357.64008	1.0	10001.0	77280
33.860405	1.0	10001.0	77280
78.29768	1.0	10001.0	77280
52.387657	1.0	10001.0	77280
92.61866	1.0	10001.0	77280
125.37319	1.0	10001.0	77280
110.328384	1.0	10001.0	77280
95.31731	1.0	10001.0	77280
125.95841	1.0	10001.0	77280
76.36013	1.0	10001.0	77280
100.147606	1.0	10001.0	77280
117.864944	1.0	10001.0	77280
458.13913	1.0	10001.0	77280
319.30154	1.0	10001.0	77280
146.34793	1.0	10001.0	77280
73.871796	1.0	10001.0	77280
79.873184	1.0	10001.0	77280
259.2229	1.0	10001.0	77280
60.550053	1.0	10001.0	77280
78.26057	1.0	10001.0	77280
126.34543	1.0	10001.0	77280
32.284187	1.0	10001.0	77280
532.70337	1.0	10001.0	77280
30.800812	1.0	10001.0	77280
156.51195	1.0	10001.0	77280
347.3073	1.0	10001.0	77280
374.71136	1.0	10001.0	77280
50.61316	1.0	10001.0	77280
67.583435	1.0	10001.0	77280
76.181694	1.0	10001.0	77280
71.94534	1.0	10001.0	77280
122.60932	1.0	10001.0	77280
232.8084	1.0	10001.0	77280
69.69787	1.0	10001.0	77280
54.979275	1.0	10001.0	77280
80.74239	1.0	10001.0	77280
288.8268	1.0	10001.0	77280
132.8185	1.0	10001.0	77280
233.37357	1.0	10001.0	77280
163.91348	1.0	10001.0	77280
54.566013	1.0	10001.0	77280
114.17551	1.0	10001.0	77280
128.28291	1.0	10001.0	77280
91.985275	1.0	10001.0	77280
118.394356	1.0	10001.0	77280
65.93148	1.0	10001.0	77280
96.75346	1.0	10001.0	77280
78.986336	1.0	10001.0	77280
252.29802	1.0	10001.0	77280
363.78912	1.0	10001.0	77280
165.87636	1.0	10001.0	77280
251.71608	1.0	10001.0	77280
198.34718	1.0	10001.0	77280
78.10564	1.0	10001.0	77280
86.93819	1.0	10001.0	77280
565.34235	1.0	10001.0	77280
60.660423	1.0	10001.0	77280
71.074684	1.0	10001.0	77280
322.78577	1.0	10001.0	77280
145.59879	1.0	10001.0	77280
79.3981	1.0	10001.0	77280
389.09198	1.0	10001.0	77280
93.049034	1.0	10001.0	77280
53.0115	1.0	10001.0	77280
55.878483	1.0	10001.0	77280
110.40855	1.0	10001.0	77280
85.34466	1.0	10001.0	77280
86.6541	1.0	10001.0	77280
61.25587	1.0	10001.0	77280
95.91599	1.0	10001.0	77280
57.13367	1.0	10001.0	77280
140.11832	1.0	10001.0	77280
47.44764	1.0	10001.0	77280
48.77923	1.0	10001.0	77280
81.83468	1.0	10001.0	77280
352.87982	1.0	10001.0	77280
265.40985	1.0	10001.0	77280
103.041954	1.0	10001.0	77280
58.99909	1.0	10001.0	77280
200.29996	1.0	10001.0	77280
706.614	1.0	10001.0	77280
51.095882	1.0	10001.0	77280
184.26901	1.0	10001.0	77280
351.09845	1.0	10001.0	77280
61.943153	1.0	10001.0	77280
103.26883	1.0	10001.0	77280
276.10046	1.0	10001.0	77280
73.20918	1.0	10001.0	77280
110.19392	1.0	10001.0	77280
276.80804	1.0	10001.0	77280
50.80586	1.0	10001.0	77280
154.38574	1.0	10001.0	77280
79.59848	1.0	10001.0	77280
186.15692	1.0	10001.0	77280
117.59444	1.0	10001.0	77280
210.68872	1.0	10001.0	77280
99.54135	1.0	10001.0	77280
226.18634	1.0	10001.0	77280
75.35457	1.0	10001.0	77280
89.24723	1.0	10001.0	77280
177.70293	1.0	10001.0	77280
199.1904	1.0	10001.0	77280
123.80417	1.0	10001.0	77280
210.81352	1.0	10001.0	77280
121.96052	1.0	10001.0	77280
283.09885	1.0	10001.0	77280
74.61376	1.0	10001.0	77280
110.919975	1.0	10001.0	77280
42.011627	1.0	10001.0	77280
143.68575	1.0	10001.0	77280
96.34439	1.0	10001.0	77280
160.68169	1.0	10001.0	77280
157.5037	1.0	10001.0	77280
138.81813	1.0	10001.0	77280
63.06427	1.0	10001.0	77280
272.792	1.0	10001.0	77280
116.78739	1.0	10001.0	77280
64.95132	1.0	10001.0	77280
229.40022	1.0	10001.0	77280
184.59502	1.0	10001.0	77280
212.71472	1.0	10001.0	77280
147.18031	1.0	10001.0	77280
361.5432	1.0	10001.0	77280
100.12266	1.0	10001.0	77280
532.7186	1.0	10001.0	77280
170.82663	1.0	10001.0	77280
288.59955	1.0	10001.0	77280
67.008	1.0	10001.0	77280
108.47753	1.0	10001.0	77280
788.5029	1.0	10001.0	77280
108.84016	1.0	10001.0	77280
51.50274	1.0	10001.0	77280
164.68668	1.0	10001.0	77280
45.3564	1.0	10001.0	77280
171.43417	1.0	10001.0	77280
95.57237	1.0	10001.0	77280
54.86461	1.0	10001.0	77280
590.4096	1.0	10001.0	77280
118.124214	1.0	10001.0	77280
130.03688	1.0	10001.0	77280
85.92127	1.0	10001.0	77280
246.88809	1.0	10001.0	77280
87.72828	1.0	10001.0	77280
159.83833	1.0	10001.0	77280
62.89956	1.0	10001.0	77280
384.0148	1.0	10001.0	77280
58.0722	1.0	10001.0	77280
77.27508	1.0	10001.0	77280
29.733723	1.0	10001.0	77280
110.72611	1.0	10001.0	77280
50.6569	1.0	10001.0	77280
79.47448	1.0	10001.0	77280
112.57896	1.0	10001.0	77280
63.9417	1.0	10001.0	77280
73.561035	1.0	10001.0	77280
359.46405	1.0	10001.0	77280
253.23677	1.0	10001.0	77280
137.69022	1.0	10001.0	77280
117.282974	1.0	10001.0	77280
56.138123	1.0	10001.0	77280
142.60866	1.0	10001.0	77280
354.8698	1.0	10001.0	77280
438.6267	1.0	10001.0	77280
134.56235	1.0	10001.0	77280
64.029915	1.0	10001.0	77280
167.11247	1.0	10001.0	77280
50.5558	1.0	10001.0	77280
119.264496	1.0	10001.0	77280
61.00926	1.0	10001.0	77280
122.42057	1.0	10001.0	77280
363.3872	1.0	10001.0	77280
42.806877	1.0	10001.0	77280
120.83984	1.0	10001.0	77280
213.59874	1.0	10001.0	77280
126.08347	1.0	10001.0	77280
106.181595	1.0	10001.0	77280
169.91019	1.0	10001.0	77280
184.73111	1.0	10001.0	77280
79.14587	1.0	10001.0	77280
78.32802	1.0	10001.0	77280
54.661163	1.0	10001.0	77280
319.75363	1.0	10001.0	77280
74.955795	1.0	10001.0	77280
296.30112	1.0	10001.0	77280
102.20108	1.0	10001.0	77280
85.56334	1.0	10001.0	77280
154.49677	1.0	10001.0	77280
909.20404	1.0	10001.0	77280
291.0736	1.0	10001.0	77280
231.3658	1.0	10001.0	77280
720.4134	1.0	10001.0	77280
140.34944	1.0	10001.0	77280
85.437386	1.0	10001.0	77280
270.58438	1.0	10001.0	77280
61.49004	1.0	10001.0	77280
133.84651	1.0	10001.0	77280
132.10292	1.0	10001.0	77280
262.42807	1.0	10001.0	77280
96.668495	1.0	10001.0	77280
62.929745	1.0	10001.0	77280
99.88194	1.0	10001.0	77280
110.58118	1.0	10001.0	77280
459.7257	1.0	10001.0	77280
170.54056	1.0	10001.0	77280
90.388504	1.0	10001.0	77280
140.47504	1.0	10001.0	77280
189.70726	1.0	10001.0	77280
103.34528	1.0	10001.0	77280
305.11264	1.0	10001.0	77280
98.68051	1.0	10001.0	77280
177.62125	1.0	10001.0	77280
179.5093	1.0	10001.0	77280
100.82065	1.0	10001.0	77280
149.98814	1.0	10001.0	77280
68.72805	1.0	10001.0	77280
182.96312	1.0	10001.0	77280
669.4692	1.0	10001.0	77280
122.86528	1.0	10001.0	77280
183.84988	1.0	10001.0	77280
657.34955	1.0	10001.0	77280
704.91064	1.0	10001.0	77280
64.83481	1.0	10001.0	77280
60.076157	1.0	10001.0	77280
95.82234	1.0	10001.0	77280
174.91763	1.0	10001.0	77280
114.34762	1.0	10001.0	77280
256.49408	1.0	10001.0	77280
100.70693	1.0	10001.0	77280
368.5251	1.0	10001.0	77280
66.03166	1.0	10001.0	77280
100.63218	1.0	10001.0	77280
172.2411	1.0	10001.0	77280
86.826324	1.0	10001.0	77280
200.737	1.0	10001.0	77280
62.23135	1.0	10001.0	77280
75.24244	1.0	10001.0	77280
70.26557	1.0	10001.0	77280
142.51509	1.0	10001.0	77280
216.00429	1.0	10001.0	77280
143.49207	1.0	10001.0	77280
38.25371	1.0	10001.0	77280
184.5058	1.0	10001.0	77280
75.46896	1.0	10001.0	77280
47.31719	1.0	10001.0	77280
102.18612	1.0	10001.0	77280
182.87463	1.0	10001.0	77280
69.81592	1.0	10001.0	77280
134.98947	1.0	10001.0	77280
72.84488	1.0	10001.0	77280
85.59657	1.0	10001.0	77280
51.47439	1.0	10001.0	77280
84.50619	1.0	10001.0	77280
58.201416	1.0	10001.0	77280
89.33769	1.0	10001.0	77280
143.26982	1.0	10001.0	77280
184.46149	1.0	10001.0	77280
54.407085	1.0	10001.0	77280
66.32137	1.0	10001.0	77280
339.95306	1.0	10001.0	77280
167.31917	1.0	10001.0	77280
230.88803	1.0	10001.0	77280
72.296265	1.0	10001.0	77280
145.37216	1.0	10001.0	77280
260.9232	1.0	10001.0	77280
461.78516	1.0	10001.0	77280
70.63268	1.0	10001.0	77280
73.80405	1.0	10001.0	77280
273.83395	1.0	10001.0	77280
85.982895	1.0	10001.0	77280
408.2054	1.0	10001.0	77280
195.13756	1.0	10001.0	77280
186.87364	1.0	10001.0	77280
289.66574	1.0	10001.0	77280
355.9261	1.0	10001.0	77280
146.12973	1.0	10001.0	77280
355.4797	1.0	10001.0	77280
55.22776	1.0	10001.0	77280
58.271267	1.0	10001.0	77280
150.7655	1.0	10001.0	77280
236.32529	1.0	10001.0	77280
67.89606	1.0	10001.0	77280
72.964066	1.0	10001.0	77280
119.533394	1.0	10001.0	77280
41.232594	1.0	10001.0	77280
244.11653	1.0	10001.0	77280
337.47955	1.0	10001.0	77280
70.057526	1.0	10001.0	77280
110.5317	1.0	10001.0	77280
66.3805	1.0	10001.0	77280
141.74823	1.0	10001.0	77280
100.7687	1.0	10001.0	77280
53.0873	1.0	10001.0	77280
351.21783	1.0	10001.0	77280
144.64871	1.0	10001.0	77280
76.75431	1.0	10001.0	77280
151.18045	1.0	10001.0	77280
80.594505	1.0	10001.0	77280
85.161194	1.0	10001.0	77280
171.74365	1.0	10001.0	77280
146.04988	1.0	10001.0	77280
78.006	1.0	10001.0	77280
62.66517	1.0	10001.0	77280
202.76984	1.0	10001.0	77280
67.66656	1.0	10001.0	77280
64.86215	1.0	10001.0	77280
82.231224	1.0	10001.0	77280
350.7484	1.0	10001.0	77280
276.68192	1.0	10001.0	77280
89.37598	1.0	10001.0	77280
72.766975	1.0	10001.0	77280
56.308308	1.0	10001.0	77280
50.14986	1.0	10001.0	77280
106.69073	1.0	10001.0	77280
34.846012	1.0	10001.0	77280
85.49326	1.0	10001.0	77280
132.6951	1.0	10001.0	77280
297.97586	1.0	10001.0	77280
171.90796	1.0	10001.0	77280
54.008606	1.0	10001.0	77280
171.91693	1.0	10001.0	77280
105.48383	1.0	10001.0	77280
126.12281	1.0	10001.0	77280
121.58601	1.0	10001.0	77280
244.23106	1.0	10001.0	77280
111.67291	1.0	10001.0	77280
110.68899	1.0	10001.0	77280
76.13789	1.0	10001.0	77280
139.22192	1.0	10001.0	77280
111.30876	1.0	10001.0	77280
81.43679	1.0	10001.0	77280
217.12956	1.0	10001.0	77280
85.55614	1.0	10001.0	77280
115.34416	1.0	10001.0	77280
91.09551	1.0	10001.0	77280
93.091125	1.0	10001.0	77280
350.5524	1.0	10001.0	77280
294.20334	1.0	10001.0	77280
114.39452	1.0	10001.0	77280
101.43528	1.0	10001.0	77280
134.5162	1.0	10001.0	77280
270.46008	1.0	10001.0	77280
539.8014	1.0	10001.0	77280
445.86377	1.0	10001.0	77280
97.17017	1.0	10001.0	77280
461.41116	1.0	10001.0	77280
451.9177	1.0	10001.0	77280
110.32478	1.0	10001.0	77280
51.579723	1.0	10001.0	77280
80.8274	1.0	10001.0	77280
186.98196	1.0	10001.0	77280
108.342064	1.0	10001.0	77280
75.3583	1.0	10001.0	77280
161.6373	1.0	10001.0	77280
151.79951	1.0	10001.0	77280
47.817307	1.0	10001.0	77280
54.390354	1.0	10001.0	77280
102.99552	1.0	10001.0	77280
110.88528	1.0	10001.0	77280
581.9967	1.0	10001.0	77280
219.95837	1.0	10001.0	77280
287.48334	1.0	10001.0	77280
88.379486	1.0	10001.0	77280
60.79315	1.0	10001.0	77280
134.81938	1.0	10001.0	77280
47.67229	1.0	10001.0	77280
108.23735	1.0	10001.0	77280
203.09506	1.0	10001.0	77280
225.67183	1.0	10001.0	77280
139.38155	1.0	10001.0	77280
158.12683	1.0	10001.0	77280
180.01086	1.0	10001.0	77280
93.08055	1.0	10001.0	77280
70.02128	1.0	10001.0	77280
276.62482	1.0	10001.0	77280
64.64713	1.0	10001.0	77280
148.33827	1.0	10001.0	77280
51.294525	1.0	10001.0	77280
168.92772	1.0	10001.0	77280
562.2818	1.0	10001.0	77280
103.53659	1.0	10001.0	77280
345.96982	1.0	10001.0	77280
69.95033	1.0	10001.0	77280
168.13548	1.0	10001.0	77280
83.87748	1.0	10001.0	77280
72.3317	1.0	10001.0	77280
163.06943	1.0	10001.0	77280
120.14727	1.0	10001.0	77280
87.704926	1.0	10001.0	77280
589.0467	1.0	10001.0	77280
196.51903	1.0	10001.0	77280
43.41002	1.0	10001.0	77280
167.79462	1.0	10001.0	77280
41.22606	1.0	10001.0	77280
185.02054	1.0	10001.0	77280
75.14528	1.0	10001.0	77280
62.545647	1.0	10001.0	77280
60.21557	1.0	10001.0	77280
159.3151	1.0	10001.0	77280
147.19289	1.0	10001.0	77280
113.03263	1.0	10001.0	77280
88.728	1.0	10001.0	77280
259.72644	1.0	10001.0	77280
54.2778	1.0	10001.0	77280
106.56851	1.0	10001.0	77280
304.64856	1.0	10001.0	77280
86.18554	1.0	10001.0	77280
159.42719	1.0	10001.0	77280
87.88811	1.0	10001.0	77280
95.11726	1.0	10001.0	77280
88.8107	1.0	10001.0	77280
201.51117	1.0	10001.0	77280
520.2624	1.0	10001.0	77280
79.02409	1.0	10001.0	77280
173.11038	1.0	10001.0	77280
93.86102	1.0	10001.0	77280
154.30682	1.0	10001.0	77280
114.503006	1.0	10001.0	77280
261.4594	1.0	10001.0	77280
458.37097	1.0	10001.0	77280
101.09779	1.0	10001.0	77280
45.647434	1.0	10001.0	77280
104.45601	1.0	10001.0	77280
144.97188	1.0	10001.0	77280
260.82635	1.0	10001.0	77280
63.263466	1.0	10001.0	77280
262.2361	1.0	10001.0	77280
54.243973	1.0	10001.0	77280
144.93442	1.0	10001.0	77280
58.99288	1.0	10001.0	77280
205.5508	1.0	10001.0	77280
336.87845	1.0	10001.0	77280
56.767387	1.0	10001.0	77280
93.995255	1.0	10001.0	77280
107.434715	1.0	10001.0	77280
98.55299	1.0	10001.0	77280
86.368805	1.0	10001.0	77280
142.58998	1.0	10001.0	77280
44.243587	1.0	10001.0	77280
49.018078	1.0	10001.0	77280
69.17642	1.0	10001.0	77280
150.91989	1.0	10001.0	77280
174.7642	1.0	10001.0	77280
110.02567	1.0	10001.0	77280
543.903	1.0	10001.0	77280
187.91577	1.0	10001.0	77280
131.11716	1.0	10001.0	77280
620.72766	1.0	10001.0	77280
94.25165	1.0	10001.0	77280
215.78334	1.0	10001.0	77280
424.7628	1.0	10001.0	77280
141.53835	1.0	10001.0	77280
530.05774	1.0	10001.0	77280
226.27963	1.0	10001.0	77280
258.85986	1.0	10001.0	77280
73.691315	1.0	10001.0	77280
437.45306	1.0	10001.0	77280
46.18535	1.0	10001.0	77280
95.514824	1.0	10001.0	77280
112.505226	1.0	10001.0	77280
458.5075	1.0	10001.0	77280
206.2752	1.0	10001.0	77280
70.59684	1.0	10001.0	77280
91.05456	1.0	10001.0	77280
770.2059	1.0	10001.0	77280
367.8709	1.0	10001.0	77280
232.15205	1.0	10001.0	77280
182.71864	1.0	10001.0	77280
146.58894	1.0	10001.0	77280
189.38765	1.0	10001.0	77280
262.5781	1.0	10001.0	77280
111.48488	1.0	10001.0	77280
97.73137	1.0	10001.0	77280
93.48447	1.0	10001.0	77280
155.34775	1.0	10001.0	77280
108.91852	1.0	10001.0	77280
77.321205	1.0	10001.0	77280
117.435165	1.0	10001.0	77280
175.44658	1.0	10001.0	77280
73.38895	1.0	10001.0	77280
63.500942	1.0	10001.0	77280
129.05762	1.0	10001.0	77280
154.1309	1.0	10001.0	77280
53.21199	1.0	10001.0	77280
814.80334	1.0	10001.0	77280
77.278656	1.0	10001.0	77280
392.39148	1.0	10001.0	77280
294.95157	1.0	10001.0	77280
117.73837	1.0	10001.0	77280
57.80937	1.0	10001.0	77280
515.3302	1.0	10001.0	77280
127.317116	1.0	10001.0	77280
78.87733	1.0	10001.0	77280
79.73166	1.0	10001.0	77280
203.24718	1.0	10001.0	77280
617.56335	1.0	10001.0	77280
187.20325	1.0	10001.0	77280
80.72952	1.0	10001.0	77280
344.64832	1.0	10001.0	77280
72.046425	1.0	10001.0	77280
78.205666	1.0	10001.0	77280
171.43245	1.0	10001.0	77280
257.3081	1.0	10001.0	77280
182.86978	1.0	10001.0	77280
75.55369	1.0	10001.0	77280
109.74757	1.0	10001.0	77280
99.97176	1.0	10001.0	77280
214.22461	1.0	10001.0	77280
115.90845	1.0	10001.0	77280
253.68755	1.0	10001.0	77280
295.15494	1.0	10001.0	77280
76.27916	1.0	10001.0	77280
81.73646	1.0	10001.0	77280
79.001495	1.0	10001.0	77280
163.65468	1.0	10001.0	77280
90.69408	1.0	10001.0	77280
51.106895	1.0	10001.0	77280
509.5774	1.0	10001.0	77280
122.97453	1.0	10001.0	77280
33.069283	1.0	10001.0	77280
50.307156	1.0	10001.0	77280
382.57697	1.0	10001.0	77280
340.6786	1.0	10001.0	77280
275.07263	1.0	10001.0	77280
42.74019	1.0	10001.0	77280
56.49211	1.0	10001.0	77280
156.55727	1.0	10001.0	77280
56.380085	1.0	10001.0	77280
230.4632	1.0	10001.0	77280
74.2455	1.0	10001.0	77280
106.36994	1.0	10001.0	77280
436.7203	1.0	10001.0	77280
102.37661	1.0	10001.0	77280
275.5449	1.0	10001.0	77280
65.39593	1.0	10001.0	77280
63.43059	1.0	10001.0	77280
230.34294	1.0	10001.0	77280
293.40912	1.0	10001.0	77280
133.02396	1.0	10001.0	77280
207.01266	1.0	10001.0	77280
91.317535	1.0	10001.0	77280
63.349396	1.0	10001.0	77280
294.3391	1.0	10001.0	77280
75.520744	1.0	10001.0	77280
94.28775	1.0	10001.0	77280
162.89809	1.0	10001.0	77280
172.57666	1.0	10001.0	77280
215.3785	1.0	10001.0	77280
130.3254	1.0	10001.0	77280
336.53433	1.0	10001.0	77280
50.820484	1.0	10001.0	77280
131.4904	1.0	10001.0	77280
60.482758	1.0	10001.0	77280
94.206665	1.0	10001.0	77280
40.073685	1.0	10001.0	77280
112.00401	1.0	10001.0	77280
54.709488	1.0	10001.0	77280
96.927605	1.0	10001.0	77280
121.916595	1.0	10001.0	77280
72.08739	1.0	10001.0	77280
732.0847	1.0	10001.0	77280
91.42553	1.0	10001.0	77280
73.459	1.0	10001.0	77280
297.53757	1.0	10001.0	77280
279.82022	1.0	10001.0	77280
248.45906	1.0	10001.0	77280
102.853905	1.0	10001.0	77280
77.268265	1.0	10001.0	77280
636.3233	1.0	10001.0	77280
143.01042	1.0	10001.0	77280
77.03627	1.0	10001.0	77280
200.58981	1.0	10001.0	77280
114.13122	1.0	10001.0	77280
185.12439	1.0	10001.0	77280
67.50809	1.0	10001.0	77280
143.97104	1.0	10001.0	77280
292.70383	1.0	10001.0	77280
47.73548	1.0	10001.0	77280
192.77313	1.0	10001.0	77280
41.725487	1.0	10001.0	77280
113.48356	1.0	10001.0	77280
174.1172	1.0	10001.0	77280
162.91075	1.0	10001.0	77280
54.37558	1.0	10001.0	77280
270.49246	1.0	10001.0	77280
151.31573	1.0	10001.0	77280
160.9308	1.0	10001.0	77280
115.19674	1.0	10001.0	77280
127.02966	1.0	10001.0	77280
671.91254	1.0	10001.0	77280
84.51554	1.0	10001.0	77280
92.24884	1.0	10001.0	77280
64.237	1.0	10001.0	77280
65.78848	1.0	10001.0	77280
549.5646	1.0	10001.0	77280
35.418705	1.0	10001.0	77280
125.91822	1.0	10001.0	77280
63.230072	1.0	10001.0	77280
272.8474	1.0	10001.0	77280
153.64539	1.0	10001.0	77280
45.2889	1.0	10001.0	77280
139.29684	1.0	10001.0	77280
177.20929	1.0	10001.0	77280
162.25261	1.0	10001.0	77280
51.589355	1.0	10001.0	77280
71.65118	1.0	10001.0	77280
288.71472	1.0	10001.0	77280
275.58966	1.0	10001.0	77280
44.27071	1.0	10001.0	77280
53.149563	1.0	10001.0	77280
469.0594	1.0	10001.0	77280
170.5016	1.0	10001.0	77280
43.6867	1.0	10001.0	77280
61.91868	1.0	10001.0	77280
67.703285	1.0	10001.0	77280
196.43234	1.0	10001.0	77280
39.66927	1.0	10001.0	77280
224.71275	1.0	10001.0	77280
855.3071	1.0	10001.0	77280
127.55208	1.0	10001.0	77280
185.04565	1.0	10001.0	77280
77.94895	1.0	10001.0	77280
109.98268	1.0	10001.0	77280
283.1014	1.0	10001.0	77280
189.5398	1.0	10001.0	77280
104.01008	1.0	10001.0	77280
118.88963	1.0	10001.0	77280
78.819115	1.0	10001.0	77280
192.01495	1.0	10001.0	77280
195.92346	1.0	10001.0	77280
95.58698	1.0	10001.0	77280
336.57455	1.0	10001.0	77280
70.34091	1.0	10001.0	77280
120.98327	1.0	10001.0	77280
63.9671	1.0	10001.0	77280
395.61636	1.0	10001.0	77280
80.52393	1.0	10001.0	77280
53.858185	1.0	10001.0	77280
346.0887	1.0	10001.0	77280
179.52823	1.0	10001.0	77280
89.28753	1.0	10001.0	77280
68.96943	1.0	10001.0	77280
81.42778	1.0	10001.0	77280
57.77504	1.0	10001.0	77280
179.9818	1.0	10001.0	77280
42.72911	1.0	10001.0	77280
119.68875	1.0	10001.0	77280
51.541206	1.0	10001.0	77280
294.09662	1.0	10001.0	77280
40.706917	1.0	10001.0	77280
115.28526	1.0	10001.0	77280
76.759315	1.0	10001.0	77280
169.22552	1.0	10001.0	77280
108.150314	1.0	10001.0	77280
388.48117	1.0	10001.0	77280
343.00974	1.0	10001.0	77280
248.85513	1.0	10001.0	77280
137.15926	1.0	10001.0	77280
79.7684	1.0	10001.0	77280
93.015976	1.0	10001.0	77280
85.32229	1.0	10001.0	77280
78.308105	1.0	10001.0	77280
41.791428	1.0	10001.0	77280
127.81709	1.0	10001.0	77280
196.69278	1.0	10001.0	77280
79.484146	1.0	10001.0	77280
133.96027	1.0	10001.0	77280
136.66342	1.0	10001.0	77280
49.05425	1.0	10001.0	77280
251.4709	1.0	10001.0	77280
106.71978	1.0	10001.0	77280
116.84751	1.0	10001.0	77280
334.0297	1.0	10001.0	77280
111.364	1.0	10001.0	77280
115.569855	1.0	10001.0	77280
71.562035	1.0	10001.0	77280
163.12341	1.0	10001.0	77280
127.35848	1.0	10001.0	77280
101.619095	1.0	10001.0	77280
295.80093	1.0	10001.0	77280
225.00629	1.0	10001.0	77280
73.51384	1.0	10001.0	77280
119.78992	1.0	10001.0	77280
60.851173	1.0	10001.0	77280
682.3256	1.0	10001.0	77280
116.05405	1.0	10001.0	77280
391.03024	1.0	10001.0	77280
103.76931	1.0	10001.0	77280
83.073586	1.0	10001.0	77280
154.36261	1.0	10001.0	77280
69.34824	1.0	10001.0	77280
216.70645	1.0	10001.0	77280
79.0292	1.0	10001.0	77280
167.99783	1.0	10001.0	77280
383.6478	1.0	10001.0	77280
274.36636	1.0	10001.0	77280
194.38503	1.0	10001.0	77280
150.7793	1.0	10001.0	77280
81.12644	1.0	10001.0	77280
173.49089	1.0	10001.0	77280
58.683056	1.0	10001.0	77280
252.85646	1.0	10001.0	77280
49.706722	1.0	10001.0	77280
107.134926	1.0	10001.0	77280
65.547104	1.0	10001.0	77280
222.32135	1.0	10001.0	77280
185.45576	1.0	10001.0	77280
291.92032	1.0	10001.0	77280
111.220375	1.0	10001.0	77280
195.52286	1.0	10001.0	77280
263.62704	1.0	10001.0	77280
149.17403	1.0	10001.0	77280
35.913464	1.0	10001.0	77280
77.670494	1.0	10001.0	77280
544.5892	1.0	10001.0	77280
39.07282	1.0	10001.0	77280
113.713486	1.0	10001.0	77280
123.464066	1.0	10001.0	77280
178.07555	1.0	10001.0	77280
75.264534	1.0	10001.0	77280
339.72516	1.0	10001.0	77280
33.84993	1.0	10001.0	77280
159.73352	1.0	10001.0	77280
203.85666	1.0	10001.0	77280
69.71545	1.0	10001.0	77280
124.43966	1.0	10001.0	77280
468.05215	1.0	10001.0	77280
161.054	1.0	10001.0	77280
161.39195	1.0	10001.0	77280
109.3632	1.0	10001.0	77280
51.745552	1.0	10001.0	77280
390.06653	1.0	10001.0	77280
228.71652	1.0	10001.0	77280
245.71147	1.0	10001.0	77280
126.58797	1.0	10001.0	77280
48.635136	1.0	10001.0	77280
723.31805	1.0	10001.0	77280
229.5305	1.0	10001.0	77280
371.64337	1.0	10001.0	77280
129.022	1.0	10001.0	77280
312.1352	1.0	10001.0	77280
79.70413	1.0	10001.0	77280
44.90278	1.0	10001.0	77280
65.10522	1.0	10001.0	77280
159.26796	1.0	10001.0	77280
166.7911	1.0	10001.0	77280
44.148056	1.0	10001.0	77280
64.94358	1.0	10001.0	77280
160.23169	1.0	10001.0	77280
46.906803	1.0	10001.0	77280
312.6028	1.0	10001.0	77280
54.643276	1.0	10001.0	77280
148.21002	1.0	10001.0	77280
535.54254	1.0	10001.0	77280
135.70467	1.0	10001.0	77280
170.05052	1.0	10001.0	77280
96.62955	1.0	10001.0	77280
326.2838	1.0	10001.0	77280
296.15628	1.0	10001.0	77280
130.15904	1.0	10001.0	77280
55.370106	1.0	10001.0	77280
65.28135	1.0	10001.0	77280
82.56355	1.0	10001.0	77280
158.11018	1.0	10001.0	77280
179.62386	1.0	10001.0	77280
57.286682	1.0	10001.0	77280
47.624386	1.0	10001.0	77280
131.28912	1.0	10001.0	77280
193.21295	1.0	10001.0	77280
174.65198	1.0	10001.0	77280
72.122086	1.0	10001.0	77280
120.98149	1.0	10001.0	77280
63.456383	1.0	10001.0	77280
224.27072	1.0	10001.0	77280
90.67807	1.0	10001.0	77280
72.44861	1.0	10001.0	77280
177.02945	1.0	10001.0	77280
170.55922	1.0	10001.0	77280
67.49417	1.0	10001.0	77280
61.318874	1.0	10001.0	77280
101.78525	1.0	10001.0	77280
67.86015	1.0	10001.0	77280
549.51465	1.0	10001.0	77280
604.7543	1.0	10001.0	77280
159.19173	1.0	10001.0	77280
304.91388	1.0	10001.0	77280
72.612404	1.0	10001.0	77280
49.41791	1.0	10001.0	77280
93.53427	1.0	10001.0	77280
100.52125	1.0	10001.0	77280
112.78511	1.0	10001.0	77280
162.45879	1.0	10001.0	77280
61.32369	1.0	10001.0	77280
73.514786	1.0	10001.0	77280
80.55608	1.0	10001.0	77280
428.49646	1.0	10001.0	77280
59.336582	1.0	10001.0	77280
216.20497	1.0	10001.0	77280
76.67201	1.0	10001.0	77280
66.03878	1.0	10001.0	77280
132.15033	1.0	10001.0	77280
157.01314	1.0	10001.0	77280
147.6275	1.0	10001.0	77280
156.93477	1.0	10001.0	77280
64.06927	1.0	10001.0	77280
208.73177	1.0	10001.0	77280
122.83901	1.0	10001.0	77280
102.92485	1.0	10001.0	77280
84.66094	1.0	10001.0	77280
132.84302	1.0	10001.0	77280
179.23877	1.0	10001.0	77280
232.19522	1.0	10001.0	77280
214.65935	1.0	10001.0	77280
64.37036	1.0	10001.0	77280
51.161747	1.0	10001.0	77280
111.09624	1.0	10001.0	77280
76.46223	1.0	10001.0	77280
131.53992	1.0	10001.0	77280
59.814503	1.0	10001.0	77280
97.4203	1.0	10001.0	77280
54.649178	1.0	10001.0	77280
68.65912	1.0	10001.0	77280
81.74532	1.0	10001.0	77280
199.85896	1.0	10001.0	77280
151.44238	1.0	10001.0	77280
82.554695	1.0	10001.0	77280
140.20206	1.0	10001.0	77280
99.1559	1.0	10001.0	77280
103.466446	1.0	10001.0	77280
80.01015	1.0	10001.0	77280
511.0785	1.0	10001.0	77280
58.31592	1.0	10001.0	77280
142.01134	1.0	10001.0	77280
131.02025	1.0	10001.0	77280
398.39966	1.0	10001.0	77280
388.72897	1.0	10001.0	77280
97.23069	1.0	10001.0	77280
104.61224	1.0	10001.0	77280
286.3594	1.0	10001.0	77280
83.474785	1.0	10001.0	77280
115.233635	1.0	10001.0	77280
68.46779	1.0	10001.0	77280
267.98608	1.0	10001.0	77280
497.55377	1.0	10001.0	77280
156.32176	1.0	10001.0	77280
161.48479	1.0	10001.0	77280
195.68962	1.0	10001.0	77280
128.01828	1.0	10001.0	77280
219.68118	1.0	10001.0	77280
160.15271	1.0	10001.0	77280
155.1981	1.0	10001.0	77280
171.32797	1.0	10001.0	77280
69.0506	1.0	10001.0	77280
58.47384	1.0	10001.0	77280
119.65269	1.0	10001.0	77280
191.08534	1.0	10001.0	77280
98.66072	1.0	10001.0	77280
67.06834	1.0	10001.0	77280
126.84332	1.0	10001.0	77280
56.570084	1.0	10001.0	77280
270.93903	1.0	10001.0	77280
610.6546	1.0	10001.0	77280
219.1206	1.0	10001.0	77280
196.07378	1.0	10001.0	77280
68.2325	1.0	10001.0	77280
81.4354	1.0	10001.0	77280
76.03948	1.0	10001.0	77280
491.48798	1.0	10001.0	77280
105.24897	1.0	10001.0	77280
86.48286	1.0	10001.0	77280
103.19981	1.0	10001.0	77280
310.51523	1.0	10001.0	77280
82.58779	1.0	10001.0	77280
99.363846	1.0	10001.0	77280
123.36659	1.0	10001.0	77280
164.6781	1.0	10001.0	77280
117.31634	1.0	10001.0	77280
159.91437	1.0	10001.0	77280
91.36053	1.0	10001.0	77280
66.673355	1.0	10001.0	77280
352.81937	1.0	10001.0	77280
651.631	1.0	10001.0	77280
46.57214	1.0	10001.0	77280
112.01364	1.0	10001.0	77280
56.739197	1.0	10001.0	77280
292.80396	1.0	10001.0	77280
130.90448	1.0	10001.0	77280
140.26732	1.0	10001.0	77280
173.20364	1.0	10001.0	77280
64.69365	1.0	10001.0	77280
109.95911	1.0	10001.0	77280
92.210434	1.0	10001.0	77280
436.999	1.0	10001.0	77280
128.08095	1.0	10001.0	77280
95.76378	1.0	10001.0	77280
296.5042	1.0	10001.0	77280
186.50414	1.0	10001.0	77280
107.170494	1.0	10001.0	77280
280.8604	1.0	10001.0	77280
149.29417	1.0	10001.0	77280
105.47243	1.0	10001.0	77280
105.76433	1.0	10001.0	77280
59.838333	1.0	10001.0	77280
235.04956	1.0	10001.0	77280
494.11694	1.0	10001.0	77280
187.6466	1.0	10001.0	77280
133.128	1.0	10001.0	77280
173.01456	1.0	10001.0	77280
123.98849	1.0	10001.0	77280
59.249958	1.0	10001.0	77280
121.70996	1.0	10001.0	77280
372.6409	1.0	10001.0	77280
114.00471	1.0	10001.0	77280
136.67781	1.0	10001.0	77280
110.68699	1.0	10001.0	77280
69.42759	1.0	10001.0	77280
360.388	1.0	10001.0	77280
101.77826	1.0	10001.0	77280
57.62646	1.0	10001.0	77280
129.45425	1.0	10001.0	77280
48.499264	1.0	10001.0	77280
203.1797	1.0	10001.0	77280
80.13505	1.0	10001.0	77280
597.8187	1.0	10001.0	77280
139.73347	1.0	10001.0	77280
85.091934	1.0	10001.0	77280
112.06608	1.0	10001.0	77280
42.8998	1.0	10001.0	77280
239.0474	1.0	10001.0	77280
189.40906	1.0	10001.0	77280
151.54471	1.0	10001.0	77280
191.16217	1.0	10001.0	77280
101.22715	1.0	10001.0	77280
71.73814	1.0	10001.0	77280
189.27858	1.0	10001.0	77280
102.706635	1.0	10001.0	77280
228.53911	1.0	10001.0	77280
70.55138	1.0	10001.0	77280
240.85959	1.0	10001.0	77280
68.620476	1.0	10001.0	77280
82.554855	1.0	10001.0	77280
113.5608	1.0	10001.0	77280
66.266975	1.0	10001.0	77280
100.081535	1.0	10001.0	77280
327.15863	1.0	10001.0	77280
71.62184	1.0	10001.0	77280
700.2066	1.0	10001.0	77280
123.86161	1.0	10001.0	77280
210.80205	1.0	10001.0	77280
97.610085	1.0	10001.0	77280
178.17496	1.0	10001.0	77280
46.271694	1.0	10001.0	77280
282.98874	1.0	10001.0	77280
71.512886	1.0	10001.0	77280
113.75406	1.0	10001.0	77280
100.875786	1.0	10001.0	77280
248.08368	1.0	10001.0	77280
99.160095	1.0	10001.0	77280
682.74585	1.0	10001.0	77280
82.845535	1.0	10001.0	77280
469.58594	1.0	10001.0	77280
66.00769	1.0	10001.0	77280
346.22778	1.0	10001.0	77280
347.7836	1.0	10001.0	77280
227.01808	1.0	10001.0	77280
134.84961	1.0	10001.0	77280
125.7235	1.0	10001.0	77280
49.896255	1.0	10001.0	77280
65.24052	1.0	10001.0	77280
112.13455	1.0	10001.0	77280
51.383213	1.0	10001.0	77280
430.7944	1.0	10001.0	77280
227.43031	1.0	10001.0	77280
266.0768	1.0	10001.0	77280
342.17917	1.0	10001.0	77280
433.0111	1.0	10001.0	77280
147.82433	1.0	10001.0	77280
251.06323	1.0	10001.0	77280
229.90657	1.0	10001.0	77280
51.888607	1.0	10001.0	77280
150.97565	1.0	10001.0	77280
91.83707	1.0	10001.0	77280
195.04012	1.0	10001.0	77280
105.560135	1.0	10001.0	77280
118.99659	1.0	10001.0	77280
320.68436	1.0	10001.0	77280
76.65787	1.0	10001.0	77280
253.2822	1.0	10001.0	77280
306.30972	1.0	10001.0	77280
313.30133	1.0	10001.0	77280
178.90279	1.0	10001.0	77280
74.5163	1.0	10001.0	77280
251.028	1.0	10001.0	77280
141.66022	1.0	10001.0	77280
854.09796	1.0	10001.0	77280
184.06029	1.0	10001.0	77280
96.73201	1.0	10001.0	77280
82.1665	1.0	10001.0	77280
55.51277	1.0	10001.0	77280
101.20131	1.0	10001.0	77280
100.96947	1.0	10001.0	77280
71.961105	1.0	10001.0	77280
149.24556	1.0	10001.0	77280
76.5574	1.0	10001.0	77280
90.35744	1.0	10001.0	77280
400.99048	1.0	10001.0	77280
72.22268	1.0	10001.0	77280
139.62195	1.0	10001.0	77280
98.277016	1.0	10001.0	77280
41.10306	1.0	10001.0	77280
99.66331	1.0	10001.0	77280
97.17637	1.0	10001.0	77280
88.95614	1.0	10001.0	77280
89.0208	1.0	10001.0	77280
212.6564	1.0	10001.0	77280
314.07034	1.0	10001.0	77280
501.24887	1.0	10001.0	77280
117.27095	1.0	10001.0	77280
576.1007	1.0	10001.0	77280
73.77734	1.0	10001.0	77280
367.24982	1.0	10001.0	77280
78.48691	1.0	10001.0	77280
110.17379	1.0	10001.0	77280
170.65771	1.0	10001.0	77280
211.25037	1.0	10001.0	77280
389.62936	1.0	10001.0	77280
95.69889	1.0	10001.0	77280
235.616	1.0	10001.0	77280
125.991806	1.0	10001.0	77280
450.2495	1.0	10001.0	77280
77.25107	1.0	10001.0	77280
359.02576	1.0	10001.0	77280
755.83795	1.0	10001.0	77280
32.861217	1.0	10001.0	77280
85.97815	1.0	10001.0	77280
111.45473	1.0	10001.0	77280
128.00273	1.0	10001.0	77280
54.52952	1.0	10001.0	77280
58.70653	1.0	10001.0	77280
42.27597	1.0	10001.0	77280
84.08544	1.0	10001.0	77280
111.34352	1.0	10001.0	77280
95.60412	1.0	10001.0	77280
73.838776	1.0	10001.0	77280
143.40802	1.0	10001.0	77280
113.68585	1.0	10001.0	77280
159.40067	1.0	10001.0	77280
172.21187	1.0	10001.0	77280
256.13568	1.0	10001.0	77280
62.86255	1.0	10001.0	77280
496.0154	1.0	10001.0	77280
206.61815	1.0	10001.0	77280
87.0707	1.0	10001.0	77280
60.348866	1.0	10001.0	77280
48.740456	1.0	10001.0	77280
84.82061	1.0	10001.0	77280
172.8664	1.0	10001.0	77280
83.34781	1.0	10001.0	77280
45.687088	1.0	10001.0	77280
59.52007	1.0	10001.0	77280
70.46203	1.0	10001.0	77280
40.055008	1.0	10001.0	77280
78.15282	1.0	10001.0	77280
188.63773	1.0	10001.0	77280
305.84494	1.0	10001.0	77280
90.93977	1.0	10001.0	77280
51.14268	1.0	10001.0	77280
140.13971	1.0	10001.0	77280
297.26172	1.0	10001.0	77280
57.192696	1.0	10001.0	77280
77.96788	1.0	10001.0	77280
155.541	1.0	10001.0	77280
577.8774	1.0	10001.0	77280
63.00201	1.0	10001.0	77280
362.08582	1.0	10001.0	77280
181.79323	1.0	10001.0	77280
394.01477	1.0	10001.0	77280
60.104183	1.0	10001.0	77280
88.39649	1.0	10001.0	77280
57.750454	1.0	10001.0	77280
47.738857	1.0	10001.0	77280
63.10658	1.0	10001.0	77280
367.1279	1.0	10001.0	77280
387.38406	1.0	10001.0	77280
621.05634	1.0	10001.0	77280
59.528	1.0	10001.0	77280
155.71117	1.0	10001.0	77280
238.4886	1.0	10001.0	77280
117.81849	1.0	10001.0	77280
101.948	1.0	10001.0	77280
220.36475	1.0	10001.0	77280
50.050587	1.0	10001.0	77280
915.7438	1.0	10001.0	77280
155.6237	1.0	10001.0	77280
66.77752	1.0	10001.0	77280
255.25133	1.0	10001.0	77280
105.203575	1.0	10001.0	77280
81.518745	1.0	10001.0	77280
122.79386	1.0	10001.0	77280
79.01467	1.0	10001.0	77280
101.05984	1.0	10001.0	77280
111.42013	1.0	10001.0	77280
121.82367	1.0	10001.0	77280
236.97276	1.0	10001.0	77280
46.221954	1.0	10001.0	77280
160.73015	1.0	10001.0	77280
104.84379	1.0	10001.0	77280
248.59407	1.0	10001.0	77280
647.71497	1.0	10001.0	77280
104.522804	1.0	10001.0	77280
50.144444	1.0	10001.0	77280
35.300022	1.0	10001.0	77280
331.70398	1.0	10001.0	77280
154.18768	1.0	10001.0	77280
67.904724	1.0	10001.0	77280
111.33211	1.0	10001.0	77280
211.04633	1.0	10001.0	77280
158.26448	1.0	10001.0	77280
674.86707	1.0	10001.0	77280
105.774506	1.0	10001.0	77280
104.27634	1.0	10001.0	77280
121.65917	1.0	10001.0	77280
56.53912	1.0	10001.0	77280
255.56186	1.0	10001.0	77280
192.88231	1.0	10001.0	77280
690.06323	1.0	10001.0	77280
65.272606	1.0	10001.0	77280
336.15515	1.0	10001.0	77280
178.78896	1.0	10001.0	77280
87.06595	1.0	10001.0	77280
119.81696	1.0	10001.0	77280
172.58601	1.0	10001.0	77280
42.76264	1.0	10001.0	77280
234.12941	1.0	10001.0	77280
501.96835	1.0	10001.0	77280
72.02364	1.0	10001.0	77280
74.525246	1.0	10001.0	77280
51.255714	1.0	10001.0	77280
202.51472	1.0	10001.0	77280
45.235336	1.0	10001.0	77280
629.7387	1.0	10001.0	77280
104.21777	1.0	10001.0	77280
233.22609	1.0	10001.0	77280
370.57516	1.0	10001.0	77280
160.243	1.0	10001.0	77280
65.80995	1.0	10001.0	77280
107.99295	1.0	10001.0	77280
192.97049	1.0	10001.0	77280
287.29453	1.0	10001.0	77280
76.52205	1.0	10001.0	77280
139.25438	1.0	10001.0	77280
434.6127	1.0	10001.0	77280
117.35163	1.0	10001.0	77280
156.19514	1.0	10001.0	77280
140.24773	1.0	10001.0	77280
86.46712	1.0	10001.0	77280
252.31813	1.0	10001.0	77280
304.25134	1.0	10001.0	77280
165.44502	1.0	10001.0	77280
262.07208	1.0	10001.0	77280
540.23956	1.0	10001.0	77280
85.272354	1.0	10001.0	77280
292.25677	1.0	10001.0	77280
133.37576	1.0	10001.0	77280
54.881817	1.0	10001.0	77280
119.89121	1.0	10001.0	77280
155.99239	1.0	10001.0	77280
360.56604	1.0	10001.0	77280
589.14404	1.0	10001.0	77280
93.656204	1.0	10001.0	77280
74.715294	1.0	10001.0	77280
492.4814	1.0	10001.0	77280
75.129166	1.0	10001.0	77280
142.87653	1.0	10001.0	77280
78.24921	1.0	10001.0	77280
162.38705	1.0	10001.0	77280
113.95358	1.0	10001.0	77280
74.6649	1.0	10001.0	77280
132.78214	1.0	10001.0	77280
128.42953	1.0	10001.0	77280
199.26134	1.0	10001.0	77280
113.29937	1.0	10001.0	77280
295.73184	1.0	10001.0	77280
183.34686	1.0	10001.0	77280
170.11505	1.0	10001.0	77280
51.21026	1.0	10001.0	77280
197.39209	1.0	10001.0	77280
79.20364	1.0	10001.0	77280
55.964424	1.0	10001.0	77280
124.06673	1.0	10001.0	77280
515.96985	1.0	10001.0	77280
63.92016	1.0	10001.0	77280
104.044914	1.0	10001.0	77280
51.870777	1.0	10001.0	77280
269.03955	1.0	10001.0	77280
160.72937	1.0	10001.0	77280
189.64938	1.0	10001.0	77280
64.63487	1.0	10001.0	77280
49.659332	1.0	10001.0	77280
80.94657	1.0	10001.0	77280
109.9119	1.0	10001.0	77280
62.22383	1.0	10001.0	77280
60.00641	1.0	10001.0	77280
108.70949	1.0	10001.0	77280
159.52042	1.0	10001.0	77280
99.203224	1.0	10001.0	77280
258.77985	1.0	10001.0	77280
101.504036	1.0	10001.0	77280
53.828686	1.0	10001.0	77280
164.11021	1.0	10001.0	77280
94.774796	1.0	10001.0	77280
143.56831	1.0	10001.0	77280
50.3044	1.0	10001.0	77280
409.2489	1.0	10001.0	77280
84.53263	1.0	10001.0	77280
36.50519	1.0	10001.0	77280
156.27998	1.0	10001.0	77280
82.82276	1.0	10001.0	77280
73.2667	1.0	10001.0	77280
129.45702	1.0	10001.0	77280
76.430336	1.0	10001.0	77280
94.03612	1.0	10001.0	77280
135.31	1.0	10001.0	77280
254.85432	1.0	10001.0	77280
130.84392	1.0	10001.0	77280
218.41553	1.0	10001.0	77280
224.991	1.0	10001.0	77280
319.9639	1.0	10001.0	77280
92.40364	1.0	10001.0	77280
144.77985	1.0	10001.0	77280
166.6788	1.0	10001.0	77280
442.75714	1.0	10001.0	77280
100.880516	1.0	10001.0	77280
58.504025	1.0	10001.0	77280
540.5327	1.0	10001.0	77280
528.1451	1.0	10001.0	77280
207.44292	1.0	10001.0	77280
127.17778	1.0	10001.0	77280
109.426765	1.0	10001.0	77280
122.49397	1.0	10001.0	77280
78.32929	1.0	10001.0	77280
214.61171	1.0	10001.0	77280
319.181	1.0	10001.0	77280
118.49779	1.0	10001.0	77280
150.68405	1.0	10001.0	77280
406.35605	1.0	10001.0	77280
81.2642	1.0	10001.0	77280
198.11017	1.0	10001.0	77280
109.32124	1.0	10001.0	77280
156.21513	1.0	10001.0	77280
123.9715	1.0	10001.0	77280
39.47489	1.0	10001.0	77280
151.04579	1.0	10001.0	77280
250.22453	1.0	10001.0	77280
186.51447	1.0	10001.0	77280
152.2695	1.0	10001.0	77280
149.61804	1.0	10001.0	77280
497.96298	1.0	10001.0	77280
128.1177	1.0	10001.0	77280
417.5945	1.0	10001.0	77280
57.820927	1.0	10001.0	77280
83.497	1.0	10001.0	77280
152.99986	1.0	10001.0	77280
46.656895	1.0	10001.0	77280
79.59391	1.0	10001.0	77280
195.54173	1.0	10001.0	77280
118.80465	1.0	10001.0	77280
99.95545	1.0	10001.0	77280
199.2485	1.0	10001.0	77280
154.18895	1.0	10001.0	77280
190.01714	1.0	10001.0	77280
466.40613	1.0	10001.0	77280
137.72444	1.0	10001.0	77280
60.01498	1.0	10001.0	77280
67.52642	1.0	10001.0	77280
495.4686	1.0	10001.0	77280
192.96213	1.0	10001.0	77280
123.13986	1.0	10001.0	77280
116.974434	1.0	10001.0	77280
77.66368	1.0	10001.0	77280
113.97982	1.0	10001.0	77280
47.984955	1.0	10001.0	77280
456.66336	1.0	10001.0	77280
47.837807	1.0	10001.0	77280
99.56152	1.0	10001.0	77280
85.92042	1.0	10001.0	77280
