lep_pt	AK8_pt	genWeights	sumWeight	N_exp
537.83307	763.5	0.49554962	289157.1	35563
97.08437	434.25	-0.49554962	289157.1	35563
133.33745	558.0	0.49554962	289157.1	35563
262.47415	465.75	-0.49554962	289157.1	35563
320.72284	548.0	0.49554962	289157.1	35563
227.94853	413.0	0.49554962	289157.1	35563
69.81099	733.5	0.49554962	289157.1	35563
180.1562	380.25	0.49554962	289157.1	35563
218.3919	572.0	0.49554962	289157.1	35563
160.36845	292.25	0.49554962	289157.1	35563
296.26794	390.0	-0.49554962	289157.1	35563
147.59921	621.5	0.49554962	289157.1	35563
39.430103	215.375	-0.49554962	289157.1	35563
192.65152	523.0	0.49554962	289157.1	35563
171.00523	552.0	-0.49554962	289157.1	35563
190.45738	650.5	-0.49554962	289157.1	35563
238.3828	559.5	0.49554962	289157.1	35563
81.37547	206.125	0.49554962	289157.1	35563
78.53487	735.0	0.49554962	289157.1	35563
635.0815	459.5	-0.49554962	289157.1	35563
68.177086	352.75	0.49554962	289157.1	35563
194.36748	438.0	-0.49554962	289157.1	35563
792.40393	656.0	0.49554962	289157.1	35563
191.42047	423.75	-0.49554962	289157.1	35563
341.3743	346.0	0.49554962	289157.1	35563
151.9813	329.25	0.49554962	289157.1	35563
87.954704	216.25	0.49554962	289157.1	35563
242.21313	684.0	0.49554962	289157.1	35563
445.00906	594.5	-0.49554962	289157.1	35563
299.15005	774.0	0.49554962	289157.1	35563
286.95294	409.25	0.49554962	289157.1	35563
232.78076	239.75	-0.49554962	289157.1	35563
179.40634	452.75	0.49554962	289157.1	35563
339.49646	608.0	0.49554962	289157.1	35563
60.99465	807.0	0.49554962	289157.1	35563
308.48868	670.0	0.49554962	289157.1	35563
167.18402	402.0	0.49554962	289157.1	35563
197.57324	651.0	0.49554962	289157.1	35563
202.63106	609.0	-0.49554962	289157.1	35563
456.9379	451.5	0.49554962	289157.1	35563
213.98273	495.75	-0.49554962	289157.1	35563
111.98116	421.25	0.49554962	289157.1	35563
458.06506	1026.0	-0.49554962	289157.1	35563
65.04003	298.75	0.49554962	289157.1	35563
149.01332	280.25	0.49554962	289157.1	35563
87.85085	214.625	0.49554962	289157.1	35563
189.11815	1010.0	0.49554962	289157.1	35563
56.856308	474.0	0.49554962	289157.1	35563
71.276634	233.25	-0.49554962	289157.1	35563
90.495384	393.5	0.49554962	289157.1	35563
181.43665	479.5	0.49554962	289157.1	35563
157.55573	290.75	0.49554962	289157.1	35563
134.94067	373.25	0.49554962	289157.1	35563
151.58673	605.0	0.49554962	289157.1	35563
355.31198	476.25	0.49554962	289157.1	35563
165.8648	386.75	0.49554962	289157.1	35563
247.25952	405.75	0.49554962	289157.1	35563
265.40137	368.75	-0.49554962	289157.1	35563
88.145546	364.75	0.49554962	289157.1	35563
46.28056	262.0	0.49554962	289157.1	35563
58.33831	437.25	0.49554962	289157.1	35563
280.77243	504.75	0.49554962	289157.1	35563
278.99762	343.5	0.49554962	289157.1	35563
85.34701	304.5	0.49554962	289157.1	35563
124.549736	557.0	-0.49554962	289157.1	35563
92.782074	458.5	0.49554962	289157.1	35563
506.0025	380.5	-0.49554962	289157.1	35563
118.06198	316.25	0.49554962	289157.1	35563
134.2145	350.0	0.49554962	289157.1	35563
210.38293	331.0	-0.49554962	289157.1	35563
143.2599	325.75	0.49554962	289157.1	35563
337.14783	325.75	0.49554962	289157.1	35563
100.96511	506.25	0.49554962	289157.1	35563
277.98422	377.75	0.49554962	289157.1	35563
357.66125	627.5	0.49554962	289157.1	35563
130.57825	355.5	0.49554962	289157.1	35563
319.26627	242.75	0.49554962	289157.1	35563
65.10519	464.0	0.49554962	289157.1	35563
109.03839	294.0	-0.49554962	289157.1	35563
244.13483	480.75	-0.49554962	289157.1	35563
123.483086	330.75	0.49554962	289157.1	35563
366.19604	331.5	0.49554962	289157.1	35563
402.28748	641.5	0.49554962	289157.1	35563
79.6169	266.25	0.49554962	289157.1	35563
292.43442	432.0	-0.49554962	289157.1	35563
183.90244	346.75	0.49554962	289157.1	35563
202.02672	329.75	-0.49554962	289157.1	35563
129.52612	422.25	-0.49554962	289157.1	35563
154.32698	200.25	-0.49554962	289157.1	35563
141.34009	554.0	-0.49554962	289157.1	35563
72.05764	436.25	0.49554962	289157.1	35563
195.6688	307.25	0.49554962	289157.1	35563
101.20944	355.0	0.49554962	289157.1	35563
132.05128	341.75	-0.49554962	289157.1	35563
262.84253	383.25	0.49554962	289157.1	35563
432.65015	460.5	0.49554962	289157.1	35563
148.71231	351.5	0.49554962	289157.1	35563
224.16017	343.25	0.49554962	289157.1	35563
162.87653	269.25	-0.49554962	289157.1	35563
346.9906	706.5	0.49554962	289157.1	35563
34.33501	418.5	-0.49554962	289157.1	35563
263.68365	414.0	-0.49554962	289157.1	35563
97.51463	486.5	0.49554962	289157.1	35563
83.33348	414.5	-0.49554962	289157.1	35563
185.47134	319.75	-0.49554962	289157.1	35563
191.36316	293.25	0.49554962	289157.1	35563
104.626686	444.5	0.49554962	289157.1	35563
221.28766	230.25	0.49554962	289157.1	35563
203.90944	268.25	-0.49554962	289157.1	35563
116.36628	281.25	0.49554962	289157.1	35563
206.44441	501.75	-0.49554962	289157.1	35563
311.57602	473.75	0.49554962	289157.1	35563
223.46524	246.25	0.49554962	289157.1	35563
177.40482	364.0	-0.49554962	289157.1	35563
193.33264	361.0	0.49554962	289157.1	35563
317.20993	531.5	0.49554962	289157.1	35563
205.95685	276.5	0.49554962	289157.1	35563
341.26132	410.5	0.49554962	289157.1	35563
221.74484	402.0	0.49554962	289157.1	35563
158.76396	532.5	-0.49554962	289157.1	35563
282.03595	245.75	0.49554962	289157.1	35563
178.92618	557.0	0.49554962	289157.1	35563
153.3374	288.0	-0.49554962	289157.1	35563
216.2594	334.0	-0.49554962	289157.1	35563
226.06946	516.0	-0.49554962	289157.1	35563
167.3063	238.25	0.49554962	289157.1	35563
120.35097	245.375	0.49554962	289157.1	35563
267.0612	638.5	0.49554962	289157.1	35563
109.88376	430.25	0.49554962	289157.1	35563
136.39313	229.0	0.49554962	289157.1	35563
473.3079	508.75	0.49554962	289157.1	35563
181.3609	269.5	0.49554962	289157.1	35563
106.83862	474.25	0.49554962	289157.1	35563
187.97441	565.5	0.49554962	289157.1	35563
220.55844	443.75	0.49554962	289157.1	35563
251.28676	220.875	0.49554962	289157.1	35563
247.38605	564.0	-0.49554962	289157.1	35563
266.73862	358.75	0.49554962	289157.1	35563
106.01459	392.0	-0.49554962	289157.1	35563
360.24146	556.0	0.49554962	289157.1	35563
87.24751	450.5	-0.49554962	289157.1	35563
221.3382	589.5	0.49554962	289157.1	35563
294.76495	379.0	0.49554962	289157.1	35563
166.82452	402.75	0.49554962	289157.1	35563
133.22307	286.25	0.49554962	289157.1	35563
142.13098	428.0	0.49554962	289157.1	35563
145.44032	339.5	0.49554962	289157.1	35563
67.78778	270.5	0.49554962	289157.1	35563
259.21295	406.75	-0.49554962	289157.1	35563
368.921	364.5	0.49554962	289157.1	35563
338.96033	485.25	0.49554962	289157.1	35563
213.95172	365.5	-0.49554962	289157.1	35563
132.20236	296.75	-0.49554962	289157.1	35563
161.63289	540.5	-0.49554962	289157.1	35563
337.23486	779.0	0.49554962	289157.1	35563
135.16843	234.375	0.49554962	289157.1	35563
314.86862	249.0	-0.49554962	289157.1	35563
156.98639	323.5	-0.49554962	289157.1	35563
185.06705	544.0	0.49554962	289157.1	35563
147.0183	580.5	0.49554962	289157.1	35563
352.7914	630.0	0.49554962	289157.1	35563
581.5519	495.5	0.49554962	289157.1	35563
116.4389	825.5	0.49554962	289157.1	35563
117.89874	437.5	0.49554962	289157.1	35563
78.93216	439.25	0.49554962	289157.1	35563
138.81885	606.0	0.49554962	289157.1	35563
192.42018	363.0	-0.49554962	289157.1	35563
148.97679	379.0	0.49554962	289157.1	35563
303.04404	948.0	0.49554962	289157.1	35563
173.45572	415.25	0.49554962	289157.1	35563
331.96243	508.25	0.49554962	289157.1	35563
139.80667	242.375	0.49554962	289157.1	35563
132.68518	411.0	-0.49554962	289157.1	35563
216.56372	295.25	-0.49554962	289157.1	35563
160.5964	337.75	0.49554962	289157.1	35563
133.25987	383.25	0.49554962	289157.1	35563
102.53759	495.75	0.49554962	289157.1	35563
195.76077	707.0	-0.49554962	289157.1	35563
54.436527	317.25	0.49554962	289157.1	35563
219.86588	337.25	0.49554962	289157.1	35563
145.30771	719.5	0.49554962	289157.1	35563
92.6998	316.5	0.49554962	289157.1	35563
205.043	402.0	0.49554962	289157.1	35563
173.82594	333.0	0.49554962	289157.1	35563
346.8439	240.5	0.49554962	289157.1	35563
166.05827	646.5	0.49554962	289157.1	35563
207.42725	436.0	0.49554962	289157.1	35563
231.16548	519.5	0.49554962	289157.1	35563
225.13182	563.5	0.49554962	289157.1	35563
182.95134	306.25	0.49554962	289157.1	35563
169.31155	499.5	0.49554962	289157.1	35563
271.9106	534.0	0.49554962	289157.1	35563
128.37334	356.5	0.49554962	289157.1	35563
129.7262	281.5	0.49554962	289157.1	35563
149.27582	541.0	0.49554962	289157.1	35563
250.56258	631.0	-0.49554962	289157.1	35563
137.09483	444.5	0.49554962	289157.1	35563
334.24725	599.0	-0.49554962	289157.1	35563
192.16396	426.0	0.49554962	289157.1	35563
111.92949	332.0	-0.49554962	289157.1	35563
241.15077	480.0	-0.49554962	289157.1	35563
476.52536	571.0	-0.49554962	289157.1	35563
168.61398	269.0	0.49554962	289157.1	35563
327.92874	1126.0	-0.49554962	289157.1	35563
217.67953	255.0	-0.49554962	289157.1	35563
135.89638	397.75	0.49554962	289157.1	35563
176.58847	538.5	0.49554962	289157.1	35563
128.60876	616.5	-0.49554962	289157.1	35563
117.11273	271.5	-0.49554962	289157.1	35563
185.7678	280.0	0.49554962	289157.1	35563
118.62079	534.5	0.49554962	289157.1	35563
66.87471	238.875	0.49554962	289157.1	35563
85.34906	624.0	0.49554962	289157.1	35563
106.1197	230.125	-0.49554962	289157.1	35563
184.44838	454.25	-0.49554962	289157.1	35563
216.84393	584.0	0.49554962	289157.1	35563
144.6342	558.0	0.49554962	289157.1	35563
172.22275	359.75	0.49554962	289157.1	35563
122.33025	379.5	0.49554962	289157.1	35563
449.6703	453.25	-0.49554962	289157.1	35563
271.99277	530.0	0.49554962	289157.1	35563
148.34125	391.25	0.49554962	289157.1	35563
128.87784	427.0	0.49554962	289157.1	35563
230.01517	352.75	0.49554962	289157.1	35563
226.07042	451.25	0.49554962	289157.1	35563
256.74182	553.0	0.49554962	289157.1	35563
357.3412	692.5	-0.49554962	289157.1	35563
207.47635	271.5	-0.49554962	289157.1	35563
206.55827	489.0	0.49554962	289157.1	35563
316.68893	734.0	0.49554962	289157.1	35563
164.62097	626.0	0.49554962	289157.1	35563
196.21082	326.25	-0.49554962	289157.1	35563
199.03052	533.5	0.49554962	289157.1	35563
99.33234	324.0	0.49554962	289157.1	35563
334.59137	267.25	0.49554962	289157.1	35563
179.4298	203.875	0.49554962	289157.1	35563
120.33399	809.5	0.49554962	289157.1	35563
412.36786	1296.0	0.49554962	289157.1	35563
156.62408	365.5	0.49554962	289157.1	35563
130.14046	625.5	0.49554962	289157.1	35563
134.74725	409.5	0.49554962	289157.1	35563
261.36896	678.5	-0.49554962	289157.1	35563
196.15393	396.25	0.49554962	289157.1	35563
103.73199	268.25	0.49554962	289157.1	35563
101.64892	513.5	0.49554962	289157.1	35563
116.6049	509.5	0.49554962	289157.1	35563
86.30939	304.5	0.49554962	289157.1	35563
102.74493	434.5	0.49554962	289157.1	35563
272.317	525.0	-0.49554962	289157.1	35563
184.30943	449.75	0.49554962	289157.1	35563
341.43106	620.0	0.49554962	289157.1	35563
156.22292	473.0	-0.49554962	289157.1	35563
209.16263	375.75	0.49554962	289157.1	35563
232.57805	535.5	0.49554962	289157.1	35563
227.98808	509.75	0.49554962	289157.1	35563
248.5297	497.5	0.49554962	289157.1	35563
112.535904	329.5	0.49554962	289157.1	35563
163.24734	251.625	0.49554962	289157.1	35563
256.41177	559.5	0.49554962	289157.1	35563
314.26324	332.0	-0.49554962	289157.1	35563
94.992035	442.5	-0.49554962	289157.1	35563
219.45763	245.625	0.49554962	289157.1	35563
183.07353	286.25	-0.49554962	289157.1	35563
357.0116	570.5	-0.49554962	289157.1	35563
136.67085	325.25	0.49554962	289157.1	35563
98.442566	244.625	-0.49554962	289157.1	35563
281.344	331.0	0.49554962	289157.1	35563
56.289345	243.75	0.49554962	289157.1	35563
179.46219	558.0	0.49554962	289157.1	35563
151.58147	224.125	0.49554962	289157.1	35563
171.20644	377.75	0.49554962	289157.1	35563
122.56194	513.0	0.49554962	289157.1	35563
74.63606	378.25	-0.49554962	289157.1	35563
251.84816	366.25	0.49554962	289157.1	35563
264.73883	665.5	0.49554962	289157.1	35563
113.26455	239.125	0.49554962	289157.1	35563
241.8678	457.75	0.49554962	289157.1	35563
146.53102	289.75	0.49554962	289157.1	35563
134.52063	565.0	0.49554962	289157.1	35563
93.503586	446.25	0.49554962	289157.1	35563
404.10168	526.0	0.49554962	289157.1	35563
476.91345	906.5	0.49554962	289157.1	35563
62.595345	267.0	0.49554962	289157.1	35563
195.67305	533.0	0.49554962	289157.1	35563
114.957436	220.375	-0.49554962	289157.1	35563
156.01941	398.0	-0.49554962	289157.1	35563
216.62486	383.75	-0.49554962	289157.1	35563
363.8129	333.75	0.49554962	289157.1	35563
177.27214	424.5	0.49554962	289157.1	35563
104.60342	357.5	0.49554962	289157.1	35563
214.77048	318.5	-0.49554962	289157.1	35563
88.05565	592.0	0.49554962	289157.1	35563
64.235954	231.75	0.49554962	289157.1	35563
263.24945	297.0	0.49554962	289157.1	35563
380.44833	570.0	0.49554962	289157.1	35563
187.6369	268.5	-0.49554962	289157.1	35563
402.44897	503.5	0.49554962	289157.1	35563
162.5378	288.25	0.49554962	289157.1	35563
166.78496	273.75	0.49554962	289157.1	35563
144.20337	371.0	0.49554962	289157.1	35563
85.5817	219.0	-0.49554962	289157.1	35563
97.03214	368.5	0.49554962	289157.1	35563
333.279	517.0	0.49554962	289157.1	35563
121.491554	330.25	-0.49554962	289157.1	35563
120.22504	259.5	0.49554962	289157.1	35563
107.36215	423.25	0.49554962	289157.1	35563
128.64471	324.75	-0.49554962	289157.1	35563
264.17032	327.5	0.49554962	289157.1	35563
221.70218	353.0	0.49554962	289157.1	35563
83.657776	290.25	0.49554962	289157.1	35563
128.26387	372.5	-0.49554962	289157.1	35563
156.84729	290.25	0.49554962	289157.1	35563
351.02383	349.0	0.49554962	289157.1	35563
55.823048	210.75	-0.49554962	289157.1	35563
545.892	606.5	0.49554962	289157.1	35563
77.422165	331.75	0.49554962	289157.1	35563
227.16133	427.0	0.49554962	289157.1	35563
351.91714	432.75	0.49554962	289157.1	35563
508.3819	510.5	0.49554962	289157.1	35563
336.16483	334.0	0.49554962	289157.1	35563
164.88394	250.5	0.49554962	289157.1	35563
129.17958	453.75	0.49554962	289157.1	35563
142.1866	312.25	-0.49554962	289157.1	35563
489.49872	685.0	0.49554962	289157.1	35563
162.46382	481.5	-0.49554962	289157.1	35563
340.41522	532.0	0.49554962	289157.1	35563
315.73224	551.5	0.49554962	289157.1	35563
210.56079	423.0	0.49554962	289157.1	35563
193.37909	657.0	0.49554962	289157.1	35563
422.46228	627.0	0.49554962	289157.1	35563
133.23618	216.875	0.49554962	289157.1	35563
193.9567	268.0	0.49554962	289157.1	35563
407.83246	691.0	0.49554962	289157.1	35563
194.22763	446.75	0.49554962	289157.1	35563
89.82426	304.75	-0.49554962	289157.1	35563
127.30991	218.0	0.49554962	289157.1	35563
259.26443	329.25	0.49554962	289157.1	35563
171.542	333.75	0.49554962	289157.1	35563
262.15976	373.75	-0.49554962	289157.1	35563
89.14923	408.5	0.49554962	289157.1	35563
95.67131	225.5	0.49554962	289157.1	35563
235.89525	406.0	-0.49554962	289157.1	35563
84.560326	386.25	0.49554962	289157.1	35563
297.52518	387.5	0.49554962	289157.1	35563
140.69481	443.75	0.49554962	289157.1	35563
92.22122	244.875	0.49554962	289157.1	35563
212.4888	481.75	0.49554962	289157.1	35563
218.0028	386.5	0.49554962	289157.1	35563
151.2694	475.5	0.49554962	289157.1	35563
106.31719	406.0	-0.49554962	289157.1	35563
108.327774	571.5	-0.49554962	289157.1	35563
160.23026	363.5	0.49554962	289157.1	35563
324.5842	340.75	-0.49554962	289157.1	35563
345.63458	414.5	0.49554962	289157.1	35563
65.89029	620.0	0.49554962	289157.1	35563
317.66327	382.5	-0.49554962	289157.1	35563
267.4524	303.5	0.49554962	289157.1	35563
136.75658	529.0	0.49554962	289157.1	35563
187.80858	481.0	0.49554962	289157.1	35563
197.78618	222.375	0.49554962	289157.1	35563
189.87946	791.5	0.49554962	289157.1	35563
314.69122	285.0	0.49554962	289157.1	35563
209.80573	666.5	0.49554962	289157.1	35563
276.4335	476.25	0.49554962	289157.1	35563
512.0663	417.25	-0.49554962	289157.1	35563
101.501564	350.25	0.49554962	289157.1	35563
464.75214	746.0	0.49554962	289157.1	35563
99.178024	346.0	0.49554962	289157.1	35563
314.47763	384.75	0.49554962	289157.1	35563
708.5832	779.0	0.49554962	289157.1	35563
304.38007	694.0	0.49554962	289157.1	35563
312.54733	361.25	0.49554962	289157.1	35563
201.26015	424.5	0.49554962	289157.1	35563
342.33548	306.75	0.49554962	289157.1	35563
61.075645	221.5	0.49554962	289157.1	35563
173.08759	534.0	0.49554962	289157.1	35563
258.14203	329.25	0.49554962	289157.1	35563
262.73965	674.5	-0.49554962	289157.1	35563
211.97823	567.5	-0.49554962	289157.1	35563
66.66035	418.0	0.49554962	289157.1	35563
195.09422	482.0	0.49554962	289157.1	35563
287.73495	330.75	0.49554962	289157.1	35563
151.64873	342.75	0.49554962	289157.1	35563
160.62791	393.0	-0.49554962	289157.1	35563
83.63903	555.0	0.49554962	289157.1	35563
694.26666	611.0	0.49554962	289157.1	35563
120.472176	203.25	-0.49554962	289157.1	35563
148.75092	202.125	0.49554962	289157.1	35563
189.24327	497.0	0.49554962	289157.1	35563
129.81024	419.0	-0.49554962	289157.1	35563
97.28541	503.75	0.49554962	289157.1	35563
82.38335	346.25	0.49554962	289157.1	35563
89.65401	415.75	0.49554962	289157.1	35563
99.13806	390.25	0.49554962	289157.1	35563
229.46336	954.5	0.49554962	289157.1	35563
106.72057	528.5	0.49554962	289157.1	35563
234.43578	454.0	0.49554962	289157.1	35563
112.488914	309.25	0.49554962	289157.1	35563
454.19724	1065.0	0.49554962	289157.1	35563
194.11119	267.5	-0.49554962	289157.1	35563
188.28703	392.5	0.49554962	289157.1	35563
81.91816	271.25	0.49554962	289157.1	35563
373.79016	521.5	-0.49554962	289157.1	35563
347.6363	297.75	0.49554962	289157.1	35563
110.06477	445.5	0.49554962	289157.1	35563
180.1449	362.25	0.49554962	289157.1	35563
101.66788	306.0	0.49554962	289157.1	35563
407.0117	382.0	0.49554962	289157.1	35563
127.63375	738.5	0.49554962	289157.1	35563
121.661095	350.0	-0.49554962	289157.1	35563
238.78952	590.0	0.49554962	289157.1	35563
175.17633	321.0	0.49554962	289157.1	35563
148.31477	389.5	0.49554962	289157.1	35563
311.5932	649.5	0.49554962	289157.1	35563
690.08673	570.5	-0.49554962	289157.1	35563
160.45544	343.5	0.49554962	289157.1	35563
504.94043	470.0	-0.49554962	289157.1	35563
128.9978	441.0	0.49554962	289157.1	35563
188.50134	271.75	0.49554962	289157.1	35563
624.5639	739.5	-0.49554962	289157.1	35563
270.8758	728.0	0.49554962	289157.1	35563
84.27632	248.25	0.49554962	289157.1	35563
276.47006	547.0	0.49554962	289157.1	35563
121.47554	202.875	0.49554962	289157.1	35563
61.520718	462.0	0.49554962	289157.1	35563
141.40108	383.0	0.49554962	289157.1	35563
245.06665	353.75	0.49554962	289157.1	35563
332.53357	767.0	0.49554962	289157.1	35563
143.92424	509.75	0.49554962	289157.1	35563
147.08304	282.25	0.49554962	289157.1	35563
139.64378	328.25	0.49554962	289157.1	35563
402.8001	386.0	0.49554962	289157.1	35563
109.7349	413.25	0.49554962	289157.1	35563
182.36221	408.5	0.49554962	289157.1	35563
89.33546	236.5	0.49554962	289157.1	35563
90.03101	219.25	-0.49554962	289157.1	35563
73.48191	288.0	0.49554962	289157.1	35563
116.89973	241.375	0.49554962	289157.1	35563
89.32151	249.5	-0.49554962	289157.1	35563
259.85028	466.25	0.49554962	289157.1	35563
185.85393	375.25	0.49554962	289157.1	35563
122.095955	255.875	0.49554962	289157.1	35563
176.72127	310.75	0.49554962	289157.1	35563
111.46457	495.25	0.49554962	289157.1	35563
229.62486	253.25	0.49554962	289157.1	35563
132.16591	329.0	0.49554962	289157.1	35563
197.67488	406.5	-0.49554962	289157.1	35563
291.83005	334.25	0.49554962	289157.1	35563
124.61193	214.625	0.49554962	289157.1	35563
309.97086	604.5	-0.49554962	289157.1	35563
151.71204	596.0	0.49554962	289157.1	35563
355.30057	452.0	0.49554962	289157.1	35563
211.21208	390.5	0.49554962	289157.1	35563
223.83232	570.0	0.49554962	289157.1	35563
292.75726	394.75	0.49554962	289157.1	35563
343.04938	521.0	0.49554962	289157.1	35563
411.39886	607.0	-0.49554962	289157.1	35563
215.7494	374.0	-0.49554962	289157.1	35563
303.21338	362.0	0.49554962	289157.1	35563
108.6582	280.0	0.49554962	289157.1	35563
72.90651	349.75	0.49554962	289157.1	35563
284.45477	793.0	-0.49554962	289157.1	35563
162.15926	350.75	-0.49554962	289157.1	35563
172.6405	246.375	0.49554962	289157.1	35563
327.66354	273.0	0.49554962	289157.1	35563
98.898705	358.5	0.49554962	289157.1	35563
144.07062	356.0	-0.49554962	289157.1	35563
118.97102	341.25	0.49554962	289157.1	35563
323.07632	448.75	0.49554962	289157.1	35563
275.10294	347.25	0.49554962	289157.1	35563
122.23061	312.0	0.49554962	289157.1	35563
119.282585	260.25	0.49554962	289157.1	35563
109.269264	636.5	0.49554962	289157.1	35563
261.6198	473.5	0.49554962	289157.1	35563
59.6252	290.0	0.49554962	289157.1	35563
263.7556	395.25	-0.49554962	289157.1	35563
117.197	301.75	0.49554962	289157.1	35563
343.23788	596.0	-0.49554962	289157.1	35563
187.46295	220.75	0.49554962	289157.1	35563
101.570175	249.875	0.49554962	289157.1	35563
142.7196	399.0	0.49554962	289157.1	35563
142.6807	442.5	-0.49554962	289157.1	35563
193.24925	250.75	0.49554962	289157.1	35563
179.6981	453.5	0.49554962	289157.1	35563
158.87138	321.25	0.49554962	289157.1	35563
66.345695	206.0	0.49554962	289157.1	35563
371.716	530.5	0.49554962	289157.1	35563
159.3819	387.75	-0.49554962	289157.1	35563
286.0757	260.5	0.49554962	289157.1	35563
196.7108	352.75	0.49554962	289157.1	35563
226.2459	1069.0	0.49554962	289157.1	35563
117.12078	346.25	-0.49554962	289157.1	35563
96.31601	293.75	0.49554962	289157.1	35563
65.24624	274.25	-0.49554962	289157.1	35563
407.4255	372.75	-0.49554962	289157.1	35563
147.42654	296.0	0.49554962	289157.1	35563
69.42605	299.0	-0.49554962	289157.1	35563
173.14279	349.25	0.49554962	289157.1	35563
98.88923	497.0	0.49554962	289157.1	35563
269.4986	446.25	-0.49554962	289157.1	35563
170.82213	200.625	0.49554962	289157.1	35563
152.69757	345.5	-0.49554962	289157.1	35563
340.2853	419.25	0.49554962	289157.1	35563
255.47519	507.25	0.49554962	289157.1	35563
150.40251	312.0	-0.49554962	289157.1	35563
95.810036	562.0	-0.49554962	289157.1	35563
234.91226	210.875	-0.49554962	289157.1	35563
51.3574	358.5	0.49554962	289157.1	35563
138.16307	216.125	0.49554962	289157.1	35563
542.53064	515.5	0.49554962	289157.1	35563
107.73014	445.75	0.49554962	289157.1	35563
108.92335	351.0	0.49554962	289157.1	35563
87.546844	495.0	0.49554962	289157.1	35563
193.9463	396.5	0.49554962	289157.1	35563
142.50847	419.75	0.49554962	289157.1	35563
339.67297	522.0	0.49554962	289157.1	35563
44.479507	326.75	0.49554962	289157.1	35563
134.5762	290.75	0.49554962	289157.1	35563
89.882034	296.0	-0.49554962	289157.1	35563
169.7392	365.75	-0.49554962	289157.1	35563
218.71368	320.5	0.49554962	289157.1	35563
80.158	289.75	-0.49554962	289157.1	35563
175.793	574.0	-0.49554962	289157.1	35563
118.9985	546.5	0.49554962	289157.1	35563
155.78029	434.75	0.49554962	289157.1	35563
120.07708	219.5	0.49554962	289157.1	35563
269.27725	523.0	0.49554962	289157.1	35563
446.206	656.0	0.49554962	289157.1	35563
316.7948	481.5	0.49554962	289157.1	35563
172.54892	231.25	-0.49554962	289157.1	35563
62.864574	383.0	-0.49554962	289157.1	35563
219.4073	447.5	0.49554962	289157.1	35563
162.8553	441.75	0.49554962	289157.1	35563
120.658226	250.5	0.49554962	289157.1	35563
237.45439	342.0	0.49554962	289157.1	35563
101.91046	535.0	0.49554962	289157.1	35563
248.60759	556.0	-0.49554962	289157.1	35563
128.03699	760.0	0.49554962	289157.1	35563
216.59016	313.75	0.49554962	289157.1	35563
364.52383	935.5	0.49554962	289157.1	35563
181.783	352.5	0.49554962	289157.1	35563
235.7027	461.0	0.49554962	289157.1	35563
70.63168	461.0	0.49554962	289157.1	35563
439.9361	465.0	0.49554962	289157.1	35563
259.99048	372.5	0.49554962	289157.1	35563
55.555496	446.0	0.49554962	289157.1	35563
181.96196	298.0	-0.49554962	289157.1	35563
288.2538	370.25	-0.49554962	289157.1	35563
162.6998	457.5	0.49554962	289157.1	35563
89.09414	382.5	-0.49554962	289157.1	35563
82.5938	981.5	0.49554962	289157.1	35563
124.321526	402.75	0.49554962	289157.1	35563
384.96097	730.5	0.49554962	289157.1	35563
69.027954	400.5	0.49554962	289157.1	35563
228.74777	257.5	-0.49554962	289157.1	35563
169.1001	267.0	0.49554962	289157.1	35563
124.807495	274.75	-0.49554962	289157.1	35563
158.27507	368.75	0.49554962	289157.1	35563
174.57709	566.0	0.49554962	289157.1	35563
220.58073	372.5	-0.49554962	289157.1	35563
153.04547	490.75	-0.49554962	289157.1	35563
229.80164	513.5	-0.49554962	289157.1	35563
121.250114	409.5	0.49554962	289157.1	35563
108.54178	813.5	-0.49554962	289157.1	35563
43.458393	490.75	-0.49554962	289157.1	35563
232.86806	630.0	-0.49554962	289157.1	35563
72.24288	504.0	0.49554962	289157.1	35563
146.70502	622.0	0.49554962	289157.1	35563
208.49405	318.5	0.49554962	289157.1	35563
32.705826	216.625	-0.49554962	289157.1	35563
92.59027	302.75	0.49554962	289157.1	35563
318.44666	294.75	-0.49554962	289157.1	35563
204.2547	429.25	0.49554962	289157.1	35563
233.0428	425.0	0.49554962	289157.1	35563
178.94994	298.0	0.49554962	289157.1	35563
166.12642	369.25	0.49554962	289157.1	35563
500.39703	759.0	-0.49554962	289157.1	35563
397.01483	608.0	-0.49554962	289157.1	35563
460.43335	360.25	0.49554962	289157.1	35563
218.0677	372.25	0.49554962	289157.1	35563
198.17056	295.5	0.49554962	289157.1	35563
205.05994	228.375	0.49554962	289157.1	35563
223.72456	387.75	0.49554962	289157.1	35563
201.36383	420.0	-0.49554962	289157.1	35563
434.73834	456.5	0.49554962	289157.1	35563
379.50146	618.0	0.49554962	289157.1	35563
358.20038	506.25	0.49554962	289157.1	35563
216.92816	259.5	0.49554962	289157.1	35563
185.58072	309.25	0.49554962	289157.1	35563
306.92075	275.0	0.49554962	289157.1	35563
218.20235	415.25	0.49554962	289157.1	35563
210.77579	211.5	0.49554962	289157.1	35563
243.19739	261.75	0.49554962	289157.1	35563
337.78546	345.5	-0.49554962	289157.1	35563
91.12829	443.25	0.49554962	289157.1	35563
130.4211	348.0	-0.49554962	289157.1	35563
256.34793	329.75	-0.49554962	289157.1	35563
168.6661	235.125	0.49554962	289157.1	35563
167.59268	649.0	0.49554962	289157.1	35563
128.53543	288.0	0.49554962	289157.1	35563
220.88472	581.5	0.49554962	289157.1	35563
216.02742	606.0	0.49554962	289157.1	35563
81.253716	590.5	0.49554962	289157.1	35563
184.44844	256.5	0.49554962	289157.1	35563
176.5234	442.75	0.49554962	289157.1	35563
144.00894	460.5	0.49554962	289157.1	35563
178.72328	501.25	-0.49554962	289157.1	35563
195.86667	663.5	0.49554962	289157.1	35563
231.07474	475.25	-0.49554962	289157.1	35563
220.46326	405.0	0.49554962	289157.1	35563
136.3647	513.0	-0.49554962	289157.1	35563
214.40822	448.75	0.49554962	289157.1	35563
387.62482	470.25	0.49554962	289157.1	35563
82.1205	599.0	0.49554962	289157.1	35563
180.00389	528.5	0.49554962	289157.1	35563
113.5789	262.25	-0.49554962	289157.1	35563
157.36627	299.75	-0.49554962	289157.1	35563
131.28163	410.5	0.49554962	289157.1	35563
118.45953	431.0	0.49554962	289157.1	35563
232.8907	471.75	0.49554962	289157.1	35563
280.7167	458.25	0.49554962	289157.1	35563
107.03942	374.25	-0.49554962	289157.1	35563
559.47437	836.0	0.49554962	289157.1	35563
123.47002	381.25	0.49554962	289157.1	35563
143.19243	359.0	-0.49554962	289157.1	35563
134.12968	367.25	0.49554962	289157.1	35563
257.2194	585.5	0.49554962	289157.1	35563
134.45016	508.75	0.49554962	289157.1	35563
89.02892	298.75	0.49554962	289157.1	35563
207.1682	299.75	-0.49554962	289157.1	35563
109.014084	404.5	0.49554962	289157.1	35563
162.02103	370.0	0.49554962	289157.1	35563
47.78829	303.75	0.49554962	289157.1	35563
323.4055	377.75	0.49554962	289157.1	35563
173.8081	453.25	0.49554962	289157.1	35563
60.450813	361.75	-0.49554962	289157.1	35563
100.088066	205.375	0.49554962	289157.1	35563
206.69145	652.0	0.49554962	289157.1	35563
515.47424	702.0	0.49554962	289157.1	35563
194.14365	495.0	0.49554962	289157.1	35563
180.27205	564.0	0.49554962	289157.1	35563
142.59352	325.0	-0.49554962	289157.1	35563
127.812035	423.0	0.49554962	289157.1	35563
160.83476	313.5	0.49554962	289157.1	35563
304.95813	873.0	0.49554962	289157.1	35563
127.902565	452.75	-0.49554962	289157.1	35563
219.2458	200.875	0.49554962	289157.1	35563
224.71059	463.0	0.49554962	289157.1	35563
215.21149	345.75	0.49554962	289157.1	35563
261.2391	226.75	-0.49554962	289157.1	35563
191.30887	401.5	0.49554962	289157.1	35563
243.31207	280.75	0.49554962	289157.1	35563
57.458134	366.75	-0.49554962	289157.1	35563
123.75258	426.75	0.49554962	289157.1	35563
155.98059	309.0	0.49554962	289157.1	35563
376.66452	841.5	-0.49554962	289157.1	35563
159.2497	341.75	-0.49554962	289157.1	35563
141.84363	330.5	0.49554962	289157.1	35563
139.06142	364.0	0.49554962	289157.1	35563
80.57158	214.625	-0.49554962	289157.1	35563
245.45529	477.0	0.49554962	289157.1	35563
89.60898	330.25	0.49554962	289157.1	35563
112.79832	626.5	0.49554962	289157.1	35563
150.672	441.0	-0.49554962	289157.1	35563
113.29069	530.5	-0.49554962	289157.1	35563
65.04233	219.0	0.49554962	289157.1	35563
338.1868	399.5	0.49554962	289157.1	35563
228.54941	298.0	0.49554962	289157.1	35563
197.10362	709.0	0.49554962	289157.1	35563
84.11556	299.25	0.49554962	289157.1	35563
127.635956	457.25	0.49554962	289157.1	35563
132.43413	893.5	0.49554962	289157.1	35563
294.6048	506.25	0.49554962	289157.1	35563
114.02487	339.0	-0.49554962	289157.1	35563
178.84271	397.75	-0.49554962	289157.1	35563
309.05685	920.0	0.49554962	289157.1	35563
136.6389	219.375	0.49554962	289157.1	35563
72.08189	442.0	0.49554962	289157.1	35563
193.16225	207.75	-0.49554962	289157.1	35563
69.05746	476.25	0.49554962	289157.1	35563
183.16844	259.25	0.49554962	289157.1	35563
115.35603	315.25	0.49554962	289157.1	35563
409.26776	311.25	0.49554962	289157.1	35563
215.0164	264.75	-0.49554962	289157.1	35563
170.37299	401.0	-0.49554962	289157.1	35563
67.82729	390.0	0.49554962	289157.1	35563
71.63423	413.0	0.49554962	289157.1	35563
195.75737	537.5	0.49554962	289157.1	35563
196.2553	338.25	-0.49554962	289157.1	35563
74.78207	396.0	0.49554962	289157.1	35563
145.19833	467.25	-0.49554962	289157.1	35563
38.13083	232.5	-0.49554962	289157.1	35563
114.984146	478.75	-0.49554962	289157.1	35563
155.0464	388.25	0.49554962	289157.1	35563
250.11179	337.0	0.49554962	289157.1	35563
172.26483	518.5	-0.49554962	289157.1	35563
180.40376	387.0	0.49554962	289157.1	35563
188.19131	327.75	0.49554962	289157.1	35563
72.20033	382.75	0.49554962	289157.1	35563
398.90192	1069.0	0.49554962	289157.1	35563
311.61444	550.5	0.49554962	289157.1	35563
87.58844	415.25	0.49554962	289157.1	35563
143.77127	393.25	-0.49554962	289157.1	35563
328.16913	666.0	0.49554962	289157.1	35563
405.2916	450.0	0.49554962	289157.1	35563
159.16066	230.25	0.49554962	289157.1	35563
447.87238	474.75	0.49554962	289157.1	35563
74.25422	342.5	-0.49554962	289157.1	35563
273.5898	391.0	-0.49554962	289157.1	35563
109.321815	308.75	0.49554962	289157.1	35563
284.24908	242.375	-0.49554962	289157.1	35563
209.28883	287.75	-0.49554962	289157.1	35563
129.75511	262.25	0.49554962	289157.1	35563
101.541084	663.0	0.49554962	289157.1	35563
152.56693	392.25	0.49554962	289157.1	35563
222.99173	299.75	0.49554962	289157.1	35563
176.27132	372.75	0.49554962	289157.1	35563
80.51748	608.0	-0.49554962	289157.1	35563
152.8424	562.0	-0.49554962	289157.1	35563
170.37794	407.0	0.49554962	289157.1	35563
118.787125	346.0	0.49554962	289157.1	35563
161.94183	418.5	0.49554962	289157.1	35563
122.17739	471.5	0.49554962	289157.1	35563
113.45346	514.5	0.49554962	289157.1	35563
162.48949	345.0	0.49554962	289157.1	35563
94.29352	253.375	-0.49554962	289157.1	35563
180.69939	407.75	0.49554962	289157.1	35563
163.5097	205.375	0.49554962	289157.1	35563
188.7642	550.0	0.49554962	289157.1	35563
51.384823	544.0	-0.49554962	289157.1	35563
201.14482	346.25	-0.49554962	289157.1	35563
214.44164	521.0	-0.49554962	289157.1	35563
88.50511	389.25	0.49554962	289157.1	35563
228.43422	462.25	-0.49554962	289157.1	35563
154.16168	322.75	0.49554962	289157.1	35563
152.07634	219.5	0.49554962	289157.1	35563
176.42354	1211.0	-0.49554962	289157.1	35563
177.11417	708.5	-0.49554962	289157.1	35563
214.42868	379.25	0.49554962	289157.1	35563
158.9969	307.0	0.49554962	289157.1	35563
90.820015	515.5	-0.49554962	289157.1	35563
143.89366	252.375	0.49554962	289157.1	35563
461.63153	582.0	0.49554962	289157.1	35563
226.47679	371.0	0.49554962	289157.1	35563
332.96994	384.25	-0.49554962	289157.1	35563
198.36894	363.75	0.49554962	289157.1	35563
209.22786	427.75	-0.49554962	289157.1	35563
307.20215	500.75	0.49554962	289157.1	35563
120.43189	1293.0	0.49554962	289157.1	35563
99.96096	320.75	-0.49554962	289157.1	35563
93.01743	305.0	0.49554962	289157.1	35563
327.92972	407.5	-0.49554962	289157.1	35563
98.678665	453.5	0.49554962	289157.1	35563
314.10608	487.75	-0.49554962	289157.1	35563
141.70726	441.0	0.49554962	289157.1	35563
309.04626	358.25	-0.49554962	289157.1	35563
87.85219	414.75	0.49554962	289157.1	35563
25.67608	506.5	-0.49554962	289157.1	35563
137.94907	381.25	0.49554962	289157.1	35563
129.7702	416.75	-0.49554962	289157.1	35563
47.210777	258.5	0.49554962	289157.1	35563
109.49855	359.5	0.49554962	289157.1	35563
165.19756	293.25	0.49554962	289157.1	35563
160.71759	390.75	0.49554962	289157.1	35563
168.27261	285.25	0.49554962	289157.1	35563
154.1999	244.25	0.49554962	289157.1	35563
400.1572	559.0	0.49554962	289157.1	35563
608.86316	366.25	-0.49554962	289157.1	35563
104.14353	288.0	-0.49554962	289157.1	35563
591.4433	505.75	0.49554962	289157.1	35563
393.20526	356.0	0.49554962	289157.1	35563
208.02577	217.75	-0.49554962	289157.1	35563
137.72377	483.5	-0.49554962	289157.1	35563
179.55502	378.0	0.49554962	289157.1	35563
77.87024	613.0	0.49554962	289157.1	35563
116.491455	547.0	0.49554962	289157.1	35563
117.253204	244.75	0.49554962	289157.1	35563
77.593895	609.5	0.49554962	289157.1	35563
276.00372	631.5	-0.49554962	289157.1	35563
150.46687	279.25	0.49554962	289157.1	35563
154.8341	339.25	0.49554962	289157.1	35563
166.75449	745.5	0.49554962	289157.1	35563
107.849556	202.5	0.49554962	289157.1	35563
129.71996	428.25	0.49554962	289157.1	35563
64.4087	229.625	0.49554962	289157.1	35563
128.41248	261.75	0.49554962	289157.1	35563
62.330036	284.75	-0.49554962	289157.1	35563
366.35626	609.5	-0.49554962	289157.1	35563
169.32393	282.0	-0.49554962	289157.1	35563
232.30777	290.75	-0.49554962	289157.1	35563
202.47194	243.125	0.49554962	289157.1	35563
244.2206	355.25	-0.49554962	289157.1	35563
215.61794	287.75	-0.49554962	289157.1	35563
439.6076	446.75	0.49554962	289157.1	35563
146.92601	258.25	-0.49554962	289157.1	35563
91.74488	301.5	0.49554962	289157.1	35563
155.85371	545.5	0.49554962	289157.1	35563
126.2365	362.5	0.49554962	289157.1	35563
135.44238	526.0	0.49554962	289157.1	35563
214.27437	316.5	0.49554962	289157.1	35563
60.77903	408.75	-0.49554962	289157.1	35563
162.88373	622.5	0.49554962	289157.1	35563
154.08743	227.625	-0.49554962	289157.1	35563
90.56277	369.75	0.49554962	289157.1	35563
158.04196	470.75	0.49554962	289157.1	35563
326.96365	235.625	0.49554962	289157.1	35563
77.64647	323.5	0.49554962	289157.1	35563
283.11835	352.5	-0.49554962	289157.1	35563
306.93408	548.0	0.49554962	289157.1	35563
168.23798	530.0	-0.49554962	289157.1	35563
271.80624	319.25	-0.49554962	289157.1	35563
122.141716	239.5	0.49554962	289157.1	35563
84.7161	330.25	-0.49554962	289157.1	35563
157.97905	373.75	-0.49554962	289157.1	35563
245.90648	543.5	0.49554962	289157.1	35563
420.01495	432.0	0.49554962	289157.1	35563
76.00187	307.25	0.49554962	289157.1	35563
166.70374	366.0	-0.49554962	289157.1	35563
155.44112	583.5	0.49554962	289157.1	35563
451.82346	433.0	0.49554962	289157.1	35563
230.50188	440.5	0.49554962	289157.1	35563
159.8405	652.5	-0.49554962	289157.1	35563
166.58647	554.5	0.49554962	289157.1	35563
108.43162	541.0	0.49554962	289157.1	35563
73.262924	296.75	-0.49554962	289157.1	35563
94.73781	324.25	0.49554962	289157.1	35563
49.910362	205.875	0.49554962	289157.1	35563
102.43084	449.75	0.49554962	289157.1	35563
464.0598	489.5	0.49554962	289157.1	35563
229.3874	465.5	-0.49554962	289157.1	35563
207.36732	244.625	0.49554962	289157.1	35563
91.05787	334.25	0.49554962	289157.1	35563
68.766304	280.25	0.49554962	289157.1	35563
170.26674	472.75	0.49554962	289157.1	35563
96.259	405.0	-0.49554962	289157.1	35563
119.254326	296.25	-0.49554962	289157.1	35563
167.29387	389.75	0.49554962	289157.1	35563
193.31718	257.0	0.49554962	289157.1	35563
355.86078	322.0	0.49554962	289157.1	35563
112.07181	830.0	-0.49554962	289157.1	35563
182.37112	336.75	0.49554962	289157.1	35563
299.9794	293.0	0.49554962	289157.1	35563
290.2192	651.0	-0.49554962	289157.1	35563
130.32246	300.25	-0.49554962	289157.1	35563
345.87323	510.5	0.49554962	289157.1	35563
73.31629	399.25	-0.49554962	289157.1	35563
120.41138	286.0	-0.49554962	289157.1	35563
190.60165	391.0	0.49554962	289157.1	35563
275.3873	436.75	0.49554962	289157.1	35563
259.15195	617.5	0.49554962	289157.1	35563
131.42188	469.75	0.49554962	289157.1	35563
160.13448	279.75	0.49554962	289157.1	35563
320.28262	566.5	0.49554962	289157.1	35563
61.08527	418.5	0.49554962	289157.1	35563
183.77888	306.25	-0.49554962	289157.1	35563
184.69026	333.5	0.49554962	289157.1	35563
266.7139	303.5	0.49554962	289157.1	35563
114.465904	280.5	0.49554962	289157.1	35563
140.97203	332.0	-0.49554962	289157.1	35563
146.07707	266.0	0.49554962	289157.1	35563
62.62228	212.125	0.49554962	289157.1	35563
113.03753	259.0	0.49554962	289157.1	35563
79.58357	505.75	0.49554962	289157.1	35563
225.1898	754.5	0.49554962	289157.1	35563
78.65744	320.5	0.49554962	289157.1	35563
61.518883	527.5	-0.49554962	289157.1	35563
189.14655	434.25	0.49554962	289157.1	35563
137.03722	261.5	0.49554962	289157.1	35563
305.1163	539.0	-0.49554962	289157.1	35563
91.18867	368.25	0.49554962	289157.1	35563
171.53477	613.0	0.49554962	289157.1	35563
134.31563	427.25	0.49554962	289157.1	35563
470.98737	647.5	0.49554962	289157.1	35563
224.40714	558.0	0.49554962	289157.1	35563
263.8141	371.75	0.49554962	289157.1	35563
100.66472	310.25	0.49554962	289157.1	35563
554.02216	423.5	0.49554962	289157.1	35563
168.65811	796.5	-0.49554962	289157.1	35563
400.9852	309.5	-0.49554962	289157.1	35563
133.54309	288.75	-0.49554962	289157.1	35563
170.51184	351.25	0.49554962	289157.1	35563
378.48895	541.0	0.49554962	289157.1	35563
121.26697	993.0	-0.49554962	289157.1	35563
136.76743	594.5	0.49554962	289157.1	35563
127.595276	254.5	0.49554962	289157.1	35563
436.15747	381.0	-0.49554962	289157.1	35563
56.810917	341.75	-0.49554962	289157.1	35563
270.06265	441.75	0.49554962	289157.1	35563
130.71332	433.25	0.49554962	289157.1	35563
59.14211	642.0	0.49554962	289157.1	35563
239.63785	549.5	0.49554962	289157.1	35563
88.53666	467.75	0.49554962	289157.1	35563
85.75489	205.0	-0.49554962	289157.1	35563
245.93318	581.0	0.49554962	289157.1	35563
65.09749	637.5	-0.49554962	289157.1	35563
351.00977	383.75	-0.49554962	289157.1	35563
154.3931	307.75	0.49554962	289157.1	35563
51.90128	264.75	-0.49554962	289157.1	35563
65.26924	363.5	-0.49554962	289157.1	35563
334.03375	320.25	0.49554962	289157.1	35563
213.81868	414.5	-0.49554962	289157.1	35563
288.0079	664.0	0.49554962	289157.1	35563
82.74191	479.0	0.49554962	289157.1	35563
82.555885	373.25	-0.49554962	289157.1	35563
359.51712	527.5	0.49554962	289157.1	35563
142.9238	523.0	0.49554962	289157.1	35563
214.47676	423.25	0.49554962	289157.1	35563
647.0955	775.0	-0.49554962	289157.1	35563
106.03726	204.875	0.49554962	289157.1	35563
121.83951	279.25	0.49554962	289157.1	35563
115.72813	253.375	-0.49554962	289157.1	35563
195.70415	355.75	-0.49554962	289157.1	35563
177.42166	352.25	0.49554962	289157.1	35563
380.2963	498.75	0.49554962	289157.1	35563
205.07959	769.0	0.49554962	289157.1	35563
510.61826	527.5	0.49554962	289157.1	35563
139.88127	408.5	-0.49554962	289157.1	35563
121.184204	421.25	0.49554962	289157.1	35563
253.7186	436.25	-0.49554962	289157.1	35563
78.573784	418.75	-0.49554962	289157.1	35563
208.81306	1099.0	0.49554962	289157.1	35563
33.407734	395.5	0.49554962	289157.1	35563
489.4118	612.0	0.49554962	289157.1	35563
161.89055	388.25	-0.49554962	289157.1	35563
65.90287	413.75	0.49554962	289157.1	35563
53.079937	402.0	0.49554962	289157.1	35563
115.269485	359.25	0.49554962	289157.1	35563
218.0983	485.0	-0.49554962	289157.1	35563
84.890205	236.875	0.49554962	289157.1	35563
107.491776	431.0	0.49554962	289157.1	35563
167.71986	418.5	-0.49554962	289157.1	35563
63.227757	217.0	0.49554962	289157.1	35563
177.4261	408.0	0.49554962	289157.1	35563
329.5129	333.5	0.49554962	289157.1	35563
224.89062	405.5	0.49554962	289157.1	35563
164.64989	555.0	0.49554962	289157.1	35563
48.796604	373.5	0.49554962	289157.1	35563
198.1712	323.5	-0.49554962	289157.1	35563
159.06143	316.0	-0.49554962	289157.1	35563
382.65152	438.75	0.49554962	289157.1	35563
154.14049	205.125	0.49554962	289157.1	35563
302.12808	472.5	0.49554962	289157.1	35563
301.10638	476.25	0.49554962	289157.1	35563
180.32991	556.5	0.49554962	289157.1	35563
205.8863	254.625	0.49554962	289157.1	35563
167.51572	300.5	0.49554962	289157.1	35563
199.92735	247.0	0.49554962	289157.1	35563
202.90114	268.25	0.49554962	289157.1	35563
270.564	591.0	-0.49554962	289157.1	35563
786.2184	659.0	0.49554962	289157.1	35563
46.112957	621.0	0.49554962	289157.1	35563
114.17604	256.25	-0.49554962	289157.1	35563
345.10843	343.0	0.49554962	289157.1	35563
86.10807	249.875	0.49554962	289157.1	35563
269.1936	516.0	0.49554962	289157.1	35563
225.82281	450.75	0.49554962	289157.1	35563
161.57501	281.0	0.49554962	289157.1	35563
148.33011	451.25	-0.49554962	289157.1	35563
401.6029	463.0	0.49554962	289157.1	35563
188.03793	341.0	0.49554962	289157.1	35563
142.10594	611.0	0.49554962	289157.1	35563
99.82892	330.25	-0.49554962	289157.1	35563
181.78625	466.75	0.49554962	289157.1	35563
382.42026	484.5	0.49554962	289157.1	35563
155.07318	238.875	0.49554962	289157.1	35563
106.84496	294.25	0.49554962	289157.1	35563
183.40076	216.0	0.49554962	289157.1	35563
91.84708	225.75	0.49554962	289157.1	35563
228.01022	799.0	0.49554962	289157.1	35563
85.92981	742.5	-0.49554962	289157.1	35563
296.9811	553.5	0.49554962	289157.1	35563
90.97964	266.0	0.49554962	289157.1	35563
126.90833	532.5	-0.49554962	289157.1	35563
184.7981	333.5	0.49554962	289157.1	35563
286.65503	498.0	0.49554962	289157.1	35563
318.66766	365.25	0.49554962	289157.1	35563
178.18156	282.25	0.49554962	289157.1	35563
144.79073	484.75	0.49554962	289157.1	35563
242.7136	507.0	0.49554962	289157.1	35563
497.2977	580.0	-0.49554962	289157.1	35563
396.99518	433.0	0.49554962	289157.1	35563
106.58151	374.25	0.49554962	289157.1	35563
93.8266	434.75	0.49554962	289157.1	35563
177.74817	430.5	0.49554962	289157.1	35563
272.56607	536.0	-0.49554962	289157.1	35563
145.44652	443.75	-0.49554962	289157.1	35563
311.7735	380.0	-0.49554962	289157.1	35563
91.82252	295.5	0.49554962	289157.1	35563
233.7815	337.0	0.49554962	289157.1	35563
108.60063	505.75	0.49554962	289157.1	35563
90.03261	232.0	-0.49554962	289157.1	35563
239.50032	363.25	0.49554962	289157.1	35563
232.43771	260.75	0.49554962	289157.1	35563
235.83545	438.25	-0.49554962	289157.1	35563
272.56058	611.0	-0.49554962	289157.1	35563
193.08687	345.25	0.49554962	289157.1	35563
148.91154	418.0	0.49554962	289157.1	35563
290.71548	686.0	0.49554962	289157.1	35563
253.78351	426.5	0.49554962	289157.1	35563
208.63667	284.5	0.49554962	289157.1	35563
203.824	513.0	0.49554962	289157.1	35563
256.18164	339.5	0.49554962	289157.1	35563
184.43192	775.0	0.49554962	289157.1	35563
221.143	610.0	-0.49554962	289157.1	35563
275.2025	490.0	0.49554962	289157.1	35563
451.82504	661.5	0.49554962	289157.1	35563
114.67452	387.75	-0.49554962	289157.1	35563
199.57896	620.0	0.49554962	289157.1	35563
87.70539	443.0	0.49554962	289157.1	35563
139.4305	279.5	0.49554962	289157.1	35563
262.88724	478.25	-0.49554962	289157.1	35563
200.06151	291.75	0.49554962	289157.1	35563
452.0868	582.0	0.49554962	289157.1	35563
206.77382	313.75	-0.49554962	289157.1	35563
571.7891	676.5	0.49554962	289157.1	35563
62.375835	676.5	0.49554962	289157.1	35563
186.70856	422.0	-0.49554962	289157.1	35563
253.0615	495.0	0.49554962	289157.1	35563
77.31276	475.0	0.49554962	289157.1	35563
140.49194	264.0	0.49554962	289157.1	35563
237.52258	518.0	0.49554962	289157.1	35563
60.85524	242.25	-0.49554962	289157.1	35563
246.89629	394.5	-0.49554962	289157.1	35563
187.95316	401.25	-0.49554962	289157.1	35563
224.25725	362.25	0.49554962	289157.1	35563
145.82367	274.75	0.49554962	289157.1	35563
170.49342	414.5	0.49554962	289157.1	35563
149.88402	275.75	0.49554962	289157.1	35563
165.74925	533.5	0.49554962	289157.1	35563
212.99742	661.5	0.49554962	289157.1	35563
151.1873	497.0	0.49554962	289157.1	35563
365.45795	489.0	-0.49554962	289157.1	35563
93.83228	277.75	-0.49554962	289157.1	35563
182.40631	265.25	0.49554962	289157.1	35563
237.86893	394.0	0.49554962	289157.1	35563
68.12834	454.25	0.49554962	289157.1	35563
161.61038	442.0	0.49554962	289157.1	35563
301.9992	551.0	-0.49554962	289157.1	35563
59.462494	306.75	0.49554962	289157.1	35563
63.415695	279.75	0.49554962	289157.1	35563
399.57672	489.25	0.49554962	289157.1	35563
88.215195	344.5	0.49554962	289157.1	35563
121.72512	294.5	0.49554962	289157.1	35563
109.784805	315.75	0.49554962	289157.1	35563
213.8749	421.0	-0.49554962	289157.1	35563
250.50075	260.75	0.49554962	289157.1	35563
300.2435	555.0	0.49554962	289157.1	35563
99.80731	227.75	0.49554962	289157.1	35563
145.53722	362.5	0.49554962	289157.1	35563
515.5064	420.25	0.49554962	289157.1	35563
135.6614	325.5	-0.49554962	289157.1	35563
248.86707	300.25	0.49554962	289157.1	35563
391.5329	550.5	0.49554962	289157.1	35563
105.15881	767.5	0.49554962	289157.1	35563
162.44582	647.5	0.49554962	289157.1	35563
376.98395	486.5	0.49554962	289157.1	35563
130.62537	238.75	-0.49554962	289157.1	35563
111.63774	673.5	0.49554962	289157.1	35563
269.29846	733.5	0.49554962	289157.1	35563
100.50598	336.75	0.49554962	289157.1	35563
50.184067	263.25	0.49554962	289157.1	35563
101.48788	859.0	0.49554962	289157.1	35563
134.43944	440.75	0.49554962	289157.1	35563
183.5185	605.5	0.49554962	289157.1	35563
146.8282	227.25	0.49554962	289157.1	35563
129.56215	510.25	0.49554962	289157.1	35563
526.46875	710.5	-0.49554962	289157.1	35563
231.39629	481.25	0.49554962	289157.1	35563
185.96724	289.75	0.49554962	289157.1	35563
130.79317	453.5	-0.49554962	289157.1	35563
249.38249	519.0	0.49554962	289157.1	35563
57.442062	271.0	0.49554962	289157.1	35563
150.77974	348.5	0.49554962	289157.1	35563
169.6746	587.5	0.49554962	289157.1	35563
218.1645	605.5	0.49554962	289157.1	35563
157.84938	298.5	0.49554962	289157.1	35563
125.9146	203.5	-0.49554962	289157.1	35563
86.55256	271.25	0.49554962	289157.1	35563
186.156	486.75	0.49554962	289157.1	35563
376.70627	475.75	0.49554962	289157.1	35563
138.12387	278.0	0.49554962	289157.1	35563
59.750755	221.25	0.49554962	289157.1	35563
73.77556	512.5	0.49554962	289157.1	35563
133.26234	324.75	0.49554962	289157.1	35563
224.52678	350.75	0.49554962	289157.1	35563
141.27417	272.0	0.49554962	289157.1	35563
128.69353	316.25	0.49554962	289157.1	35563
185.97195	308.5	-0.49554962	289157.1	35563
80.0987	277.5	0.49554962	289157.1	35563
206.41814	406.25	0.49554962	289157.1	35563
205.4839	489.75	0.49554962	289157.1	35563
162.80235	364.75	0.49554962	289157.1	35563
330.82925	743.5	0.49554962	289157.1	35563
82.49282	399.75	0.49554962	289157.1	35563
723.95557	460.25	0.49554962	289157.1	35563
77.072655	274.75	0.49554962	289157.1	35563
240.76608	486.5	0.49554962	289157.1	35563
72.97565	329.75	0.49554962	289157.1	35563
395.4086	641.5	-0.49554962	289157.1	35563
126.62622	201.75	0.49554962	289157.1	35563
260.51056	472.0	0.49554962	289157.1	35563
145.03421	300.0	0.49554962	289157.1	35563
132.107	334.75	0.49554962	289157.1	35563
266.14145	514.0	-0.49554962	289157.1	35563
262.71976	426.75	0.49554962	289157.1	35563
179.82692	502.5	0.49554962	289157.1	35563
72.55876	220.875	-0.49554962	289157.1	35563
58.98685	477.5	0.49554962	289157.1	35563
162.65092	360.0	-0.49554962	289157.1	35563
131.4471	357.5	0.49554962	289157.1	35563
151.61557	393.25	0.49554962	289157.1	35563
374.953	689.5	-0.49554962	289157.1	35563
316.9046	506.25	0.49554962	289157.1	35563
52.496952	331.0	-0.49554962	289157.1	35563
62.845505	333.25	0.49554962	289157.1	35563
234.16756	811.5	0.49554962	289157.1	35563
90.65197	274.75	0.49554962	289157.1	35563
564.5538	461.25	0.49554962	289157.1	35563
219.43115	338.5	0.49554962	289157.1	35563
154.1473	725.5	-0.49554962	289157.1	35563
348.1016	327.5	0.49554962	289157.1	35563
237.22678	462.25	-0.49554962	289157.1	35563
218.34084	365.0	0.49554962	289157.1	35563
501.03885	472.0	0.49554962	289157.1	35563
58.401703	305.25	-0.49554962	289157.1	35563
138.26512	342.0	-0.49554962	289157.1	35563
234.21555	373.5	-0.49554962	289157.1	35563
241.3989	447.0	-0.49554962	289157.1	35563
245.27138	322.75	0.49554962	289157.1	35563
138.5894	393.75	0.49554962	289157.1	35563
60.603195	395.25	0.49554962	289157.1	35563
181.33568	618.5	0.49554962	289157.1	35563
334.67566	432.25	0.49554962	289157.1	35563
174.58487	208.375	0.49554962	289157.1	35563
66.35759	396.5	0.49554962	289157.1	35563
105.36072	313.5	-0.49554962	289157.1	35563
232.37383	684.0	0.49554962	289157.1	35563
82.3201	321.0	-0.49554962	289157.1	35563
110.07628	289.0	0.49554962	289157.1	35563
836.66064	2056.0	0.49554962	289157.1	35563
377.0002	364.25	0.49554962	289157.1	35563
183.3182	370.5	0.49554962	289157.1	35563
107.64242	468.5	0.49554962	289157.1	35563
166.64621	357.0	0.49554962	289157.1	35563
499.37683	510.0	-0.49554962	289157.1	35563
86.535805	408.75	0.49554962	289157.1	35563
100.56929	308.25	0.49554962	289157.1	35563
90.27055	377.0	0.49554962	289157.1	35563
208.34787	587.0	0.49554962	289157.1	35563
181.62413	385.75	0.49554962	289157.1	35563
78.69237	495.0	0.49554962	289157.1	35563
88.817024	252.75	0.49554962	289157.1	35563
102.05342	248.25	0.49554962	289157.1	35563
70.79	266.0	0.49554962	289157.1	35563
114.01905	450.5	0.49554962	289157.1	35563
106.088715	407.25	0.49554962	289157.1	35563
441.7008	480.75	0.49554962	289157.1	35563
354.12192	261.75	0.49554962	289157.1	35563
116.02071	453.75	0.49554962	289157.1	35563
261.86963	333.25	0.49554962	289157.1	35563
122.53478	233.25	-0.49554962	289157.1	35563
73.50897	368.0	0.49554962	289157.1	35563
487.15207	656.0	-0.49554962	289157.1	35563
195.62111	523.5	0.49554962	289157.1	35563
142.75784	310.25	-0.49554962	289157.1	35563
111.46169	222.25	0.49554962	289157.1	35563
362.25485	604.5	0.49554962	289157.1	35563
146.3819	434.75	-0.49554962	289157.1	35563
115.78804	442.75	0.49554962	289157.1	35563
172.0495	778.5	0.49554962	289157.1	35563
445.63	449.25	-0.49554962	289157.1	35563
194.16388	337.25	-0.49554962	289157.1	35563
82.55859	272.25	-0.49554962	289157.1	35563
230.52756	344.5	-0.49554962	289157.1	35563
167.72937	325.0	0.49554962	289157.1	35563
177.43503	420.75	0.49554962	289157.1	35563
202.60738	414.25	0.49554962	289157.1	35563
289.20108	702.5	0.49554962	289157.1	35563
100.10327	436.5	0.49554962	289157.1	35563
181.78862	338.25	0.49554962	289157.1	35563
195.794	240.375	-0.49554962	289157.1	35563
56.119312	438.0	-0.49554962	289157.1	35563
378.7145	325.5	0.49554962	289157.1	35563
74.65756	492.0	-0.49554962	289157.1	35563
351.98096	511.5	-0.49554962	289157.1	35563
220.74097	495.25	0.49554962	289157.1	35563
179.05879	397.25	-0.49554962	289157.1	35563
216.92035	355.0	-0.49554962	289157.1	35563
94.68769	460.25	0.49554962	289157.1	35563
448.41513	924.0	-0.49554962	289157.1	35563
102.94279	221.625	0.49554962	289157.1	35563
164.18526	280.75	-0.49554962	289157.1	35563
313.09427	437.25	0.49554962	289157.1	35563
166.82268	429.5	-0.49554962	289157.1	35563
211.34773	257.5	0.49554962	289157.1	35563
95.988716	453.0	-0.49554962	289157.1	35563
140.26245	415.25	-0.49554962	289157.1	35563
74.48949	396.0	0.49554962	289157.1	35563
77.62463	543.5	-0.49554962	289157.1	35563
168.50981	259.75	0.49554962	289157.1	35563
152.71303	300.25	-0.49554962	289157.1	35563
69.33239	333.25	-0.49554962	289157.1	35563
278.0451	222.75	0.49554962	289157.1	35563
309.247	409.75	0.49554962	289157.1	35563
197.45425	419.0	0.49554962	289157.1	35563
467.52325	825.5	0.49554962	289157.1	35563
320.92892	292.0	-0.49554962	289157.1	35563
135.18048	391.0	0.49554962	289157.1	35563
366.59128	767.0	0.49554962	289157.1	35563
127.15935	289.25	-0.49554962	289157.1	35563
131.97977	501.5	0.49554962	289157.1	35563
57.335728	228.375	0.49554962	289157.1	35563
347.81326	520.5	0.49554962	289157.1	35563
233.05148	253.75	-0.49554962	289157.1	35563
473.75302	363.5	0.49554962	289157.1	35563
225.82956	408.0	0.49554962	289157.1	35563
439.13937	450.75	0.49554962	289157.1	35563
156.41699	479.25	0.49554962	289157.1	35563
110.77825	215.625	-0.49554962	289157.1	35563
190.58116	534.5	0.49554962	289157.1	35563
113.24737	494.0	-0.49554962	289157.1	35563
92.07199	253.5	0.49554962	289157.1	35563
356.44064	276.25	0.49554962	289157.1	35563
254.21407	598.5	0.49554962	289157.1	35563
170.9129	261.0	-0.49554962	289157.1	35563
122.78315	941.0	0.49554962	289157.1	35563
150.16968	433.0	0.49554962	289157.1	35563
217.15274	329.25	0.49554962	289157.1	35563
124.788216	296.25	0.49554962	289157.1	35563
273.4827	381.25	0.49554962	289157.1	35563
250.46971	639.5	-0.49554962	289157.1	35563
507.36432	587.0	-0.49554962	289157.1	35563
100.887726	433.25	0.49554962	289157.1	35563
119.11205	220.5	0.49554962	289157.1	35563
70.90773	394.25	0.49554962	289157.1	35563
355.75058	387.75	0.49554962	289157.1	35563
227.11392	633.0	-0.49554962	289157.1	35563
128.17587	582.0	0.49554962	289157.1	35563
146.96002	368.0	0.49554962	289157.1	35563
108.543526	647.5	0.49554962	289157.1	35563
116.58503	337.25	-0.49554962	289157.1	35563
123.45037	370.75	-0.49554962	289157.1	35563
210.4489	281.25	0.49554962	289157.1	35563
80.45138	545.0	0.49554962	289157.1	35563
173.56192	589.5	0.49554962	289157.1	35563
230.72351	461.5	-0.49554962	289157.1	35563
156.03572	335.0	-0.49554962	289157.1	35563
140.94048	329.25	-0.49554962	289157.1	35563
133.85007	206.625	0.49554962	289157.1	35563
82.66811	377.0	0.49554962	289157.1	35563
111.22469	466.25	0.49554962	289157.1	35563
91.91274	316.5	0.49554962	289157.1	35563
502.28134	743.5	0.49554962	289157.1	35563
304.12714	381.0	0.49554962	289157.1	35563
135.88463	405.25	0.49554962	289157.1	35563
196.88252	481.75	0.49554962	289157.1	35563
72.01607	306.25	-0.49554962	289157.1	35563
212.03294	320.75	-0.49554962	289157.1	35563
157.46118	870.0	0.49554962	289157.1	35563
65.56892	400.0	0.49554962	289157.1	35563
136.39566	282.25	0.49554962	289157.1	35563
119.478584	672.5	-0.49554962	289157.1	35563
126.2986	324.0	0.49554962	289157.1	35563
117.39889	296.25	0.49554962	289157.1	35563
69.06369	363.5	-0.49554962	289157.1	35563
79.70083	353.25	-0.49554962	289157.1	35563
112.78877	519.0	-0.49554962	289157.1	35563
32.4133	426.5	-0.49554962	289157.1	35563
76.07045	282.0	-0.49554962	289157.1	35563
115.00501	367.25	0.49554962	289157.1	35563
81.175125	503.5	0.49554962	289157.1	35563
636.9787	980.0	0.49554962	289157.1	35563
168.64949	384.25	0.49554962	289157.1	35563
82.83804	216.625	0.49554962	289157.1	35563
72.01696	730.5	0.49554962	289157.1	35563
253.10643	606.0	0.49554962	289157.1	35563
110.938354	304.5	0.49554962	289157.1	35563
190.84021	547.0	0.49554962	289157.1	35563
67.42772	421.25	0.49554962	289157.1	35563
175.9795	216.875	0.49554962	289157.1	35563
338.9396	360.5	0.49554962	289157.1	35563
121.17592	271.0	-0.49554962	289157.1	35563
241.30588	601.5	-0.49554962	289157.1	35563
258.8566	374.75	0.49554962	289157.1	35563
128.76607	797.0	0.49554962	289157.1	35563
160.98528	404.25	0.49554962	289157.1	35563
223.78284	256.75	-0.49554962	289157.1	35563
117.137665	381.25	0.49554962	289157.1	35563
198.90918	323.5	-0.49554962	289157.1	35563
70.25333	398.5	0.49554962	289157.1	35563
130.88083	405.75	0.49554962	289157.1	35563
53.808838	348.0	0.49554962	289157.1	35563
83.71943	415.5	0.49554962	289157.1	35563
276.86676	494.0	0.49554962	289157.1	35563
154.19887	811.5	0.49554962	289157.1	35563
235.00098	295.0	0.49554962	289157.1	35563
41.118206	487.75	0.49554962	289157.1	35563
184.27559	370.0	0.49554962	289157.1	35563
430.09164	401.75	-0.49554962	289157.1	35563
111.10783	364.75	0.49554962	289157.1	35563
68.71627	379.75	0.49554962	289157.1	35563
672.76	602.0	-0.49554962	289157.1	35563
230.23253	704.0	0.49554962	289157.1	35563
100.83725	398.75	0.49554962	289157.1	35563
90.70649	501.75	0.49554962	289157.1	35563
132.85754	406.75	0.49554962	289157.1	35563
186.38287	268.25	-0.49554962	289157.1	35563
175.13507	338.75	0.49554962	289157.1	35563
185.58969	641.5	0.49554962	289157.1	35563
128.34866	282.25	0.49554962	289157.1	35563
210.02719	362.75	0.49554962	289157.1	35563
253.48303	305.0	0.49554962	289157.1	35563
101.96912	545.0	0.49554962	289157.1	35563
152.79234	725.5	-0.49554962	289157.1	35563
49.31656	485.75	-0.49554962	289157.1	35563
136.96642	381.5	0.49554962	289157.1	35563
201.50963	418.5	0.49554962	289157.1	35563
252.97925	241.0	-0.49554962	289157.1	35563
76.01851	505.25	0.49554962	289157.1	35563
168.38477	229.875	0.49554962	289157.1	35563
147.80426	427.5	0.49554962	289157.1	35563
276.21136	276.5	-0.49554962	289157.1	35563
182.8149	217.5	0.49554962	289157.1	35563
148.79716	475.5	-0.49554962	289157.1	35563
249.98615	279.0	-0.49554962	289157.1	35563
301.10153	423.5	0.49554962	289157.1	35563
138.0828	450.0	-0.49554962	289157.1	35563
65.56586	420.25	-0.49554962	289157.1	35563
139.92796	334.5	0.49554962	289157.1	35563
134.79185	512.5	0.49554962	289157.1	35563
110.29241	407.0	0.49554962	289157.1	35563
91.41066	242.125	0.49554962	289157.1	35563
485.49026	772.0	0.49554962	289157.1	35563
338.50156	492.75	0.49554962	289157.1	35563
264.05518	475.25	0.49554962	289157.1	35563
100.58125	271.75	-0.49554962	289157.1	35563
315.91953	351.5	0.49554962	289157.1	35563
92.9854	368.25	0.49554962	289157.1	35563
196.03311	506.5	0.49554962	289157.1	35563
84.178795	332.5	0.49554962	289157.1	35563
125.63091	269.75	-0.49554962	289157.1	35563
127.6999	374.25	0.49554962	289157.1	35563
178.80351	315.0	-0.49554962	289157.1	35563
199.03635	441.75	0.49554962	289157.1	35563
317.07614	438.0	0.49554962	289157.1	35563
96.03997	233.5	0.49554962	289157.1	35563
78.32054	452.25	0.49554962	289157.1	35563
146.90323	478.0	-0.49554962	289157.1	35563
73.266045	404.5	-0.49554962	289157.1	35563
63.915504	330.25	0.49554962	289157.1	35563
177.15372	204.375	0.49554962	289157.1	35563
232.1775	347.75	0.49554962	289157.1	35563
390.256	526.5	0.49554962	289157.1	35563
252.0814	410.0	0.49554962	289157.1	35563
38.467552	481.0	0.49554962	289157.1	35563
227.35307	391.25	-0.49554962	289157.1	35563
157.92374	357.25	0.49554962	289157.1	35563
157.66707	381.5	0.49554962	289157.1	35563
207.48196	381.0	-0.49554962	289157.1	35563
64.09685	454.0	0.49554962	289157.1	35563
227.62312	274.0	0.49554962	289157.1	35563
80.33551	524.5	0.49554962	289157.1	35563
160.9719	326.75	-0.49554962	289157.1	35563
161.67838	359.75	0.49554962	289157.1	35563
92.72886	550.0	0.49554962	289157.1	35563
114.02264	346.25	0.49554962	289157.1	35563
240.53241	285.25	0.49554962	289157.1	35563
199.47748	432.0	-0.49554962	289157.1	35563
214.13185	551.5	0.49554962	289157.1	35563
204.63208	429.5	0.49554962	289157.1	35563
379.25085	357.25	-0.49554962	289157.1	35563
153.88554	305.5	-0.49554962	289157.1	35563
307.62384	279.25	0.49554962	289157.1	35563
176.7011	314.75	0.49554962	289157.1	35563
102.32781	478.25	0.49554962	289157.1	35563
155.0107	282.0	-0.49554962	289157.1	35563
201.46835	476.75	0.49554962	289157.1	35563
74.574104	382.75	0.49554962	289157.1	35563
519.5867	482.0	0.49554962	289157.1	35563
343.78357	507.75	0.49554962	289157.1	35563
168.5971	345.25	0.49554962	289157.1	35563
106.47155	201.875	-0.49554962	289157.1	35563
196.32997	520.5	0.49554962	289157.1	35563
163.19025	627.0	0.49554962	289157.1	35563
89.614655	611.5	0.49554962	289157.1	35563
173.88522	400.5	-0.49554962	289157.1	35563
706.6667	391.25	-0.49554962	289157.1	35563
231.77782	357.0	0.49554962	289157.1	35563
260.8204	347.25	0.49554962	289157.1	35563
241.91057	684.5	0.49554962	289157.1	35563
237.61104	599.5	0.49554962	289157.1	35563
378.72476	614.5	0.49554962	289157.1	35563
52.625694	291.0	0.49554962	289157.1	35563
269.7603	387.75	-0.49554962	289157.1	35563
147.94966	434.75	-0.49554962	289157.1	35563
400.67764	373.75	0.49554962	289157.1	35563
179.88164	246.5	0.49554962	289157.1	35563
368.747	487.0	0.49554962	289157.1	35563
189.62845	339.5	0.49554962	289157.1	35563
217.64667	500.5	0.49554962	289157.1	35563
201.97005	446.0	0.49554962	289157.1	35563
267.0107	301.5	0.49554962	289157.1	35563
217.02008	329.5	-0.49554962	289157.1	35563
349.4833	334.25	0.49554962	289157.1	35563
248.09412	344.25	0.49554962	289157.1	35563
350.82483	227.625	-0.49554962	289157.1	35563
167.50957	322.25	-0.49554962	289157.1	35563
148.65372	318.0	-0.49554962	289157.1	35563
84.621895	310.75	0.49554962	289157.1	35563
106.35905	385.25	-0.49554962	289157.1	35563
140.59328	332.75	0.49554962	289157.1	35563
159.2544	604.0	0.49554962	289157.1	35563
66.31253	581.5	0.49554962	289157.1	35563
142.23102	235.875	-0.49554962	289157.1	35563
198.15497	484.25	0.49554962	289157.1	35563
176.38992	410.5	0.49554962	289157.1	35563
84.88291	250.375	0.49554962	289157.1	35563
186.36798	572.5	-0.49554962	289157.1	35563
201.79144	219.375	-0.49554962	289157.1	35563
104.62431	419.25	0.49554962	289157.1	35563
165.7137	391.5	0.49554962	289157.1	35563
126.08977	289.75	-0.49554962	289157.1	35563
184.84384	371.75	-0.49554962	289157.1	35563
188.42993	432.75	-0.49554962	289157.1	35563
412.50143	438.25	-0.49554962	289157.1	35563
383.8702	475.0	-0.49554962	289157.1	35563
164.65062	492.0	-0.49554962	289157.1	35563
280.01923	422.0	0.49554962	289157.1	35563
328.97223	402.75	0.49554962	289157.1	35563
278.6583	358.5	-0.49554962	289157.1	35563
282.6949	469.25	0.49554962	289157.1	35563
167.31018	590.5	-0.49554962	289157.1	35563
244.70978	478.0	0.49554962	289157.1	35563
166.94356	424.5	0.49554962	289157.1	35563
62.47659	312.5	0.49554962	289157.1	35563
112.89606	429.25	0.49554962	289157.1	35563
93.85029	234.625	0.49554962	289157.1	35563
124.558815	230.25	-0.49554962	289157.1	35563
113.122154	506.0	0.49554962	289157.1	35563
320.04388	668.0	0.49554962	289157.1	35563
284.8041	472.0	0.49554962	289157.1	35563
66.39392	309.75	0.49554962	289157.1	35563
96.694016	299.75	-0.49554962	289157.1	35563
366.88046	370.75	-0.49554962	289157.1	35563
168.53458	498.5	0.49554962	289157.1	35563
197.54039	266.5	0.49554962	289157.1	35563
125.977844	438.75	0.49554962	289157.1	35563
112.87774	397.25	0.49554962	289157.1	35563
112.62878	304.25	0.49554962	289157.1	35563
424.30402	351.0	0.49554962	289157.1	35563
152.10153	390.5	0.49554962	289157.1	35563
287.93936	416.75	-0.49554962	289157.1	35563
87.73997	252.875	0.49554962	289157.1	35563
110.43705	354.0	-0.49554962	289157.1	35563
123.77351	387.5	0.49554962	289157.1	35563
324.72363	379.5	0.49554962	289157.1	35563
342.5337	634.0	0.49554962	289157.1	35563
110.61421	397.75	0.49554962	289157.1	35563
78.27406	409.0	-0.49554962	289157.1	35563
42.30419	323.0	-0.49554962	289157.1	35563
391.2513	354.25	0.49554962	289157.1	35563
155.10887	335.75	0.49554962	289157.1	35563
162.04417	524.0	0.49554962	289157.1	35563
191.18962	263.25	0.49554962	289157.1	35563
135.75581	722.0	0.49554962	289157.1	35563
181.38293	463.5	0.49554962	289157.1	35563
353.82492	337.25	-0.49554962	289157.1	35563
73.6581	283.5	0.49554962	289157.1	35563
128.65698	330.75	0.49554962	289157.1	35563
73.7916	401.5	0.49554962	289157.1	35563
310.73447	599.5	0.49554962	289157.1	35563
58.800087	282.5	0.49554962	289157.1	35563
195.17728	371.75	-0.49554962	289157.1	35563
264.923	374.0	-0.49554962	289157.1	35563
55.653282	363.0	0.49554962	289157.1	35563
227.67653	819.0	0.49554962	289157.1	35563
116.19308	332.0	-0.49554962	289157.1	35563
