lep_pt	AK8_pt	AK4_pt	M_sd	genWeights	sumWeight	N_exp
222.14131	413.0	138.125	111.0	0.49554962	289570.47	35563
90.722015	303.75	43.46875	130.0	0.49554962	289570.47	35563
159.86458	273.5	49.65625	10.1796875	0.49554962	289570.47	35563
336.3914	474.75	132.75	156.5	-0.49554962	289570.47	35563
179.64346	325.25	65.1875	141.375	-0.49554962	289570.47	35563
52.822437	235.375	83.875	103.1875	-0.49554962	289570.47	35563
344.82364	671.5	76.5	151.625	0.49554962	289570.47	35563
79.396614	623.0	75.6875	77.125	-0.49554962	289570.47	35563
307.9609	222.125	58.53125	72.9375	-0.49554962	289570.47	35563
178.60663	527.0	125.0	184.75	0.49554962	289570.47	35563
335.96942	350.25	119.5	85.6875	-0.49554962	289570.47	35563
187.18604	421.5	156.125	184.0	0.49554962	289570.47	35563
167.19519	485.5	75.625	173.0	0.49554962	289570.47	35563
253.07117	435.5	90.375	168.875	-0.49554962	289570.47	35563
182.33939	219.125	152.75	90.625	0.49554962	289570.47	35563
144.87343	376.25	131.375	185.5	0.49554962	289570.47	35563
127.57587	412.75	57.40625	141.25	0.49554962	289570.47	35563
78.59038	449.75	108.8125	113.3125	0.49554962	289570.47	35563
217.76923	347.75	145.25	104.3125	0.49554962	289570.47	35563
94.73147	284.25	44.0	97.625	0.49554962	289570.47	35563
202.05458	392.75	45.78125	177.0	0.49554962	289570.47	35563
89.06494	192.75	100.5	82.8125	0.49554962	289570.47	35563
81.44472	299.25	99.125	101.5	0.49554962	289570.47	35563
78.32743	339.0	59.4375	95.0	-0.49554962	289570.47	35563
242.39584	321.0	91.875	93.8125	0.49554962	289570.47	35563
133.94795	203.875	142.125	72.5	0.49554962	289570.47	35563
84.88638	294.0	72.25	74.3125	-0.49554962	289570.47	35563
353.16666	373.5	84.375	108.0625	-0.49554962	289570.47	35563
194.51505	370.0	40.375	174.125	0.49554962	289570.47	35563
289.4702	368.5	111.1875	167.125	0.49554962	289570.47	35563
249.7096	271.25	86.5625	100.5625	-0.49554962	289570.47	35563
53.68906	356.25	109.1875	144.625	-0.49554962	289570.47	35563
128.88335	222.25	73.875	107.4375	-0.49554962	289570.47	35563
56.92694	383.75	49.25	156.0	-0.49554962	289570.47	35563
193.69006	574.0	81.125	146.625	-0.49554962	289570.47	35563
90.61415	384.0	123.8125	99.4375	0.49554962	289570.47	35563
424.56818	479.25	91.125	171.5	0.49554962	289570.47	35563
88.16127	293.0	163.25	140.875	0.49554962	289570.47	35563
181.55266	530.5	136.0	183.375	0.49554962	289570.47	35563
101.73196	414.75	128.75	159.125	0.49554962	289570.47	35563
128.71736	170.625	50.96875	-1.0	0.49554962	289570.47	35563
107.37047	358.0	57.375	99.25	0.49554962	289570.47	35563
234.31795	373.75	119.0625	167.625	0.49554962	289570.47	35563
316.36215	640.0	116.0625	175.375	0.49554962	289570.47	35563
84.85479	499.5	102.75	189.125	0.49554962	289570.47	35563
125.513985	445.5	82.25	161.625	-0.49554962	289570.47	35563
193.00116	345.25	152.75	138.75	0.49554962	289570.47	35563
106.923485	271.5	72.25	74.0625	-0.49554962	289570.47	35563
266.62338	266.75	114.875	106.8125	0.49554962	289570.47	35563
127.89217	397.0	131.0	171.625	-0.49554962	289570.47	35563
150.15988	283.0	105.8125	162.625	0.49554962	289570.47	35563
133.6235	389.75	135.625	179.875	0.49554962	289570.47	35563
84.34682	439.5	148.125	185.0	0.49554962	289570.47	35563
110.14812	607.0	132.25	204.0	0.49554962	289570.47	35563
142.4629	357.0	58.84375	120.4375	0.49554962	289570.47	35563
210.99298	311.0	72.5625	142.375	0.49554962	289570.47	35563
181.71397	372.75	85.0625	149.875	-0.49554962	289570.47	35563
262.2952	655.5	51.21875	208.0	-0.49554962	289570.47	35563
151.84993	367.25	116.3125	131.875	0.49554962	289570.47	35563
200.34047	287.5	46.78125	84.25	0.49554962	289570.47	35563
109.2765	239.875	84.375	116.5625	0.49554962	289570.47	35563
121.692055	353.0	93.375	145.5	-0.49554962	289570.47	35563
157.50282	300.25	144.625	117.4375	-0.49554962	289570.47	35563
267.2897	468.75	77.6875	85.5625	0.49554962	289570.47	35563
310.25134	473.0	86.375	85.375	0.49554962	289570.47	35563
220.7167	369.25	101.9375	173.5	0.49554962	289570.47	35563
249.17867	263.5	65.25	119.4375	0.49554962	289570.47	35563
248.71089	509.5	67.125	175.75	0.49554962	289570.47	35563
368.62753	485.25	103.75	153.125	0.49554962	289570.47	35563
872.5331	996.5	244.875	439.25	0.49554962	289570.47	35563
153.45274	560.0	108.0625	136.75	0.49554962	289570.47	35563
423.53598	895.0	110.8125	183.25	-0.49554962	289570.47	35563
186.68929	455.25	75.375	163.25	0.49554962	289570.47	35563
85.080536	273.0	102.25	97.1875	-0.49554962	289570.47	35563
164.80583	386.0	108.5625	152.25	0.49554962	289570.47	35563
146.66188	434.5	137.75	205.5	0.49554962	289570.47	35563
78.972046	212.875	47.65625	99.8125	-0.49554962	289570.47	35563
235.00089	594.0	43.25	186.125	-0.49554962	289570.47	35563
154.10379	235.625	100.75	46.625	-0.49554962	289570.47	35563
79.14506	264.0	107.3125	124.5625	0.49554962	289570.47	35563
116.586655	404.75	71.625	188.375	-0.49554962	289570.47	35563
225.49747	659.5	139.75	183.875	0.49554962	289570.47	35563
144.97758	238.875	48.59375	82.125	0.49554962	289570.47	35563
54.67421	264.75	26.46875	90.75	0.49554962	289570.47	35563
59.88094	465.0	183.75	195.25	0.49554962	289570.47	35563
403.44128	666.5	149.25	184.75	-0.49554962	289570.47	35563
158.85258	459.5	108.5	193.0	-0.49554962	289570.47	35563
68.00998	692.5	136.25	177.0	-0.49554962	289570.47	35563
180.00943	350.25	64.6875	144.0	-0.49554962	289570.47	35563
205.7102	462.25	28.546875	144.125	0.49554962	289570.47	35563
510.38416	565.0	134.75	152.5	0.49554962	289570.47	35563
80.927925	318.0	140.5	125.375	0.49554962	289570.47	35563
165.21935	551.5	101.875	172.125	-0.49554962	289570.47	35563
273.05804	548.5	146.875	181.625	-0.49554962	289570.47	35563
151.44505	325.25	116.375	139.375	0.49554962	289570.47	35563
546.83405	648.0	58.46875	107.75	0.49554962	289570.47	35563
295.5627	286.0	125.875	105.125	0.49554962	289570.47	35563
92.580795	559.0	47.65625	161.375	0.49554962	289570.47	35563
163.99442	270.5	118.0	128.125	0.49554962	289570.47	35563
110.2657	457.25	31.625	83.3125	0.49554962	289570.47	35563
163.51721	405.5	116.75	167.75	-0.49554962	289570.47	35563
126.35266	597.0	72.5625	187.0	0.49554962	289570.47	35563
51.85012	323.75	115.5	100.5625	0.49554962	289570.47	35563
190.82262	309.0	75.6875	95.5	0.49554962	289570.47	35563
236.98894	353.0	124.125	122.125	0.49554962	289570.47	35563
389.68668	346.25	102.4375	141.375	-0.49554962	289570.47	35563
243.47884	473.75	48.0625	160.375	-0.49554962	289570.47	35563
73.96921	334.5	158.125	133.5	0.49554962	289570.47	35563
239.36185	261.0	82.1875	61.03125	0.49554962	289570.47	35563
290.5571	478.75	81.5625	138.0	0.49554962	289570.47	35563
104.977905	479.25	51.875	174.125	0.49554962	289570.47	35563
205.73888	257.25	64.4375	109.0	0.49554962	289570.47	35563
307.80157	502.25	87.0625	135.75	0.49554962	289570.47	35563
184.9311	502.75	109.4375	183.25	0.49554962	289570.47	35563
209.48184	200.5	57.71875	80.3125	0.49554962	289570.47	35563
149.299	364.25	93.625	134.25	-0.49554962	289570.47	35563
66.591995	485.0	110.5	178.5	0.49554962	289570.47	35563
379.80652	328.25	56.5625	122.6875	0.49554962	289570.47	35563
149.50436	485.75	163.875	199.0	-0.49554962	289570.47	35563
313.33768	345.0	26.359375	127.5	0.49554962	289570.47	35563
177.82509	347.25	137.5	157.625	-0.49554962	289570.47	35563
191.07307	321.25	39.34375	95.25	0.49554962	289570.47	35563
146.96744	248.75	89.125	94.0625	0.49554962	289570.47	35563
98.855446	384.5	33.84375	114.125	0.49554962	289570.47	35563
118.92884	284.0	50.5625	126.4375	0.49554962	289570.47	35563
69.80354	313.25	89.75	136.875	-0.49554962	289570.47	35563
240.06454	436.25	85.9375	85.0625	0.49554962	289570.47	35563
284.25223	323.0	138.25	93.875	0.49554962	289570.47	35563
177.01175	199.25	93.8125	77.9375	0.49554962	289570.47	35563
187.31018	749.5	333.75	85.3125	-0.49554962	289570.47	35563
100.89179	420.0	82.8125	168.875	0.49554962	289570.47	35563
117.023155	273.5	76.875	106.375	-0.49554962	289570.47	35563
410.84933	255.0	53.40625	42.90625	0.49554962	289570.47	35563
160.42793	213.125	83.0	97.0625	0.49554962	289570.47	35563
196.65584	433.25	93.375	63.375	0.49554962	289570.47	35563
68.45889	305.5	28.515625	150.5	0.49554962	289570.47	35563
154.55565	372.75	146.375	169.625	0.49554962	289570.47	35563
76.41033	648.5	118.0625	188.0	0.49554962	289570.47	35563
96.12845	241.625	82.9375	105.0625	-0.49554962	289570.47	35563
162.0693	411.25	78.875	133.875	0.49554962	289570.47	35563
58.345863	316.75	84.8125	135.75	-0.49554962	289570.47	35563
136.87666	479.5	106.375	193.0	0.49554962	289570.47	35563
102.76985	472.5	145.875	93.875	-0.49554962	289570.47	35563
245.2112	399.75	42.53125	188.0	0.49554962	289570.47	35563
113.35514	681.5	172.625	181.125	0.49554962	289570.47	35563
257.97906	468.75	108.125	168.625	0.49554962	289570.47	35563
121.90787	523.0	119.5	101.1875	-0.49554962	289570.47	35563
91.32397	476.0	26.59375	114.75	0.49554962	289570.47	35563
63.48275	232.25	49.53125	115.125	0.49554962	289570.47	35563
387.39337	479.25	62.375	89.5	0.49554962	289570.47	35563
153.0596	226.375	73.25	96.3125	0.49554962	289570.47	35563
131.46347	447.25	34.5625	182.625	0.49554962	289570.47	35563
373.75342	286.75	62.09375	110.625	-0.49554962	289570.47	35563
48.52126	460.75	78.25	171.125	0.49554962	289570.47	35563
248.46733	450.0	32.90625	155.125	-0.49554962	289570.47	35563
63.041874	344.75	106.375	103.0625	0.49554962	289570.47	35563
106.18599	272.0	148.875	111.8125	0.49554962	289570.47	35563
97.29437	364.0	138.625	182.125	0.49554962	289570.47	35563
105.530396	288.0	68.9375	125.125	0.49554962	289570.47	35563
319.44913	423.0	29.15625	178.75	0.49554962	289570.47	35563
61.12526	364.0	50.28125	2.7421875	-0.49554962	289570.47	35563
372.07605	396.25	117.6875	178.5	0.49554962	289570.47	35563
171.11565	441.5	36.78125	186.625	-0.49554962	289570.47	35563
202.64462	507.5	99.1875	163.0	0.49554962	289570.47	35563
96.91809	347.0	141.5	146.875	-0.49554962	289570.47	35563
83.024956	199.75	36.4375	100.375	0.49554962	289570.47	35563
220.65932	440.25	189.125	159.25	0.49554962	289570.47	35563
179.525	225.0	53.0625	106.0625	0.49554962	289570.47	35563
136.78513	400.5	28.671875	129.375	-0.49554962	289570.47	35563
284.71683	474.5	100.9375	154.875	-0.49554962	289570.47	35563
148.13559	557.5	102.9375	179.875	0.49554962	289570.47	35563
319.99673	636.5	55.1875	170.25	0.49554962	289570.47	35563
276.8696	417.75	107.6875	148.25	-0.49554962	289570.47	35563
523.46	743.0	65.875	202.875	0.49554962	289570.47	35563
53.5594	469.0	79.5	174.0	0.49554962	289570.47	35563
130.62833	245.125	108.875	74.875	0.49554962	289570.47	35563
176.92955	329.25	94.625	141.625	0.49554962	289570.47	35563
205.15817	237.25	41.09375	73.1875	0.49554962	289570.47	35563
151.69429	458.5	157.5	174.875	-0.49554962	289570.47	35563
150.27606	278.25	56.53125	130.875	0.49554962	289570.47	35563
225.53648	359.75	38.75	127.1875	-0.49554962	289570.47	35563
280.31305	365.5	106.875	118.1875	-0.49554962	289570.47	35563
54.927242	432.75	70.5625	161.75	0.49554962	289570.47	35563
63.055744	461.0	48.1875	86.75	-0.49554962	289570.47	35563
206.99751	239.875	132.875	107.125	0.49554962	289570.47	35563
139.1082	345.5	45.71875	164.75	0.49554962	289570.47	35563
210.62335	184.0	69.9375	-1.0	0.49554962	289570.47	35563
189.97716	358.5	44.9375	150.875	0.49554962	289570.47	35563
122.57401	463.25	126.0625	151.625	-0.49554962	289570.47	35563
226.20515	346.25	39.71875	158.0	0.49554962	289570.47	35563
196.66786	336.0	122.1875	130.5	0.49554962	289570.47	35563
103.941536	510.0	165.0	201.875	-0.49554962	289570.47	35563
354.31384	485.5	41.21875	176.625	-0.49554962	289570.47	35563
295.29208	311.5	83.5	103.5625	0.49554962	289570.47	35563
182.23566	217.375	141.375	61.09375	-0.49554962	289570.47	35563
145.41217	482.25	94.4375	115.5	0.49554962	289570.47	35563
85.95197	230.5	99.125	115.4375	0.49554962	289570.47	35563
228.60353	653.5	36.5625	248.5	0.49554962	289570.47	35563
143.18655	382.0	88.375	7.3710938	0.49554962	289570.47	35563
135.67255	345.5	83.8125	125.25	-0.49554962	289570.47	35563
65.12336	440.0	82.4375	141.875	-0.49554962	289570.47	35563
84.48945	389.75	132.625	88.75	0.49554962	289570.47	35563
158.10129	232.875	36.5625	100.6875	0.49554962	289570.47	35563
391.37802	517.0	133.125	171.375	0.49554962	289570.47	35563
265.56067	421.25	156.5	160.125	0.49554962	289570.47	35563
166.06242	212.0	77.0	63.46875	0.49554962	289570.47	35563
171.67929	334.75	181.25	160.125	-0.49554962	289570.47	35563
37.610836	372.25	118.125	130.125	-0.49554962	289570.47	35563
72.6583	304.5	87.4375	121.625	-0.49554962	289570.47	35563
211.4708	316.75	42.0	100.75	0.49554962	289570.47	35563
456.985	656.5	81.5625	211.375	0.49554962	289570.47	35563
157.65285	476.75	85.125	143.25	0.49554962	289570.47	35563
172.63454	653.0	147.5	109.5625	-0.49554962	289570.47	35563
181.94807	396.5	143.0	175.75	-0.49554962	289570.47	35563
248.62907	443.0	143.0	180.0	0.49554962	289570.47	35563
184.6253	246.125	74.9375	90.5625	-0.49554962	289570.47	35563
73.59361	388.75	161.5	141.5	0.49554962	289570.47	35563
186.10596	471.0	34.46875	160.875	0.49554962	289570.47	35563
55.45342	252.0	59.5625	2.8515625	0.49554962	289570.47	35563
233.95923	421.25	44.1875	112.25	-0.49554962	289570.47	35563
342.51434	315.25	74.25	52.53125	0.49554962	289570.47	35563
78.833496	485.5	151.125	212.125	0.49554962	289570.47	35563
166.94197	505.5	119.1875	117.0	-0.49554962	289570.47	35563
78.68947	238.625	85.625	87.75	0.49554962	289570.47	35563
227.32791	256.5	48.53125	103.5	-0.49554962	289570.47	35563
138.67207	329.5	126.1875	115.0625	0.49554962	289570.47	35563
66.84752	261.75	44.59375	99.9375	0.49554962	289570.47	35563
46.48903	325.75	137.75	69.4375	-0.49554962	289570.47	35563
120.05306	533.5	66.6875	124.8125	0.49554962	289570.47	35563
266.93243	284.5	27.125	111.625	-0.49554962	289570.47	35563
173.06458	363.75	120.625	180.125	-0.49554962	289570.47	35563
164.39163	326.75	107.875	137.625	0.49554962	289570.47	35563
271.31726	322.5	63.1875	135.625	0.49554962	289570.47	35563
91.97346	681.0	82.0	208.25	0.49554962	289570.47	35563
112.07955	377.0	80.0	147.375	-0.49554962	289570.47	35563
262.43634	337.75	34.71875	125.8125	0.49554962	289570.47	35563
321.986	421.25	150.5	183.375	0.49554962	289570.47	35563
192.64354	305.25	61.40625	78.0625	-0.49554962	289570.47	35563
391.61658	491.5	69.125	181.5	0.49554962	289570.47	35563
109.40415	283.75	105.75	90.6875	-0.49554962	289570.47	35563
187.43396	417.0	136.625	175.375	-0.49554962	289570.47	35563
112.65239	473.0	173.0	171.25	-0.49554962	289570.47	35563
230.73296	459.25	34.5625	192.0	0.49554962	289570.47	35563
118.95727	735.5	100.625	185.5	0.49554962	289570.47	35563
201.57654	342.5	156.25	112.3125	-0.49554962	289570.47	35563
301.0303	496.0	151.125	156.625	0.49554962	289570.47	35563
72.33189	437.75	127.0	193.25	0.49554962	289570.47	35563
60.805794	590.5	113.8125	193.75	0.49554962	289570.47	35563
363.40933	463.5	76.125	123.6875	-0.49554962	289570.47	35563
224.01936	252.875	58.3125	106.9375	0.49554962	289570.47	35563
289.1238	300.75	96.6875	93.875	0.49554962	289570.47	35563
95.45321	346.5	35.09375	1.1591797	0.49554962	289570.47	35563
192.62587	380.25	95.625	106.8125	0.49554962	289570.47	35563
53.45113	386.75	163.375	167.5	0.49554962	289570.47	35563
83.38987	518.0	73.625	178.625	0.49554962	289570.47	35563
197.73457	372.5	164.5	170.875	0.49554962	289570.47	35563
124.78817	203.625	29.375	98.4375	0.49554962	289570.47	35563
110.22832	663.0	74.6875	141.25	-0.49554962	289570.47	35563
89.97596	341.75	143.75	129.125	0.49554962	289570.47	35563
209.94257	494.5	159.625	162.0	-0.49554962	289570.47	35563
64.385826	317.0	85.625	116.375	0.49554962	289570.47	35563
24.89436	289.0	82.8125	129.0	0.49554962	289570.47	35563
367.44376	454.75	156.125	181.5	0.49554962	289570.47	35563
142.39592	235.5	37.46875	87.125	-0.49554962	289570.47	35563
122.50799	448.5	60.15625	163.125	0.49554962	289570.47	35563
118.92741	381.75	110.875	165.0	0.49554962	289570.47	35563
311.1414	576.0	49.21875	190.125	0.49554962	289570.47	35563
309.86923	373.75	82.5	159.75	0.49554962	289570.47	35563
121.10452	291.0	121.375	129.25	0.49554962	289570.47	35563
583.044	512.5	71.875	230.5	0.49554962	289570.47	35563
119.64715	412.25	82.0625	168.5	-0.49554962	289570.47	35563
124.427246	293.75	71.9375	123.875	0.49554962	289570.47	35563
215.90814	381.25	59.15625	86.6875	-0.49554962	289570.47	35563
85.7079	368.0	45.34375	100.375	0.49554962	289570.47	35563
92.67329	206.875	133.75	87.875	0.49554962	289570.47	35563
118.57959	378.25	117.875	153.875	0.49554962	289570.47	35563
280.23157	509.75	143.5	239.625	0.49554962	289570.47	35563
303.43604	432.25	32.28125	152.75	0.49554962	289570.47	35563
169.02486	290.25	94.625	101.1875	-0.49554962	289570.47	35563
52.427612	383.0	179.25	168.375	0.49554962	289570.47	35563
118.996056	396.5	155.5	118.0625	0.49554962	289570.47	35563
263.38556	420.75	39.84375	152.625	-0.49554962	289570.47	35563
62.251343	379.5	125.0	137.5	0.49554962	289570.47	35563
292.0251	390.25	111.3125	135.25	-0.49554962	289570.47	35563
248.0243	240.875	92.0	111.0	0.49554962	289570.47	35563
81.494064	569.0	147.5	169.25	0.49554962	289570.47	35563
103.99396	241.5	105.0625	96.125	0.49554962	289570.47	35563
113.17537	360.75	53.8125	45.65625	0.49554962	289570.47	35563
218.48283	359.5	67.875	150.125	0.49554962	289570.47	35563
224.33696	523.0	100.3125	182.375	0.49554962	289570.47	35563
49.180294	666.0	122.0625	262.5	0.49554962	289570.47	35563
159.72563	222.25	127.3125	60.25	0.49554962	289570.47	35563
177.43259	418.75	35.1875	98.625	0.49554962	289570.47	35563
143.62936	342.75	130.375	159.75	0.49554962	289570.47	35563
58.81573	423.25	93.25	138.625	0.49554962	289570.47	35563
354.8542	417.5	71.4375	153.125	0.49554962	289570.47	35563
478.40967	453.0	101.625	88.4375	0.49554962	289570.47	35563
154.92458	202.625	59.78125	85.25	0.49554962	289570.47	35563
301.65945	358.25	63.625	97.5	0.49554962	289570.47	35563
78.59444	199.75	40.25	88.5	0.49554962	289570.47	35563
236.30223	548.5	34.59375	167.375	0.49554962	289570.47	35563
536.1862	520.5	104.5	172.375	0.49554962	289570.47	35563
265.26663	415.75	98.5	120.9375	-0.49554962	289570.47	35563
109.53972	362.0	29.03125	122.625	-0.49554962	289570.47	35563
193.8023	361.5	39.90625	149.0	-0.49554962	289570.47	35563
217.4437	286.5	109.625	125.9375	0.49554962	289570.47	35563
287.17703	374.5	70.4375	138.75	0.49554962	289570.47	35563
94.899086	240.625	69.75	100.375	0.49554962	289570.47	35563
322.8814	518.5	73.625	182.625	0.49554962	289570.47	35563
112.1284	288.25	30.03125	114.5625	0.49554962	289570.47	35563
171.03783	657.0	112.125	171.375	-0.49554962	289570.47	35563
289.59146	352.5	138.5	186.75	0.49554962	289570.47	35563
85.649414	521.5	195.5	207.75	0.49554962	289570.47	35563
292.0397	302.5	135.375	103.8125	-0.49554962	289570.47	35563
294.98404	487.25	146.0	154.75	0.49554962	289570.47	35563
115.53832	384.5	157.375	170.5	0.49554962	289570.47	35563
237.5797	687.5	47.28125	155.75	0.49554962	289570.47	35563
276.4471	477.0	38.53125	159.125	0.49554962	289570.47	35563
361.67108	732.5	55.71875	274.0	0.49554962	289570.47	35563
118.9696	463.25	109.75	167.625	0.49554962	289570.47	35563
198.57582	264.75	122.5625	110.0	-0.49554962	289570.47	35563
314.9327	561.5	179.375	226.25	0.49554962	289570.47	35563
247.55812	734.0	106.25	89.5	-0.49554962	289570.47	35563
81.015915	392.0	46.40625	150.5	0.49554962	289570.47	35563
303.5597	346.5	49.0625	131.5	-0.49554962	289570.47	35563
220.43501	609.0	183.25	82.0	0.49554962	289570.47	35563
145.07	276.5	73.75	95.25	-0.49554962	289570.47	35563
215.9883	278.0	98.6875	101.3125	0.49554962	289570.47	35563
140.50575	288.25	138.75	119.8125	0.49554962	289570.47	35563
332.61844	440.0	61.625	186.5	-0.49554962	289570.47	35563
222.12965	462.5	27.828125	204.875	0.49554962	289570.47	35563
444.49307	837.5	98.3125	185.25	-0.49554962	289570.47	35563
67.95667	547.0	148.625	7.6523438	0.49554962	289570.47	35563
205.33348	467.0	71.75	93.5625	0.49554962	289570.47	35563
244.62666	313.0	87.375	114.0	0.49554962	289570.47	35563
239.28911	338.75	129.5	158.75	0.49554962	289570.47	35563
187.9587	250.625	136.875	79.375	0.49554962	289570.47	35563
57.168076	370.75	114.75	153.5	-0.49554962	289570.47	35563
265.61038	514.0	81.1875	163.5	0.49554962	289570.47	35563
113.13176	391.25	105.5625	191.0	0.49554962	289570.47	35563
58.751873	221.625	77.6875	88.625	0.49554962	289570.47	35563
261.66275	271.25	108.375	125.625	-0.49554962	289570.47	35563
340.56564	371.0	105.375	151.375	-0.49554962	289570.47	35563
113.00922	336.5	151.5	153.5	0.49554962	289570.47	35563
234.4255	357.25	85.0	125.0	0.49554962	289570.47	35563
112.298	399.5	175.5	187.375	0.49554962	289570.47	35563
130.33426	232.0	137.5	102.3125	0.49554962	289570.47	35563
83.85955	324.5	62.65625	103.625	0.49554962	289570.47	35563
492.64862	555.5	52.53125	106.375	0.49554962	289570.47	35563
183.03026	254.375	72.25	81.0	-0.49554962	289570.47	35563
127.1126	683.5	72.0	173.625	0.49554962	289570.47	35563
80.25901	327.75	140.5	145.125	0.49554962	289570.47	35563
207.79602	304.75	100.8125	133.375	0.49554962	289570.47	35563
306.04318	451.0	57.28125	183.875	0.49554962	289570.47	35563
223.76755	417.25	107.125	67.4375	-0.49554962	289570.47	35563
344.58865	332.5	111.5625	118.4375	0.49554962	289570.47	35563
73.69146	538.5	33.5	171.625	0.49554962	289570.47	35563
218.25682	559.5	151.125	191.5	0.49554962	289570.47	35563
92.78417	432.5	127.25	212.75	0.49554962	289570.47	35563
344.79126	322.0	153.125	104.3125	0.49554962	289570.47	35563
231.31783	699.0	75.3125	177.0	-0.49554962	289570.47	35563
211.38747	320.0	110.6875	113.5	0.49554962	289570.47	35563
80.04658	409.0	75.375	174.75	0.49554962	289570.47	35563
108.129814	178.5	111.375	-1.0	-0.49554962	289570.47	35563
346.01743	663.0	48.59375	198.875	0.49554962	289570.47	35563
169.53276	391.5	88.875	84.875	0.49554962	289570.47	35563
500.6657	788.5	73.875	84.6875	-0.49554962	289570.47	35563
268.23532	887.5	109.9375	273.0	0.49554962	289570.47	35563
235.78032	253.375	71.1875	95.625	0.49554962	289570.47	35563
121.34075	482.5	117.5	155.75	0.49554962	289570.47	35563
171.12064	258.5	30.5625	97.625	0.49554962	289570.47	35563
70.23626	346.25	36.65625	114.25	0.49554962	289570.47	35563
177.09059	425.25	46.4375	99.375	0.49554962	289570.47	35563
192.98154	602.5	120.3125	202.625	0.49554962	289570.47	35563
132.29147	257.75	77.9375	87.625	0.49554962	289570.47	35563
175.76775	274.25	113.1875	98.9375	0.49554962	289570.47	35563
65.96462	240.375	45.90625	75.5	-0.49554962	289570.47	35563
231.81998	371.75	75.625	144.875	0.49554962	289570.47	35563
314.03616	262.0	101.75	116.625	0.49554962	289570.47	35563
146.86884	273.75	80.8125	76.5	0.49554962	289570.47	35563
42.62083	341.25	135.25	120.25	0.49554962	289570.47	35563
107.76233	478.5	56.53125	150.25	0.49554962	289570.47	35563
143.98155	208.875	87.5	72.5625	-0.49554962	289570.47	35563
271.46826	360.5	32.8125	157.75	0.49554962	289570.47	35563
183.86392	616.0	64.4375	211.5	0.49554962	289570.47	35563
345.20813	426.25	38.59375	170.875	0.49554962	289570.47	35563
52.759987	312.75	76.9375	112.75	0.49554962	289570.47	35563
207.62773	542.5	74.4375	132.875	0.49554962	289570.47	35563
552.4304	539.5	104.875	167.125	0.49554962	289570.47	35563
446.25214	571.0	96.75	179.875	0.49554962	289570.47	35563
51.349224	591.5	46.09375	140.875	0.49554962	289570.47	35563
94.57453	416.75	34.59375	135.625	-0.49554962	289570.47	35563
149.65677	279.5	113.5625	109.8125	0.49554962	289570.47	35563
140.09875	203.0	51.625	96.875	-0.49554962	289570.47	35563
107.97945	358.75	107.4375	128.5	0.49554962	289570.47	35563
119.132744	244.125	100.75	101.25	-0.49554962	289570.47	35563
276.25482	334.25	79.6875	139.25	0.49554962	289570.47	35563
83.17782	337.0	35.0625	145.625	0.49554962	289570.47	35563
362.61685	286.75	89.9375	150.75	0.49554962	289570.47	35563
55.751125	281.0	116.875	138.375	-0.49554962	289570.47	35563
117.21419	315.75	115.375	91.3125	0.49554962	289570.47	35563
352.55502	393.0	115.75	164.5	0.49554962	289570.47	35563
93.01114	632.0	165.5	183.125	0.49554962	289570.47	35563
348.97858	364.75	121.3125	173.25	0.49554962	289570.47	35563
82.93089	224.875	42.3125	88.75	-0.49554962	289570.47	35563
162.71649	406.5	84.75	155.375	0.49554962	289570.47	35563
327.5907	591.5	48.15625	108.25	-0.49554962	289570.47	35563
371.52252	486.5	75.9375	134.875	0.49554962	289570.47	35563
78.60698	463.25	62.96875	110.4375	0.49554962	289570.47	35563
314.49997	352.0	123.125	145.375	-0.49554962	289570.47	35563
123.72091	380.0	111.5	102.5	-0.49554962	289570.47	35563
84.20814	382.75	85.4375	145.125	-0.49554962	289570.47	35563
352.7128	473.5	31.296875	173.875	0.49554962	289570.47	35563
100.36383	262.25	25.96875	129.875	-0.49554962	289570.47	35563
310.83978	447.25	108.4375	171.875	0.49554962	289570.47	35563
310.437	425.5	43.0	218.875	-0.49554962	289570.47	35563
127.36432	573.5	120.4375	193.0	0.49554962	289570.47	35563
82.181305	295.75	64.0625	127.6875	-0.49554962	289570.47	35563
61.16095	179.75	84.875	-1.0	0.49554962	289570.47	35563
307.1405	509.0	104.8125	189.0	0.49554962	289570.47	35563
187.66507	321.5	99.5625	81.4375	0.49554962	289570.47	35563
428.74847	380.0	74.6875	142.5	0.49554962	289570.47	35563
196.79704	365.5	120.25	135.75	0.49554962	289570.47	35563
187.36356	321.0	80.8125	2.9960938	0.49554962	289570.47	35563
244.83002	306.25	34.0	95.6875	0.49554962	289570.47	35563
232.96156	425.75	44.1875	117.25	0.49554962	289570.47	35563
140.42877	458.75	50.9375	225.5	0.49554962	289570.47	35563
268.01822	401.75	41.65625	87.375	0.49554962	289570.47	35563
337.03366	471.0	61.8125	131.125	0.49554962	289570.47	35563
70.60406	235.125	99.0	86.0625	0.49554962	289570.47	35563
221.12071	419.75	105.9375	128.125	-0.49554962	289570.47	35563
111.11661	268.25	135.0	113.625	0.49554962	289570.47	35563
44.907326	422.25	127.3125	192.625	0.49554962	289570.47	35563
137.93593	450.5	73.0625	143.125	-0.49554962	289570.47	35563
175.35252	347.5	102.6875	114.25	0.49554962	289570.47	35563
223.5454	319.25	104.3125	112.375	0.49554962	289570.47	35563
345.3677	566.5	56.46875	178.625	-0.49554962	289570.47	35563
196.69221	347.25	45.84375	125.8125	-0.49554962	289570.47	35563
153.3177	229.5	47.25	89.4375	0.49554962	289570.47	35563
139.97563	224.625	82.0625	86.0625	-0.49554962	289570.47	35563
318.97037	354.25	105.125	153.875	0.49554962	289570.47	35563
190.65497	350.0	62.59375	78.9375	0.49554962	289570.47	35563
160.78175	346.5	88.875	92.5	0.49554962	289570.47	35563
187.30775	352.0	29.140625	134.375	0.49554962	289570.47	35563
64.15411	426.75	149.125	145.0	-0.49554962	289570.47	35563
146.85838	751.0	72.5625	88.3125	0.49554962	289570.47	35563
223.38579	390.5	133.0	148.125	0.49554962	289570.47	35563
115.24416	282.25	28.90625	143.5	0.49554962	289570.47	35563
56.368256	173.0	40.53125	-1.0	0.49554962	289570.47	35563
151.48962	303.5	90.375	104.1875	-0.49554962	289570.47	35563
499.17413	685.0	81.75	96.5625	0.49554962	289570.47	35563
132.30853	719.5	142.0	3.8496094	0.49554962	289570.47	35563
152.03531	438.25	104.4375	0.11206055	0.49554962	289570.47	35563
141.05078	442.25	142.625	147.625	0.49554962	289570.47	35563
224.07083	492.0	109.625	163.875	0.49554962	289570.47	35563
47.02532	265.5	85.875	137.125	0.49554962	289570.47	35563
79.58101	315.5	129.375	114.625	0.49554962	289570.47	35563
424.4974	513.0	93.5625	192.125	-0.49554962	289570.47	35563
157.13094	266.75	42.375	108.6875	0.49554962	289570.47	35563
126.449	337.25	59.53125	126.1875	0.49554962	289570.47	35563
63.863567	383.0	79.625	107.75	0.49554962	289570.47	35563
201.40167	334.0	85.5	164.625	0.49554962	289570.47	35563
142.89288	285.75	59.03125	112.3125	0.49554962	289570.47	35563
147.20526	386.25	86.125	97.375	0.49554962	289570.47	35563
52.31424	469.25	133.5	177.0	-0.49554962	289570.47	35563
236.85023	370.25	141.25	156.25	0.49554962	289570.47	35563
156.24257	347.5	178.125	165.625	-0.49554962	289570.47	35563
435.99448	523.0	54.9375	183.0	0.49554962	289570.47	35563
39.99649	266.75	77.1875	115.5625	0.49554962	289570.47	35563
417.29605	405.25	123.4375	109.3125	0.49554962	289570.47	35563
183.84866	469.25	73.4375	170.125	0.49554962	289570.47	35563
137.51895	693.5	163.25	194.0	0.49554962	289570.47	35563
440.15552	524.5	35.875	170.0	-0.49554962	289570.47	35563
331.16684	392.5	104.0625	134.375	0.49554962	289570.47	35563
181.58058	361.25	44.5625	134.875	-0.49554962	289570.47	35563
91.47715	341.0	119.4375	134.625	0.49554962	289570.47	35563
129.80226	539.5	102.375	260.0	0.49554962	289570.47	35563
177.20328	551.5	135.0	139.875	0.49554962	289570.47	35563
122.05903	350.75	123.9375	97.6875	0.49554962	289570.47	35563
62.42614	382.75	120.25	171.5	0.49554962	289570.47	35563
299.35904	475.5	83.9375	137.75	-0.49554962	289570.47	35563
274.0947	523.5	27.34375	245.375	-0.49554962	289570.47	35563
197.10437	237.875	70.8125	127.0625	0.49554962	289570.47	35563
176.25737	403.0	213.625	170.75	-0.49554962	289570.47	35563
57.78621	415.0	115.3125	156.625	0.49554962	289570.47	35563
88.15767	282.5	116.375	114.0	0.49554962	289570.47	35563
92.18839	263.5	135.25	103.125	-0.49554962	289570.47	35563
90.589005	424.5	63.46875	139.75	0.49554962	289570.47	35563
90.42876	313.5	78.5625	81.8125	0.49554962	289570.47	35563
378.51547	481.25	77.125	152.75	0.49554962	289570.47	35563
57.358105	374.75	139.5	167.875	0.49554962	289570.47	35563
313.6245	554.5	126.4375	175.375	0.49554962	289570.47	35563
220.04314	265.0	66.1875	133.375	0.49554962	289570.47	35563
172.69902	279.5	88.625	113.6875	0.49554962	289570.47	35563
76.918304	269.0	85.0	140.625	-0.49554962	289570.47	35563
65.36674	390.0	123.75	166.125	0.49554962	289570.47	35563
105.62108	233.125	77.5625	104.4375	0.49554962	289570.47	35563
189.47623	444.75	180.75	191.5	-0.49554962	289570.47	35563
203.70667	494.75	66.0625	162.5	0.49554962	289570.47	35563
65.117485	199.125	96.4375	99.8125	-0.49554962	289570.47	35563
142.86208	332.0	89.375	85.375	0.49554962	289570.47	35563
342.7448	611.5	56.375	199.5	0.49554962	289570.47	35563
85.34637	445.25	73.8125	170.25	-0.49554962	289570.47	35563
372.0347	627.0	71.625	175.25	0.49554962	289570.47	35563
53.02769	260.0	37.03125	98.375	-0.49554962	289570.47	35563
184.42842	300.25	54.53125	113.375	0.49554962	289570.47	35563
208.47577	365.25	116.5625	105.375	-0.49554962	289570.47	35563
299.62982	369.25	137.5	117.8125	0.49554962	289570.47	35563
267.34836	347.0	46.90625	148.875	0.49554962	289570.47	35563
172.73335	505.25	75.5	167.75	0.49554962	289570.47	35563
97.452194	248.25	114.625	81.8125	0.49554962	289570.47	35563
392.70032	393.75	68.0	142.875	-0.49554962	289570.47	35563
95.86513	352.25	39.40625	118.9375	0.49554962	289570.47	35563
488.55896	742.0	52.34375	177.375	0.49554962	289570.47	35563
181.70702	416.75	109.75	146.375	0.49554962	289570.47	35563
104.180984	505.25	103.6875	165.0	0.49554962	289570.47	35563
34.46528	293.75	33.3125	114.0	0.49554962	289570.47	35563
65.17769	276.0	105.875	115.5	0.49554962	289570.47	35563
330.23865	690.5	146.375	182.625	-0.49554962	289570.47	35563
42.2121	204.25	105.1875	72.375	-0.49554962	289570.47	35563
118.698296	352.5	99.0625	144.5	0.49554962	289570.47	35563
201.32002	449.0	94.3125	162.0	0.49554962	289570.47	35563
125.32557	557.5	76.25	169.625	0.49554962	289570.47	35563
43.28084	362.0	143.5	172.625	0.49554962	289570.47	35563
200.76239	238.0	125.5	103.3125	0.49554962	289570.47	35563
54.314423	374.0	93.5	150.875	0.49554962	289570.47	35563
152.44818	481.5	31.6875	184.25	0.49554962	289570.47	35563
577.84125	770.0	33.28125	104.25	0.49554962	289570.47	35563
77.55373	387.25	113.0	191.75	0.49554962	289570.47	35563
288.31274	511.0	70.25	228.5	0.49554962	289570.47	35563
273.7046	699.0	40.84375	11.7734375	0.49554962	289570.47	35563
481.3495	816.0	59.5625	90.625	0.49554962	289570.47	35563
147.06212	252.375	51.5	72.125	0.49554962	289570.47	35563
356.83383	630.0	78.3125	131.0	-0.49554962	289570.47	35563
270.20807	379.75	77.0	141.5	0.49554962	289570.47	35563
176.8041	215.75	75.625	87.25	0.49554962	289570.47	35563
282.4927	644.5	83.25	159.375	-0.49554962	289570.47	35563
393.35385	600.0	32.65625	68.9375	0.49554962	289570.47	35563
344.56647	440.25	72.3125	133.0	0.49554962	289570.47	35563
164.56674	447.5	67.6875	95.5	0.49554962	289570.47	35563
557.959	796.5	76.75	178.5	-0.49554962	289570.47	35563
262.37943	316.0	92.25	115.0	0.49554962	289570.47	35563
202.8087	609.5	142.5	129.0	-0.49554962	289570.47	35563
181.1253	508.5	175.875	188.25	-0.49554962	289570.47	35563
263.8919	324.75	53.21875	80.8125	-0.49554962	289570.47	35563
372.72382	372.75	83.1875	184.125	0.49554962	289570.47	35563
142.7896	377.25	93.625	124.1875	-0.49554962	289570.47	35563
108.885605	415.0	78.4375	159.625	0.49554962	289570.47	35563
428.5706	458.5	128.75	14.34375	0.49554962	289570.47	35563
119.850586	315.25	116.0	91.5	0.49554962	289570.47	35563
207.13275	321.25	51.875	123.4375	0.49554962	289570.47	35563
187.76819	486.75	112.375	176.5	0.49554962	289570.47	35563
219.49728	495.25	68.125	156.5	-0.49554962	289570.47	35563
244.502	471.5	72.625	196.25	0.49554962	289570.47	35563
198.35744	430.25	130.375	162.0	0.49554962	289570.47	35563
44.106113	302.0	88.875	85.3125	0.49554962	289570.47	35563
186.22945	503.5	118.4375	155.25	0.49554962	289570.47	35563
46.046204	267.25	121.8125	124.25	0.49554962	289570.47	35563
55.188488	509.75	78.8125	194.375	0.49554962	289570.47	35563
69.7008	321.5	29.640625	106.25	0.49554962	289570.47	35563
76.23368	292.75	78.4375	88.0625	-0.49554962	289570.47	35563
98.982445	251.875	78.0625	105.8125	0.49554962	289570.47	35563
508.4387	607.0	54.5	199.625	-0.49554962	289570.47	35563
56.470448	390.25	61.0	107.0625	0.49554962	289570.47	35563
64.553696	466.25	40.15625	123.375	0.49554962	289570.47	35563
127.71172	376.5	99.0625	183.125	0.49554962	289570.47	35563
229.88979	314.5	78.875	97.8125	0.49554962	289570.47	35563
250.954	209.25	53.46875	88.625	0.49554962	289570.47	35563
210.73677	305.5	80.9375	96.875	-0.49554962	289570.47	35563
853.481	815.0	191.25	202.5	0.49554962	289570.47	35563
55.443295	347.5	119.875	120.75	0.49554962	289570.47	35563
368.75443	506.25	200.0	170.375	-0.49554962	289570.47	35563
300.8892	392.0	54.90625	147.5	0.49554962	289570.47	35563
57.484913	529.5	163.125	186.0	0.49554962	289570.47	35563
90.56481	481.25	119.375	168.5	0.49554962	289570.47	35563
127.85013	374.25	78.375	143.125	-0.49554962	289570.47	35563
80.58538	202.875	81.1875	92.4375	0.49554962	289570.47	35563
155.17314	279.5	30.421875	50.25	0.49554962	289570.47	35563
272.84372	449.75	42.875	95.8125	0.49554962	289570.47	35563
63.161644	426.0	170.5	187.25	0.49554962	289570.47	35563
138.11885	360.0	59.9375	144.875	0.49554962	289570.47	35563
67.131454	456.0	85.5625	159.375	0.49554962	289570.47	35563
493.4596	371.75	158.75	82.125	0.49554962	289570.47	35563
291.68674	270.75	49.78125	118.75	0.49554962	289570.47	35563
184.34663	384.25	54.6875	123.5	0.49554962	289570.47	35563
193.4842	266.5	55.375	108.1875	0.49554962	289570.47	35563
203.70729	298.5	134.5	91.375	0.49554962	289570.47	35563
142.68654	518.5	128.25	170.5	-0.49554962	289570.47	35563
308.72644	439.25	184.875	206.625	-0.49554962	289570.47	35563
89.15178	297.75	114.625	132.5	-0.49554962	289570.47	35563
100.75884	392.0	106.375	170.5	0.49554962	289570.47	35563
205.67697	384.5	72.1875	193.25	0.49554962	289570.47	35563
304.50388	726.0	110.6875	182.25	0.49554962	289570.47	35563
328.04752	471.0	38.5625	173.75	-0.49554962	289570.47	35563
62.581463	230.625	114.25	95.1875	0.49554962	289570.47	35563
161.01021	240.75	34.78125	114.9375	0.49554962	289570.47	35563
134.58383	428.0	131.0	176.875	0.49554962	289570.47	35563
197.35701	294.5	47.375	121.3125	0.49554962	289570.47	35563
243.8726	324.75	111.5	162.5	0.49554962	289570.47	35563
226.78917	660.0	102.75	88.625	0.49554962	289570.47	35563
122.80704	478.25	133.875	166.125	0.49554962	289570.47	35563
85.209465	416.25	41.625	117.8125	0.49554962	289570.47	35563
167.66249	510.0	155.5	95.9375	0.49554962	289570.47	35563
271.16278	302.25	74.75	116.8125	-0.49554962	289570.47	35563
102.5534	401.5	190.0	137.25	-0.49554962	289570.47	35563
121.0361	222.375	35.5	73.6875	0.49554962	289570.47	35563
183.8998	395.0	57.125	119.8125	0.49554962	289570.47	35563
126.36919	242.625	33.65625	86.1875	0.49554962	289570.47	35563
220.04999	432.5	120.9375	155.25	0.49554962	289570.47	35563
146.16374	448.5	88.0625	178.375	0.49554962	289570.47	35563
65.879326	227.5	77.8125	109.4375	-0.49554962	289570.47	35563
124.52134	695.5	60.03125	108.875	-0.49554962	289570.47	35563
228.4446	359.5	110.8125	193.0	-0.49554962	289570.47	35563
144.15695	509.5	100.1875	175.25	0.49554962	289570.47	35563
237.9752	378.25	100.9375	167.125	-0.49554962	289570.47	35563
182.89111	227.75	27.28125	61.90625	0.49554962	289570.47	35563
159.67046	286.0	104.9375	108.875	-0.49554962	289570.47	35563
88.434906	348.25	102.0625	123.1875	0.49554962	289570.47	35563
230.74612	332.0	92.6875	81.125	0.49554962	289570.47	35563
76.69241	552.0	152.75	182.0	-0.49554962	289570.47	35563
139.03188	469.25	129.0	190.5	0.49554962	289570.47	35563
138.42683	397.75	106.8125	130.375	0.49554962	289570.47	35563
130.74576	387.5	51.375	169.125	0.49554962	289570.47	35563
183.89459	323.75	59.03125	129.875	0.49554962	289570.47	35563
377.99484	554.0	44.21875	198.875	-0.49554962	289570.47	35563
220.54488	230.625	39.5	87.8125	-0.49554962	289570.47	35563
60.08655	269.5	35.125	78.25	-0.49554962	289570.47	35563
142.17966	309.0	50.09375	134.875	-0.49554962	289570.47	35563
425.9788	714.0	165.5	271.25	0.49554962	289570.47	35563
96.95292	451.5	186.125	152.125	0.49554962	289570.47	35563
85.34462	322.25	171.0	142.375	-0.49554962	289570.47	35563
186.42773	453.75	148.875	113.3125	0.49554962	289570.47	35563
58.017773	214.75	70.0	101.1875	-0.49554962	289570.47	35563
135.85304	363.0	106.25	170.5	0.49554962	289570.47	35563
318.0366	459.25	72.25	93.5625	-0.49554962	289570.47	35563
119.81293	187.75	105.375	-1.0	0.49554962	289570.47	35563
131.54565	426.25	132.875	199.25	0.49554962	289570.47	35563
54.410976	528.5	121.0	179.5	0.49554962	289570.47	35563
150.29254	759.5	135.125	158.875	0.49554962	289570.47	35563
202.95091	428.0	116.4375	150.125	0.49554962	289570.47	35563
169.14034	267.0	113.8125	84.3125	0.49554962	289570.47	35563
129.76895	513.0	203.625	106.375	-0.49554962	289570.47	35563
241.5554	539.5	51.4375	188.625	-0.49554962	289570.47	35563
86.62426	447.25	57.65625	186.0	0.49554962	289570.47	35563
110.97366	735.0	101.375	84.9375	-0.49554962	289570.47	35563
121.3933	220.875	25.859375	79.8125	0.49554962	289570.47	35563
333.65762	405.25	120.625	114.375	0.49554962	289570.47	35563
334.6162	695.5	125.75	214.0	0.49554962	289570.47	35563
216.16872	243.375	87.875	82.5	-0.49554962	289570.47	35563
103.38102	376.0	145.5	178.0	-0.49554962	289570.47	35563
153.62787	288.25	66.8125	90.1875	0.49554962	289570.47	35563
142.57036	488.25	59.59375	169.5	-0.49554962	289570.47	35563
117.81539	326.25	132.875	135.5	0.49554962	289570.47	35563
159.55336	349.0	113.75	134.25	0.49554962	289570.47	35563
260.5138	421.25	73.0	161.375	-0.49554962	289570.47	35563
170.78941	221.875	71.8125	78.9375	0.49554962	289570.47	35563
170.09125	413.0	128.125	178.875	-0.49554962	289570.47	35563
118.40733	713.0	40.3125	193.75	0.49554962	289570.47	35563
270.475	445.75	42.5	184.5	0.49554962	289570.47	35563
183.00638	605.0	95.6875	179.375	0.49554962	289570.47	35563
54.685196	305.75	44.90625	150.125	0.49554962	289570.47	35563
174.00226	362.75	155.625	154.125	0.49554962	289570.47	35563
103.065605	524.0	93.375	175.5	-0.49554962	289570.47	35563
141.3701	381.0	85.125	163.5	0.49554962	289570.47	35563
564.8191	697.5	53.375	93.625	0.49554962	289570.47	35563
57.484344	467.25	151.125	175.25	-0.49554962	289570.47	35563
236.86113	270.5	40.25	79.4375	0.49554962	289570.47	35563
288.83362	328.25	27.953125	118.625	-0.49554962	289570.47	35563
170.03609	232.25	64.1875	85.9375	0.49554962	289570.47	35563
53.116253	616.5	43.8125	149.25	-0.49554962	289570.47	35563
199.71426	341.0	78.1875	157.0	0.49554962	289570.47	35563
52.399086	489.5	116.0	174.375	0.49554962	289570.47	35563
164.01225	346.0	94.875	130.625	-0.49554962	289570.47	35563
155.82092	581.0	148.375	161.25	0.49554962	289570.47	35563
192.08562	331.0	142.75	155.0	-0.49554962	289570.47	35563
117.607735	575.5	40.40625	184.75	-0.49554962	289570.47	35563
160.18636	297.75	144.25	126.1875	0.49554962	289570.47	35563
80.67343	501.5	90.3125	134.75	0.49554962	289570.47	35563
120.29949	295.75	26.40625	78.125	0.49554962	289570.47	35563
65.90181	471.75	160.5	15.359375	0.49554962	289570.47	35563
58.90235	464.25	157.375	187.875	0.49554962	289570.47	35563
139.55305	410.5	145.5	174.5	-0.49554962	289570.47	35563
221.59807	345.0	40.3125	127.875	-0.49554962	289570.47	35563
67.09287	336.75	98.375	128.75	0.49554962	289570.47	35563
62.790543	455.5	102.25	163.875	0.49554962	289570.47	35563
321.93863	255.75	90.3125	94.3125	0.49554962	289570.47	35563
150.84059	209.875	87.5	96.5625	0.49554962	289570.47	35563
280.71536	391.0	27.0	2.3105469	-0.49554962	289570.47	35563
408.12143	407.5	69.5	86.875	-0.49554962	289570.47	35563
361.4442	575.0	132.75	185.375	0.49554962	289570.47	35563
478.56348	319.0	83.9375	136.5	0.49554962	289570.47	35563
290.3368	429.25	94.25	2.1308594	0.49554962	289570.47	35563
71.75044	402.0	30.4375	167.75	0.49554962	289570.47	35563
331.63348	477.75	120.4375	178.5	0.49554962	289570.47	35563
145.56374	348.75	100.125	140.375	0.49554962	289570.47	35563
165.76369	363.25	26.5625	109.5625	0.49554962	289570.47	35563
59.00859	772.0	72.375	187.125	0.49554962	289570.47	35563
68.86331	448.5	118.5625	167.75	0.49554962	289570.47	35563
236.76692	679.5	118.125	183.125	0.49554962	289570.47	35563
173.53276	643.0	116.4375	224.125	0.49554962	289570.47	35563
372.8362	448.75	95.625	165.375	0.49554962	289570.47	35563
97.81005	268.25	128.625	108.625	-0.49554962	289570.47	35563
104.450615	245.875	28.140625	105.3125	0.49554962	289570.47	35563
249.57964	331.25	109.6875	128.75	0.49554962	289570.47	35563
69.61639	221.625	71.9375	105.3125	0.49554962	289570.47	35563
134.07384	219.5	65.625	105.5	0.49554962	289570.47	35563
144.36343	490.75	96.25	182.875	0.49554962	289570.47	35563
108.521805	355.25	52.84375	87.25	0.49554962	289570.47	35563
57.70439	440.5	65.3125	157.0	0.49554962	289570.47	35563
267.3834	535.0	138.0	189.875	0.49554962	289570.47	35563
150.76631	220.0	108.4375	93.25	0.49554962	289570.47	35563
256.96243	261.25	102.8125	115.4375	0.49554962	289570.47	35563
499.2915	318.5	129.125	141.625	0.49554962	289570.47	35563
250.88576	628.5	80.3125	131.125	0.49554962	289570.47	35563
95.13559	356.0	119.8125	134.5	0.49554962	289570.47	35563
126.06897	176.375	135.75	-1.0	0.49554962	289570.47	35563
226.51254	468.75	81.25	173.25	0.49554962	289570.47	35563
312.23926	331.0	52.75	147.5	0.49554962	289570.47	35563
198.6499	466.0	48.53125	167.5	-0.49554962	289570.47	35563
387.2878	387.25	50.125	138.5	0.49554962	289570.47	35563
110.16475	397.25	169.125	182.625	-0.49554962	289570.47	35563
273.18686	627.5	93.5625	175.375	0.49554962	289570.47	35563
58.26278	562.5	146.0	173.625	0.49554962	289570.47	35563
175.15651	353.25	118.5625	167.75	0.49554962	289570.47	35563
55.700855	393.5	130.0	39.375	0.49554962	289570.47	35563
152.39223	695.5	41.03125	81.3125	0.49554962	289570.47	35563
131.94014	411.0	142.125	132.5	0.49554962	289570.47	35563
187.66788	339.5	78.8125	140.375	0.49554962	289570.47	35563
242.60661	413.0	150.875	77.8125	0.49554962	289570.47	35563
660.89777	571.0	82.4375	207.0	0.49554962	289570.47	35563
363.39984	493.25	73.625	79.5	0.49554962	289570.47	35563
303.0271	305.0	109.8125	137.5	0.49554962	289570.47	35563
268.53235	432.5	44.0	166.875	0.49554962	289570.47	35563
63.974144	276.0	62.84375	88.4375	0.49554962	289570.47	35563
172.9509	327.75	96.875	140.75	0.49554962	289570.47	35563
158.67151	294.25	90.1875	134.25	0.49554962	289570.47	35563
71.1183	260.75	101.1875	79.25	0.49554962	289570.47	35563
128.39018	358.0	44.1875	145.0	0.49554962	289570.47	35563
839.9512	874.5	96.4375	203.0	0.49554962	289570.47	35563
383.0502	516.0	138.25	177.0	0.49554962	289570.47	35563
297.21408	334.75	67.25	99.4375	0.49554962	289570.47	35563
265.4345	760.5	27.140625	114.5625	-0.49554962	289570.47	35563
44.878963	295.0	101.875	86.5	0.49554962	289570.47	35563
112.44076	354.5	150.875	179.75	0.49554962	289570.47	35563
168.38376	268.5	150.375	96.125	-0.49554962	289570.47	35563
48.395542	301.25	32.875	108.4375	0.49554962	289570.47	35563
271.7243	422.0	176.25	202.75	-0.49554962	289570.47	35563
30.725725	287.5	84.8125	111.0625	0.49554962	289570.47	35563
479.9286	438.0	127.5	199.625	-0.49554962	289570.47	35563
105.65834	372.25	117.0625	148.875	0.49554962	289570.47	35563
160.18172	218.375	71.875	88.4375	0.49554962	289570.47	35563
325.8343	320.0	90.5625	114.5625	0.49554962	289570.47	35563
153.69894	314.5	90.0	110.3125	-0.49554962	289570.47	35563
292.44873	343.0	74.6875	164.5	-0.49554962	289570.47	35563
80.69753	258.75	33.0625	116.0	0.49554962	289570.47	35563
93.880394	246.375	79.4375	103.25	0.49554962	289570.47	35563
248.81506	417.0	87.5	169.0	0.49554962	289570.47	35563
166.67444	395.5	91.25	150.0	0.49554962	289570.47	35563
56.887943	353.25	61.03125	34.3125	0.49554962	289570.47	35563
76.96312	392.75	57.25	-1.206249e-05	0.49554962	289570.47	35563
283.3664	380.0	63.375	163.25	-0.49554962	289570.47	35563
115.024864	336.25	45.6875	111.75	-0.49554962	289570.47	35563
189.11928	487.5	112.75	196.375	0.49554962	289570.47	35563
129.92245	660.0	143.0	271.25	0.49554962	289570.47	35563
137.64539	369.75	72.6875	117.5	0.49554962	289570.47	35563
238.99149	244.0	49.03125	97.3125	0.49554962	289570.47	35563
89.89896	400.25	82.125	187.25	0.49554962	289570.47	35563
501.75055	716.5	63.375	103.4375	0.49554962	289570.47	35563
367.27698	404.0	60.84375	143.875	0.49554962	289570.47	35563
226.98715	417.25	38.09375	164.375	-0.49554962	289570.47	35563
255.35048	349.25	116.4375	182.25	0.49554962	289570.47	35563
340.24744	439.75	90.4375	134.75	0.49554962	289570.47	35563
258.59586	531.5	32.9375	97.75	0.49554962	289570.47	35563
150.28264	387.75	148.625	129.625	0.49554962	289570.47	35563
69.241776	352.0	58.84375	165.125	0.49554962	289570.47	35563
89.84569	298.5	59.09375	123.8125	0.49554962	289570.47	35563
237.74815	352.0	133.5	152.0	0.49554962	289570.47	35563
79.084724	171.375	76.9375	-1.0	-0.49554962	289570.47	35563
75.43357	303.5	119.0625	105.625	0.49554962	289570.47	35563
206.35603	434.5	70.0625	155.75	0.49554962	289570.47	35563
213.20464	341.0	67.9375	104.875	0.49554962	289570.47	35563
266.59927	226.375	42.1875	97.5	-0.49554962	289570.47	35563
129.27364	328.5	165.375	139.5	-0.49554962	289570.47	35563
251.96388	454.75	103.9375	173.375	-0.49554962	289570.47	35563
99.47091	346.25	47.625	113.625	0.49554962	289570.47	35563
50.472534	381.25	160.375	192.5	0.49554962	289570.47	35563
136.41931	624.5	120.75	157.125	0.49554962	289570.47	35563
360.96506	454.75	157.375	176.75	-0.49554962	289570.47	35563
419.40674	569.5	62.3125	172.125	-0.49554962	289570.47	35563
121.33224	334.25	122.875	119.625	-0.49554962	289570.47	35563
261.70633	348.75	82.3125	151.75	0.49554962	289570.47	35563
338.34668	625.0	86.8125	168.0	-0.49554962	289570.47	35563
143.7106	369.0	77.8125	156.875	-0.49554962	289570.47	35563
19.450855	379.75	65.1875	134.625	0.49554962	289570.47	35563
117.30662	242.625	43.4375	96.6875	-0.49554962	289570.47	35563
95.456406	429.75	177.625	186.75	0.49554962	289570.47	35563
58.59409	283.0	132.0	128.875	0.49554962	289570.47	35563
105.64845	284.5	85.625	141.875	-0.49554962	289570.47	35563
84.98538	820.0	172.75	167.75	0.49554962	289570.47	35563
144.11203	304.25	56.0625	122.3125	0.49554962	289570.47	35563
169.5865	453.25	43.375	107.5625	-0.49554962	289570.47	35563
115.137596	195.75	133.125	78.25	0.49554962	289570.47	35563
202.49814	331.75	72.625	81.875	0.49554962	289570.47	35563
113.979904	205.25	35.15625	66.375	0.49554962	289570.47	35563
103.12385	229.125	119.625	94.625	0.49554962	289570.47	35563
272.3902	335.75	86.875	147.5	0.49554962	289570.47	35563
150.36082	399.25	112.625	196.375	0.49554962	289570.47	35563
389.31827	234.0	49.25	87.25	0.49554962	289570.47	35563
92.76725	382.75	84.0625	153.0	0.49554962	289570.47	35563
61.20194	380.75	138.625	164.875	0.49554962	289570.47	35563
104.89265	692.5	87.5625	104.8125	0.49554962	289570.47	35563
283.56976	418.75	72.6875	121.1875	0.49554962	289570.47	35563
335.7498	639.5	105.8125	169.5	0.49554962	289570.47	35563
67.31637	386.75	121.4375	203.0	0.49554962	289570.47	35563
88.71075	338.25	73.75	109.125	0.49554962	289570.47	35563
253.47513	437.0	173.625	188.25	-0.49554962	289570.47	35563
128.96428	227.125	40.59375	48.65625	0.49554962	289570.47	35563
243.11172	445.25	147.125	136.875	0.49554962	289570.47	35563
218.49342	427.25	115.875	127.25	-0.49554962	289570.47	35563
231.85626	247.625	108.0625	113.4375	0.49554962	289570.47	35563
75.62749	363.0	135.375	124.8125	-0.49554962	289570.47	35563
216.42557	361.75	139.125	193.625	0.49554962	289570.47	35563
61.498665	462.5	67.5625	179.375	0.49554962	289570.47	35563
256.63968	440.25	34.6875	173.0	0.49554962	289570.47	35563
68.23403	339.0	176.625	162.75	0.49554962	289570.47	35563
52.64814	446.0	138.875	184.0	0.49554962	289570.47	35563
254.8962	279.75	100.0625	92.125	0.49554962	289570.47	35563
135.16212	350.25	90.25	137.0	-0.49554962	289570.47	35563
181.49574	232.375	83.3125	98.4375	0.49554962	289570.47	35563
102.90441	373.25	103.625	120.9375	0.49554962	289570.47	35563
68.09401	324.0	96.125	89.625	-0.49554962	289570.47	35563
96.6518	477.75	87.125	159.5	-0.49554962	289570.47	35563
217.9903	330.5	30.78125	101.625	-0.49554962	289570.47	35563
297.1533	494.75	91.3125	178.75	0.49554962	289570.47	35563
163.43681	432.5	83.3125	169.75	0.49554962	289570.47	35563
212.93057	506.5	128.625	178.875	0.49554962	289570.47	35563
441.26913	454.0	34.90625	169.875	-0.49554962	289570.47	35563
365.21524	446.75	38.71875	139.375	-0.49554962	289570.47	35563
132.42407	394.5	117.0	172.5	0.49554962	289570.47	35563
148.45241	541.5	130.375	220.875	-0.49554962	289570.47	35563
164.6162	215.875	40.3125	88.1875	0.49554962	289570.47	35563
309.5307	476.75	25.640625	171.375	0.49554962	289570.47	35563
350.32278	406.5	157.625	181.25	-0.49554962	289570.47	35563
238.80392	378.5	46.0	173.0	0.49554962	289570.47	35563
265.99344	504.5	148.5	172.125	0.49554962	289570.47	35563
108.19846	462.0	109.5625	174.875	0.49554962	289570.47	35563
218.30917	239.25	30.890625	115.1875	0.49554962	289570.47	35563
111.54072	365.0	30.640625	22.09375	0.49554962	289570.47	35563
195.97841	189.375	37.8125	-1.0	0.49554962	289570.47	35563
160.5422	559.0	39.59375	91.375	0.49554962	289570.47	35563
82.538315	248.25	191.25	84.5625	0.49554962	289570.47	35563
43.37312	434.75	127.4375	167.125	0.49554962	289570.47	35563
514.5397	419.75	123.9375	142.0	-0.49554962	289570.47	35563
203.15585	409.0	115.375	147.5	0.49554962	289570.47	35563
154.55748	441.0	104.8125	97.5	0.49554962	289570.47	35563
164.9122	388.25	60.78125	133.0	0.49554962	289570.47	35563
78.79035	376.5	75.125	157.375	0.49554962	289570.47	35563
168.84163	453.25	201.125	183.0	0.49554962	289570.47	35563
336.72333	486.5	87.6875	163.25	0.49554962	289570.47	35563
58.077164	437.0	53.125	140.5	0.49554962	289570.47	35563
145.01192	356.25	152.75	139.25	0.49554962	289570.47	35563
358.8416	294.75	59.5	94.75	0.49554962	289570.47	35563
252.68948	465.25	171.25	195.625	-0.49554962	289570.47	35563
178.90184	261.75	54.5625	74.9375	0.49554962	289570.47	35563
166.59662	542.0	49.03125	187.25	-0.49554962	289570.47	35563
385.42413	451.75	164.875	178.25	0.49554962	289570.47	35563
328.02448	764.0	59.625	2.109375	0.49554962	289570.47	35563
444.27307	463.75	58.09375	202.125	0.49554962	289570.47	35563
97.29346	264.25	90.4375	114.0625	-0.49554962	289570.47	35563
179.88925	321.25	127.6875	127.8125	-0.49554962	289570.47	35563
119.88311	591.0	103.4375	177.375	0.49554962	289570.47	35563
155.54251	424.0	29.203125	169.25	0.49554962	289570.47	35563
135.13834	600.0	126.375	177.625	-0.49554962	289570.47	35563
191.81581	428.5	100.5625	165.625	-0.49554962	289570.47	35563
98.843216	400.5	38.0	135.5	0.49554962	289570.47	35563
108.40647	229.25	60.5625	94.0	0.49554962	289570.47	35563
149.42313	351.5	89.875	148.625	0.49554962	289570.47	35563
51.182045	513.0	135.875	182.125	-0.49554962	289570.47	35563
172.8019	379.75	75.4375	82.25	0.49554962	289570.47	35563
143.56691	265.5	55.90625	107.625	-0.49554962	289570.47	35563
106.35085	486.0	109.9375	193.625	0.49554962	289570.47	35563
73.81218	434.25	135.0	192.625	0.49554962	289570.47	35563
304.02222	445.5	103.25	217.875	0.49554962	289570.47	35563
88.17569	436.25	117.5625	217.0	0.49554962	289570.47	35563
161.26137	394.5	73.5	176.625	0.49554962	289570.47	35563
112.3364	487.75	100.625	140.375	-0.49554962	289570.47	35563
132.87474	292.75	124.5	114.5625	0.49554962	289570.47	35563
148.95268	365.75	120.875	167.5	-0.49554962	289570.47	35563
192.75127	365.25	46.0	116.6875	0.49554962	289570.47	35563
159.12769	273.0	38.34375	122.375	-0.49554962	289570.47	35563
155.48991	322.75	65.4375	126.25	0.49554962	289570.47	35563
123.3488	664.0	164.75	233.25	-0.49554962	289570.47	35563
121.954185	334.75	113.375	139.625	0.49554962	289570.47	35563
224.80452	584.0	87.625	201.5	0.49554962	289570.47	35563
265.01315	499.0	134.5	172.375	-0.49554962	289570.47	35563
53.24907	227.5	55.15625	60.78125	-0.49554962	289570.47	35563
105.08834	243.125	91.9375	109.5625	0.49554962	289570.47	35563
304.3126	322.0	55.15625	146.625	0.49554962	289570.47	35563
200.36761	370.75	79.1875	129.875	0.49554962	289570.47	35563
128.35722	202.125	68.125	81.5625	0.49554962	289570.47	35563
472.81628	718.5	94.0	185.625	-0.49554962	289570.47	35563
266.939	351.0	144.75	2.9335938	0.49554962	289570.47	35563
173.19357	188.25	90.125	81.0625	0.49554962	289570.47	35563
235.34999	346.25	131.625	175.375	0.49554962	289570.47	35563
136.78644	483.25	134.75	173.875	0.49554962	289570.47	35563
53.139965	579.0	41.53125	184.875	-0.49554962	289570.47	35563
64.616066	309.25	84.3125	96.4375	0.49554962	289570.47	35563
346.59915	515.0	27.5625	157.5	0.49554962	289570.47	35563
112.66688	633.5	166.25	289.0	0.49554962	289570.47	35563
185.49193	217.0	75.75	98.125	0.49554962	289570.47	35563
233.49983	383.5	82.625	120.25	-0.49554962	289570.47	35563
359.21085	489.5	114.125	191.375	0.49554962	289570.47	35563
212.55986	422.75	143.0	180.75	0.49554962	289570.47	35563
46.699577	342.75	150.625	137.5	0.49554962	289570.47	35563
183.90196	283.25	152.25	126.6875	0.49554962	289570.47	35563
133.0429	418.75	125.3125	179.375	-0.49554962	289570.47	35563
285.8958	382.75	68.3125	137.25	-0.49554962	289570.47	35563
201.94759	494.25	81.5625	166.625	0.49554962	289570.47	35563
229.27136	260.0	30.25	106.8125	-0.49554962	289570.47	35563
250.85686	577.5	49.34375	179.125	0.49554962	289570.47	35563
104.973854	304.5	115.375	146.625	0.49554962	289570.47	35563
91.118256	489.25	67.5	174.0	0.49554962	289570.47	35563
96.73081	425.25	204.25	176.625	-0.49554962	289570.47	35563
172.89786	511.75	162.5	182.875	0.49554962	289570.47	35563
124.47714	389.75	153.0	109.375	0.49554962	289570.47	35563
387.45026	419.0	145.75	186.0	-0.49554962	289570.47	35563
203.59012	394.25	27.609375	168.125	0.49554962	289570.47	35563
270.34427	541.0	57.78125	169.125	0.49554962	289570.47	35563
122.53192	487.75	122.6875	148.0	-0.49554962	289570.47	35563
107.56485	715.0	110.0625	176.875	0.49554962	289570.47	35563
393.63397	382.5	145.25	135.375	0.49554962	289570.47	35563
136.50668	456.25	114.3125	177.75	0.49554962	289570.47	35563
262.36948	418.25	80.0	178.75	0.49554962	289570.47	35563
114.36152	422.25	122.75	184.0	0.49554962	289570.47	35563
181.69017	339.25	57.90625	143.625	0.49554962	289570.47	35563
99.69437	228.375	90.0625	89.0625	0.49554962	289570.47	35563
185.02264	860.5	76.6875	189.25	-0.49554962	289570.47	35563
114.17431	404.75	81.6875	88.75	0.49554962	289570.47	35563
336.08075	399.0	79.75	201.375	0.49554962	289570.47	35563
106.19582	247.0	44.75	66.5625	0.49554962	289570.47	35563
406.1327	740.5	81.125	221.625	-0.49554962	289570.47	35563
423.61926	423.75	32.375	112.25	0.49554962	289570.47	35563
20.807037	410.5	159.625	207.0	-0.49554962	289570.47	35563
82.825714	475.5	32.59375	170.125	0.49554962	289570.47	35563
87.68213	234.5	29.46875	116.5	0.49554962	289570.47	35563
68.28112	332.75	168.0	136.875	0.49554962	289570.47	35563
67.46904	295.0	62.34375	92.25	0.49554962	289570.47	35563
142.46971	725.5	77.9375	67.9375	0.49554962	289570.47	35563
416.44376	590.5	87.75	221.5	0.49554962	289570.47	35563
67.146484	377.25	113.25	183.75	0.49554962	289570.47	35563
125.38516	435.75	145.625	171.0	0.49554962	289570.47	35563
276.55362	532.5	103.9375	176.25	0.49554962	289570.47	35563
109.54803	290.5	62.75	114.125	0.49554962	289570.47	35563
81.1111	399.25	78.9375	155.0	0.49554962	289570.47	35563
123.78644	275.25	45.625	120.3125	-0.49554962	289570.47	35563
258.6903	224.375	80.75	74.25	0.49554962	289570.47	35563
68.451744	514.0	134.75	180.75	-0.49554962	289570.47	35563
50.965046	270.5	49.75	96.0	0.49554962	289570.47	35563
323.24643	362.0	43.125	101.8125	0.49554962	289570.47	35563
193.65022	680.5	64.9375	190.375	0.49554962	289570.47	35563
136.3991	237.375	67.3125	87.1875	0.49554962	289570.47	35563
94.19584	448.25	123.0	171.125	0.49554962	289570.47	35563
77.36313	458.5	113.3125	178.75	0.49554962	289570.47	35563
266.73795	572.5	93.875	173.5	0.49554962	289570.47	35563
125.42743	351.5	101.6875	97.0625	0.49554962	289570.47	35563
85.393295	450.5	167.625	167.125	0.49554962	289570.47	35563
280.07776	409.25	71.125	82.75	-0.49554962	289570.47	35563
201.75389	397.75	166.625	175.375	0.49554962	289570.47	35563
166.71965	492.75	47.0	107.5	0.49554962	289570.47	35563
188.91397	597.5	150.75	177.5	0.49554962	289570.47	35563
142.83313	397.5	69.125	163.75	0.49554962	289570.47	35563
288.5461	291.0	62.84375	130.75	-0.49554962	289570.47	35563
316.52853	410.5	98.125	181.875	0.49554962	289570.47	35563
218.7426	379.5	50.625	149.0	0.49554962	289570.47	35563
82.48114	430.75	90.6875	141.625	0.49554962	289570.47	35563
227.48756	369.0	101.6875	146.75	-0.49554962	289570.47	35563
113.73976	563.5	92.8125	176.5	0.49554962	289570.47	35563
126.08317	200.5	64.5625	88.8125	0.49554962	289570.47	35563
156.62796	208.25	120.5625	108.625	-0.49554962	289570.47	35563
