lep_pt	genWeights	sumWeight	N_exp
57.913364	12.825598	2452908.2	275153
38.7659	-12.825598	2452908.2	275153
48.53284	12.825598	2452908.2	275153
122.89793	12.825598	2452908.2	275153
85.49815	12.825598	2452908.2	275153
49.748386	12.825598	2452908.2	275153
78.959	12.825598	2452908.2	275153
48.58487	12.825598	2452908.2	275153
48.398098	12.825598	2452908.2	275153
99.38085	-12.825598	2452908.2	275153
36.305077	12.825598	2452908.2	275153
13.294966	-12.825598	2452908.2	275153
66.29839	12.825598	2452908.2	275153
101.03862	12.825598	2452908.2	275153
43.26874	12.825598	2452908.2	275153
48.59385	-12.825598	2452908.2	275153
16.652569	12.825598	2452908.2	275153
104.80121	-12.825598	2452908.2	275153
61.49728	12.825598	2452908.2	275153
70.90028	12.825598	2452908.2	275153
88.04896	12.825598	2452908.2	275153
168.81294	12.825598	2452908.2	275153
98.90855	12.825598	2452908.2	275153
85.51168	-12.825598	2452908.2	275153
139.08914	12.825598	2452908.2	275153
31.029678	12.825598	2452908.2	275153
266.10855	12.825598	2452908.2	275153
48.287373	12.825598	2452908.2	275153
66.12287	12.825598	2452908.2	275153
72.094955	12.825598	2452908.2	275153
73.037575	-12.825598	2452908.2	275153
45.05145	12.825598	2452908.2	275153
41.124992	12.825598	2452908.2	275153
50.74017	12.825598	2452908.2	275153
51.37141	12.825598	2452908.2	275153
37.553066	12.825598	2452908.2	275153
87.51956	12.825598	2452908.2	275153
52.96328	12.825598	2452908.2	275153
65.68125	12.825598	2452908.2	275153
51.129345	-12.825598	2452908.2	275153
34.572926	12.825598	2452908.2	275153
97.79194	12.825598	2452908.2	275153
66.28738	12.825598	2452908.2	275153
50.114845	12.825598	2452908.2	275153
25.835772	12.825598	2452908.2	275153
26.15484	12.825598	2452908.2	275153
55.17022	12.825598	2452908.2	275153
76.39649	12.825598	2452908.2	275153
93.70507	12.825598	2452908.2	275153
62.786987	12.825598	2452908.2	275153
50.739315	12.825598	2452908.2	275153
35.317093	12.825598	2452908.2	275153
57.98502	12.825598	2452908.2	275153
37.821976	12.825598	2452908.2	275153
86.671295	12.825598	2452908.2	275153
87.291985	12.825598	2452908.2	275153
40.10947	-12.825598	2452908.2	275153
83.63832	12.825598	2452908.2	275153
56.019833	-12.825598	2452908.2	275153
46.14359	12.825598	2452908.2	275153
23.212233	12.825598	2452908.2	275153
53.99569	-12.825598	2452908.2	275153
66.54488	12.825598	2452908.2	275153
29.709702	12.825598	2452908.2	275153
76.542336	12.825598	2452908.2	275153
171.89764	12.825598	2452908.2	275153
46.653843	12.825598	2452908.2	275153
41.151855	12.825598	2452908.2	275153
133.0178	12.825598	2452908.2	275153
119.22831	12.825598	2452908.2	275153
130.93004	12.825598	2452908.2	275153
50.191704	12.825598	2452908.2	275153
44.014107	12.825598	2452908.2	275153
61.94583	-12.825598	2452908.2	275153
58.833794	12.825598	2452908.2	275153
22.678978	12.825598	2452908.2	275153
55.058285	-12.825598	2452908.2	275153
37.04842	-12.825598	2452908.2	275153
41.126167	12.825598	2452908.2	275153
58.51065	12.825598	2452908.2	275153
82.87235	12.825598	2452908.2	275153
46.191254	-12.825598	2452908.2	275153
89.35216	12.825598	2452908.2	275153
36.520443	12.825598	2452908.2	275153
96.15101	12.825598	2452908.2	275153
53.10726	12.825598	2452908.2	275153
33.263584	12.825598	2452908.2	275153
147.39279	-12.825598	2452908.2	275153
47.718845	12.825598	2452908.2	275153
92.245834	-12.825598	2452908.2	275153
36.437542	12.825598	2452908.2	275153
50.559685	12.825598	2452908.2	275153
24.97183	-12.825598	2452908.2	275153
70.448166	12.825598	2452908.2	275153
53.6755	12.825598	2452908.2	275153
43.22614	12.825598	2452908.2	275153
31.443592	-12.825598	2452908.2	275153
37.374077	12.825598	2452908.2	275153
136.35538	12.825598	2452908.2	275153
57.159298	12.825598	2452908.2	275153
21.24283	12.825598	2452908.2	275153
285.4559	12.825598	2452908.2	275153
37.761566	12.825598	2452908.2	275153
42.680935	12.825598	2452908.2	275153
41.60631	12.825598	2452908.2	275153
32.490803	12.825598	2452908.2	275153
72.944435	12.825598	2452908.2	275153
23.959496	12.825598	2452908.2	275153
90.1328	12.825598	2452908.2	275153
104.90322	12.825598	2452908.2	275153
138.36554	12.825598	2452908.2	275153
182.3965	12.825598	2452908.2	275153
89.46811	12.825598	2452908.2	275153
41.438507	12.825598	2452908.2	275153
49.81994	12.825598	2452908.2	275153
41.134445	12.825598	2452908.2	275153
65.01161	-12.825598	2452908.2	275153
135.95876	12.825598	2452908.2	275153
527.26917	12.825598	2452908.2	275153
67.45139	12.825598	2452908.2	275153
134.52324	12.825598	2452908.2	275153
27.485573	12.825598	2452908.2	275153
29.262873	12.825598	2452908.2	275153
83.32078	-12.825598	2452908.2	275153
94.45755	12.825598	2452908.2	275153
71.70916	12.825598	2452908.2	275153
57.35326	-12.825598	2452908.2	275153
46.246513	12.825598	2452908.2	275153
87.1821	12.825598	2452908.2	275153
62.225395	12.825598	2452908.2	275153
57.31222	12.825598	2452908.2	275153
62.83095	-12.825598	2452908.2	275153
38.26139	12.825598	2452908.2	275153
48.97804	12.825598	2452908.2	275153
41.093216	12.825598	2452908.2	275153
65.459114	12.825598	2452908.2	275153
66.95156	-12.825598	2452908.2	275153
99.76698	-12.825598	2452908.2	275153
18.41894	12.825598	2452908.2	275153
61.699642	12.825598	2452908.2	275153
193.4372	-12.825598	2452908.2	275153
139.34807	12.825598	2452908.2	275153
80.60289	12.825598	2452908.2	275153
59.73513	12.825598	2452908.2	275153
37.641243	12.825598	2452908.2	275153
52.411217	12.825598	2452908.2	275153
22.476395	-12.825598	2452908.2	275153
52.01689	-12.825598	2452908.2	275153
65.764145	12.825598	2452908.2	275153
53.29496	12.825598	2452908.2	275153
32.98959	12.825598	2452908.2	275153
148.77032	12.825598	2452908.2	275153
38.30448	-12.825598	2452908.2	275153
122.748726	12.825598	2452908.2	275153
171.21017	12.825598	2452908.2	275153
106.03782	12.825598	2452908.2	275153
61.185684	12.825598	2452908.2	275153
173.37062	12.825598	2452908.2	275153
113.5676	12.825598	2452908.2	275153
143.5964	12.825598	2452908.2	275153
82.63084	12.825598	2452908.2	275153
85.89634	-12.825598	2452908.2	275153
36.62045	-12.825598	2452908.2	275153
36.354183	12.825598	2452908.2	275153
40.00733	12.825598	2452908.2	275153
41.58267	12.825598	2452908.2	275153
90.83852	12.825598	2452908.2	275153
99.705536	12.825598	2452908.2	275153
83.36185	-12.825598	2452908.2	275153
41.70069	12.825598	2452908.2	275153
36.65634	12.825598	2452908.2	275153
44.219734	12.825598	2452908.2	275153
62.68154	12.825598	2452908.2	275153
14.860202	12.825598	2452908.2	275153
39.160397	12.825598	2452908.2	275153
115.908554	-12.825598	2452908.2	275153
117.012054	-12.825598	2452908.2	275153
85.485374	-12.825598	2452908.2	275153
39.653137	12.825598	2452908.2	275153
97.102745	12.825598	2452908.2	275153
56.97506	-12.825598	2452908.2	275153
130.22919	12.825598	2452908.2	275153
35.280743	12.825598	2452908.2	275153
14.8785095	12.825598	2452908.2	275153
143.75426	-12.825598	2452908.2	275153
83.110535	12.825598	2452908.2	275153
72.35024	12.825598	2452908.2	275153
31.21453	12.825598	2452908.2	275153
34.455856	12.825598	2452908.2	275153
156.11243	12.825598	2452908.2	275153
109.0665	-12.825598	2452908.2	275153
16.79469	12.825598	2452908.2	275153
92.03014	12.825598	2452908.2	275153
15.322859	12.825598	2452908.2	275153
201.26971	-12.825598	2452908.2	275153
49.27889	12.825598	2452908.2	275153
73.36806	-12.825598	2452908.2	275153
63.878555	-12.825598	2452908.2	275153
60.09417	12.825598	2452908.2	275153
29.702114	12.825598	2452908.2	275153
70.45757	-12.825598	2452908.2	275153
96.591484	-12.825598	2452908.2	275153
25.312876	12.825598	2452908.2	275153
61.879868	12.825598	2452908.2	275153
38.803917	12.825598	2452908.2	275153
150.6624	12.825598	2452908.2	275153
30.161009	12.825598	2452908.2	275153
48.84953	12.825598	2452908.2	275153
54.26479	12.825598	2452908.2	275153
54.350292	-12.825598	2452908.2	275153
61.02169	-12.825598	2452908.2	275153
237.24667	12.825598	2452908.2	275153
131.36855	12.825598	2452908.2	275153
49.365944	-12.825598	2452908.2	275153
71.532394	-12.825598	2452908.2	275153
53.663147	12.825598	2452908.2	275153
32.701218	12.825598	2452908.2	275153
191.96555	12.825598	2452908.2	275153
95.78594	12.825598	2452908.2	275153
57.18587	12.825598	2452908.2	275153
100.92728	12.825598	2452908.2	275153
39.78981	-12.825598	2452908.2	275153
35.806263	12.825598	2452908.2	275153
78.163536	12.825598	2452908.2	275153
39.44124	-12.825598	2452908.2	275153
77.166374	12.825598	2452908.2	275153
100.52044	12.825598	2452908.2	275153
35.522606	12.825598	2452908.2	275153
96.26303	-12.825598	2452908.2	275153
26.159925	-12.825598	2452908.2	275153
103.17522	12.825598	2452908.2	275153
39.362457	12.825598	2452908.2	275153
45.580082	12.825598	2452908.2	275153
129.87477	-12.825598	2452908.2	275153
13.3736105	-12.825598	2452908.2	275153
71.63053	12.825598	2452908.2	275153
109.74296	12.825598	2452908.2	275153
46.47224	12.825598	2452908.2	275153
189.16376	12.825598	2452908.2	275153
46.12402	12.825598	2452908.2	275153
217.15704	-12.825598	2452908.2	275153
32.76935	12.825598	2452908.2	275153
52.95151	12.825598	2452908.2	275153
64.9556	12.825598	2452908.2	275153
22.44313	12.825598	2452908.2	275153
152.16292	12.825598	2452908.2	275153
31.604805	12.825598	2452908.2	275153
73.55214	12.825598	2452908.2	275153
153.42366	12.825598	2452908.2	275153
55.334553	-12.825598	2452908.2	275153
66.92258	12.825598	2452908.2	275153
71.01188	12.825598	2452908.2	275153
44.06379	12.825598	2452908.2	275153
34.057674	-12.825598	2452908.2	275153
30.445051	12.825598	2452908.2	275153
20.752583	12.825598	2452908.2	275153
83.363625	-12.825598	2452908.2	275153
17.700874	12.825598	2452908.2	275153
77.005745	-12.825598	2452908.2	275153
71.25649	12.825598	2452908.2	275153
50.35335	12.825598	2452908.2	275153
104.30993	12.825598	2452908.2	275153
95.723816	-12.825598	2452908.2	275153
22.412834	12.825598	2452908.2	275153
71.2121	12.825598	2452908.2	275153
53.02141	12.825598	2452908.2	275153
65.25665	12.825598	2452908.2	275153
46.067505	12.825598	2452908.2	275153
156.69496	12.825598	2452908.2	275153
94.388916	12.825598	2452908.2	275153
68.253624	12.825598	2452908.2	275153
100.09346	12.825598	2452908.2	275153
64.12853	12.825598	2452908.2	275153
38.275326	12.825598	2452908.2	275153
144.30647	12.825598	2452908.2	275153
41.623768	12.825598	2452908.2	275153
61.181732	12.825598	2452908.2	275153
76.44039	12.825598	2452908.2	275153
48.720505	12.825598	2452908.2	275153
180.54814	12.825598	2452908.2	275153
56.47407	12.825598	2452908.2	275153
48.321922	-12.825598	2452908.2	275153
23.693958	12.825598	2452908.2	275153
57.77053	12.825598	2452908.2	275153
79.20969	-12.825598	2452908.2	275153
131.6752	12.825598	2452908.2	275153
17.886396	-12.825598	2452908.2	275153
33.99812	12.825598	2452908.2	275153
58.1019	12.825598	2452908.2	275153
264.8237	-12.825598	2452908.2	275153
79.25991	-12.825598	2452908.2	275153
65.85096	12.825598	2452908.2	275153
49.195675	12.825598	2452908.2	275153
46.89177	12.825598	2452908.2	275153
113.67668	12.825598	2452908.2	275153
140.51709	12.825598	2452908.2	275153
43.28018	-12.825598	2452908.2	275153
27.212826	12.825598	2452908.2	275153
66.184135	-12.825598	2452908.2	275153
136.26396	12.825598	2452908.2	275153
22.362896	12.825598	2452908.2	275153
74.05497	-12.825598	2452908.2	275153
41.42162	12.825598	2452908.2	275153
22.971352	12.825598	2452908.2	275153
33.43256	12.825598	2452908.2	275153
194.22832	12.825598	2452908.2	275153
14.089443	12.825598	2452908.2	275153
76.52966	12.825598	2452908.2	275153
58.705185	12.825598	2452908.2	275153
142.54152	12.825598	2452908.2	275153
74.22013	12.825598	2452908.2	275153
35.91815	12.825598	2452908.2	275153
90.57939	12.825598	2452908.2	275153
38.42426	-12.825598	2452908.2	275153
58.496086	12.825598	2452908.2	275153
147.88864	12.825598	2452908.2	275153
63.71365	12.825598	2452908.2	275153
45.926834	12.825598	2452908.2	275153
50.275417	12.825598	2452908.2	275153
34.836346	12.825598	2452908.2	275153
20.099913	12.825598	2452908.2	275153
47.285927	12.825598	2452908.2	275153
28.370653	-12.825598	2452908.2	275153
111.62393	-12.825598	2452908.2	275153
36.514328	12.825598	2452908.2	275153
27.716988	-12.825598	2452908.2	275153
22.288805	12.825598	2452908.2	275153
126.20092	12.825598	2452908.2	275153
95.74058	12.825598	2452908.2	275153
46.729603	-12.825598	2452908.2	275153
24.950361	12.825598	2452908.2	275153
37.807747	-12.825598	2452908.2	275153
68.954346	12.825598	2452908.2	275153
19.88217	12.825598	2452908.2	275153
26.278698	12.825598	2452908.2	275153
87.32177	12.825598	2452908.2	275153
19.007208	12.825598	2452908.2	275153
90.13547	12.825598	2452908.2	275153
110.18044	12.825598	2452908.2	275153
120.84533	12.825598	2452908.2	275153
58.25896	12.825598	2452908.2	275153
157.19101	-12.825598	2452908.2	275153
59.745934	12.825598	2452908.2	275153
96.10388	-12.825598	2452908.2	275153
39.158833	-12.825598	2452908.2	275153
75.5343	12.825598	2452908.2	275153
41.129017	-12.825598	2452908.2	275153
45.311172	12.825598	2452908.2	275153
130.61601	-12.825598	2452908.2	275153
151.26413	12.825598	2452908.2	275153
47.21244	12.825598	2452908.2	275153
56.920273	12.825598	2452908.2	275153
98.66022	12.825598	2452908.2	275153
42.221687	12.825598	2452908.2	275153
32.503036	12.825598	2452908.2	275153
82.39435	12.825598	2452908.2	275153
49.479294	12.825598	2452908.2	275153
65.518105	12.825598	2452908.2	275153
55.432358	12.825598	2452908.2	275153
99.37305	12.825598	2452908.2	275153
51.103893	12.825598	2452908.2	275153
46.98729	12.825598	2452908.2	275153
14.491521	-12.825598	2452908.2	275153
43.685852	12.825598	2452908.2	275153
40.64636	12.825598	2452908.2	275153
113.18789	12.825598	2452908.2	275153
146.51645	12.825598	2452908.2	275153
17.184626	12.825598	2452908.2	275153
151.084	12.825598	2452908.2	275153
54.907642	12.825598	2452908.2	275153
58.6902	12.825598	2452908.2	275153
104.10189	12.825598	2452908.2	275153
75.614426	12.825598	2452908.2	275153
51.140865	-12.825598	2452908.2	275153
18.269848	12.825598	2452908.2	275153
32.786022	-12.825598	2452908.2	275153
46.329514	12.825598	2452908.2	275153
28.16842	12.825598	2452908.2	275153
173.61568	12.825598	2452908.2	275153
64.12568	-12.825598	2452908.2	275153
52.223663	12.825598	2452908.2	275153
32.129078	-12.825598	2452908.2	275153
115.74227	12.825598	2452908.2	275153
154.80893	12.825598	2452908.2	275153
130.73799	12.825598	2452908.2	275153
47.360294	12.825598	2452908.2	275153
77.61022	12.825598	2452908.2	275153
21.476336	12.825598	2452908.2	275153
41.43303	12.825598	2452908.2	275153
24.516659	12.825598	2452908.2	275153
40.222965	12.825598	2452908.2	275153
28.466377	-12.825598	2452908.2	275153
96.440285	12.825598	2452908.2	275153
12.243953	12.825598	2452908.2	275153
32.2148	-12.825598	2452908.2	275153
104.76336	12.825598	2452908.2	275153
34.005245	12.825598	2452908.2	275153
39.06164	12.825598	2452908.2	275153
66.43816	-12.825598	2452908.2	275153
46.702946	12.825598	2452908.2	275153
51.349667	12.825598	2452908.2	275153
56.503242	12.825598	2452908.2	275153
90.280556	12.825598	2452908.2	275153
75.71763	12.825598	2452908.2	275153
56.62999	12.825598	2452908.2	275153
98.34756	12.825598	2452908.2	275153
102.86438	-12.825598	2452908.2	275153
66.19944	12.825598	2452908.2	275153
133.532	12.825598	2452908.2	275153
46.241196	12.825598	2452908.2	275153
32.787933	12.825598	2452908.2	275153
55.78436	-12.825598	2452908.2	275153
90.64308	-12.825598	2452908.2	275153
76.372475	12.825598	2452908.2	275153
49.382725	12.825598	2452908.2	275153
63.201195	12.825598	2452908.2	275153
71.89673	-12.825598	2452908.2	275153
52.55333	12.825598	2452908.2	275153
50.91678	12.825598	2452908.2	275153
101.25229	12.825598	2452908.2	275153
82.773	12.825598	2452908.2	275153
44.83662	12.825598	2452908.2	275153
29.141048	-12.825598	2452908.2	275153
44.710278	12.825598	2452908.2	275153
38.81719	-12.825598	2452908.2	275153
69.627975	-12.825598	2452908.2	275153
39.082626	12.825598	2452908.2	275153
165.81114	12.825598	2452908.2	275153
45.612576	-12.825598	2452908.2	275153
64.19808	12.825598	2452908.2	275153
23.637793	12.825598	2452908.2	275153
81.70449	12.825598	2452908.2	275153
26.445688	12.825598	2452908.2	275153
31.175823	12.825598	2452908.2	275153
72.430626	12.825598	2452908.2	275153
23.367163	-12.825598	2452908.2	275153
51.052578	12.825598	2452908.2	275153
39.379623	12.825598	2452908.2	275153
43.038128	12.825598	2452908.2	275153
67.402824	12.825598	2452908.2	275153
41.98804	12.825598	2452908.2	275153
52.618214	12.825598	2452908.2	275153
48.43284	-12.825598	2452908.2	275153
47.41088	-12.825598	2452908.2	275153
40.796967	12.825598	2452908.2	275153
85.00621	12.825598	2452908.2	275153
76.94113	-12.825598	2452908.2	275153
158.34889	-12.825598	2452908.2	275153
58.41805	12.825598	2452908.2	275153
72.84639	12.825598	2452908.2	275153
65.85591	12.825598	2452908.2	275153
179.8128	12.825598	2452908.2	275153
49.464245	-12.825598	2452908.2	275153
13.600721	12.825598	2452908.2	275153
61.822037	-12.825598	2452908.2	275153
72.10654	12.825598	2452908.2	275153
45.991383	12.825598	2452908.2	275153
234.64476	12.825598	2452908.2	275153
44.93009	12.825598	2452908.2	275153
76.92652	12.825598	2452908.2	275153
45.33652	12.825598	2452908.2	275153
35.60196	12.825598	2452908.2	275153
81.78631	12.825598	2452908.2	275153
43.90874	12.825598	2452908.2	275153
152.79987	12.825598	2452908.2	275153
34.741737	12.825598	2452908.2	275153
43.346874	12.825598	2452908.2	275153
43.178818	12.825598	2452908.2	275153
27.998335	12.825598	2452908.2	275153
81.75678	12.825598	2452908.2	275153
97.23535	12.825598	2452908.2	275153
89.795	12.825598	2452908.2	275153
50.103737	12.825598	2452908.2	275153
42.17097	12.825598	2452908.2	275153
206.80441	12.825598	2452908.2	275153
48.71139	-12.825598	2452908.2	275153
129.26134	12.825598	2452908.2	275153
56.571144	12.825598	2452908.2	275153
30.69426	-12.825598	2452908.2	275153
60.789623	12.825598	2452908.2	275153
60.726078	-12.825598	2452908.2	275153
56.789944	12.825598	2452908.2	275153
31.524872	12.825598	2452908.2	275153
27.83925	12.825598	2452908.2	275153
38.431053	-12.825598	2452908.2	275153
30.432253	12.825598	2452908.2	275153
65.28358	12.825598	2452908.2	275153
109.62082	12.825598	2452908.2	275153
23.520086	-12.825598	2452908.2	275153
47.26563	12.825598	2452908.2	275153
24.820642	12.825598	2452908.2	275153
114.17602	12.825598	2452908.2	275153
54.427013	12.825598	2452908.2	275153
29.621847	-12.825598	2452908.2	275153
72.038574	-12.825598	2452908.2	275153
321.02698	12.825598	2452908.2	275153
177.3755	12.825598	2452908.2	275153
76.86004	12.825598	2452908.2	275153
52.87555	-12.825598	2452908.2	275153
56.40479	12.825598	2452908.2	275153
43.5346	12.825598	2452908.2	275153
30.095123	12.825598	2452908.2	275153
39.634003	12.825598	2452908.2	275153
21.848171	12.825598	2452908.2	275153
60.119354	12.825598	2452908.2	275153
35.291885	12.825598	2452908.2	275153
51.132435	12.825598	2452908.2	275153
141.08719	12.825598	2452908.2	275153
49.981888	12.825598	2452908.2	275153
71.27333	12.825598	2452908.2	275153
26.463797	12.825598	2452908.2	275153
67.15269	12.825598	2452908.2	275153
136.19232	12.825598	2452908.2	275153
75.796455	12.825598	2452908.2	275153
187.71628	12.825598	2452908.2	275153
124.538185	12.825598	2452908.2	275153
67.127365	12.825598	2452908.2	275153
48.022453	12.825598	2452908.2	275153
75.739914	12.825598	2452908.2	275153
45.507233	12.825598	2452908.2	275153
58.346004	12.825598	2452908.2	275153
31.312984	-12.825598	2452908.2	275153
19.719349	-12.825598	2452908.2	275153
20.931705	-12.825598	2452908.2	275153
32.639874	12.825598	2452908.2	275153
63.096092	12.825598	2452908.2	275153
40.167236	12.825598	2452908.2	275153
85.457375	-12.825598	2452908.2	275153
171.74402	12.825598	2452908.2	275153
111.107635	-12.825598	2452908.2	275153
32.1794	12.825598	2452908.2	275153
124.0527	12.825598	2452908.2	275153
45.229088	12.825598	2452908.2	275153
39.892006	-12.825598	2452908.2	275153
86.709885	12.825598	2452908.2	275153
78.989044	-12.825598	2452908.2	275153
149.24068	12.825598	2452908.2	275153
99.41073	12.825598	2452908.2	275153
283.19202	12.825598	2452908.2	275153
21.690184	12.825598	2452908.2	275153
53.681244	12.825598	2452908.2	275153
39.530174	12.825598	2452908.2	275153
57.17537	12.825598	2452908.2	275153
49.501465	12.825598	2452908.2	275153
20.054968	12.825598	2452908.2	275153
227.23538	12.825598	2452908.2	275153
102.79603	-12.825598	2452908.2	275153
40.346325	-12.825598	2452908.2	275153
62.125362	12.825598	2452908.2	275153
75.21626	-12.825598	2452908.2	275153
24.724335	-12.825598	2452908.2	275153
68.32768	-12.825598	2452908.2	275153
37.753452	12.825598	2452908.2	275153
72.21116	12.825598	2452908.2	275153
55.24726	12.825598	2452908.2	275153
42.19572	12.825598	2452908.2	275153
60.551624	12.825598	2452908.2	275153
99.62666	12.825598	2452908.2	275153
44.704277	12.825598	2452908.2	275153
111.91756	12.825598	2452908.2	275153
116.18189	12.825598	2452908.2	275153
19.822464	12.825598	2452908.2	275153
73.626495	-12.825598	2452908.2	275153
23.58247	12.825598	2452908.2	275153
43.225483	12.825598	2452908.2	275153
50.42383	-12.825598	2452908.2	275153
76.80191	12.825598	2452908.2	275153
62.36268	-12.825598	2452908.2	275153
54.727695	12.825598	2452908.2	275153
66.969345	12.825598	2452908.2	275153
30.779217	12.825598	2452908.2	275153
76.2119	12.825598	2452908.2	275153
60.574295	12.825598	2452908.2	275153
42.07267	12.825598	2452908.2	275153
58.943203	12.825598	2452908.2	275153
225.9446	12.825598	2452908.2	275153
119.595314	12.825598	2452908.2	275153
21.918154	12.825598	2452908.2	275153
47.823532	-12.825598	2452908.2	275153
97.345764	12.825598	2452908.2	275153
40.33411	12.825598	2452908.2	275153
29.376835	12.825598	2452908.2	275153
51.226955	12.825598	2452908.2	275153
106.84647	12.825598	2452908.2	275153
147.41411	-12.825598	2452908.2	275153
113.912094	12.825598	2452908.2	275153
68.32002	12.825598	2452908.2	275153
35.849747	-12.825598	2452908.2	275153
119.628235	12.825598	2452908.2	275153
26.813824	12.825598	2452908.2	275153
80.37875	-12.825598	2452908.2	275153
60.265293	12.825598	2452908.2	275153
41.572014	12.825598	2452908.2	275153
62.664333	-12.825598	2452908.2	275153
90.48827	-12.825598	2452908.2	275153
60.545315	12.825598	2452908.2	275153
124.77888	-12.825598	2452908.2	275153
33.939095	12.825598	2452908.2	275153
98.92613	12.825598	2452908.2	275153
58.73635	12.825598	2452908.2	275153
71.985016	12.825598	2452908.2	275153
38.373867	12.825598	2452908.2	275153
109.80148	12.825598	2452908.2	275153
45.263687	12.825598	2452908.2	275153
38.11301	12.825598	2452908.2	275153
129.32832	12.825598	2452908.2	275153
116.03622	12.825598	2452908.2	275153
149.45457	-12.825598	2452908.2	275153
73.591606	12.825598	2452908.2	275153
12.988345	12.825598	2452908.2	275153
58.0351	12.825598	2452908.2	275153
133.75578	12.825598	2452908.2	275153
113.5173	12.825598	2452908.2	275153
65.87935	12.825598	2452908.2	275153
62.80525	12.825598	2452908.2	275153
32.79029	-12.825598	2452908.2	275153
59.756435	12.825598	2452908.2	275153
100.803696	12.825598	2452908.2	275153
29.663822	12.825598	2452908.2	275153
156.4214	-12.825598	2452908.2	275153
39.978363	-12.825598	2452908.2	275153
61.51228	12.825598	2452908.2	275153
77.851166	12.825598	2452908.2	275153
22.440062	12.825598	2452908.2	275153
62.27626	12.825598	2452908.2	275153
38.363907	12.825598	2452908.2	275153
127.83223	12.825598	2452908.2	275153
33.01159	12.825598	2452908.2	275153
21.166992	12.825598	2452908.2	275153
59.13477	12.825598	2452908.2	275153
47.23174	12.825598	2452908.2	275153
118.722206	-12.825598	2452908.2	275153
52.041977	-12.825598	2452908.2	275153
51.766476	-12.825598	2452908.2	275153
33.14383	12.825598	2452908.2	275153
54.837715	12.825598	2452908.2	275153
20.306763	12.825598	2452908.2	275153
45.711113	12.825598	2452908.2	275153
72.30298	12.825598	2452908.2	275153
27.040936	12.825598	2452908.2	275153
40.168015	12.825598	2452908.2	275153
53.302567	12.825598	2452908.2	275153
218.61368	12.825598	2452908.2	275153
17.102043	12.825598	2452908.2	275153
132.65631	12.825598	2452908.2	275153
119.79371	12.825598	2452908.2	275153
322.47385	12.825598	2452908.2	275153
59.789894	-12.825598	2452908.2	275153
83.780876	12.825598	2452908.2	275153
46.346436	12.825598	2452908.2	275153
30.352448	-12.825598	2452908.2	275153
340.77585	12.825598	2452908.2	275153
65.2878	12.825598	2452908.2	275153
48.973576	-12.825598	2452908.2	275153
60.614395	12.825598	2452908.2	275153
32.703064	12.825598	2452908.2	275153
46.24212	12.825598	2452908.2	275153
24.141338	12.825598	2452908.2	275153
33.181286	12.825598	2452908.2	275153
134.53905	12.825598	2452908.2	275153
107.16925	-12.825598	2452908.2	275153
27.369991	12.825598	2452908.2	275153
100.53449	12.825598	2452908.2	275153
62.761597	12.825598	2452908.2	275153
30.444574	-12.825598	2452908.2	275153
41.881268	12.825598	2452908.2	275153
59.292374	12.825598	2452908.2	275153
20.542976	-12.825598	2452908.2	275153
136.08838	12.825598	2452908.2	275153
32.62646	12.825598	2452908.2	275153
53.162163	12.825598	2452908.2	275153
32.274826	12.825598	2452908.2	275153
73.47831	12.825598	2452908.2	275153
92.42459	12.825598	2452908.2	275153
95.957466	12.825598	2452908.2	275153
146.43959	-12.825598	2452908.2	275153
43.196518	12.825598	2452908.2	275153
50.726482	12.825598	2452908.2	275153
59.09178	12.825598	2452908.2	275153
34.990837	12.825598	2452908.2	275153
75.04007	-12.825598	2452908.2	275153
40.634792	12.825598	2452908.2	275153
38.804268	12.825598	2452908.2	275153
89.56812	12.825598	2452908.2	275153
30.792938	12.825598	2452908.2	275153
56.898376	12.825598	2452908.2	275153
54.75408	12.825598	2452908.2	275153
35.37182	-12.825598	2452908.2	275153
112.74245	12.825598	2452908.2	275153
27.516996	12.825598	2452908.2	275153
50.834328	-12.825598	2452908.2	275153
39.39537	12.825598	2452908.2	275153
55.643154	12.825598	2452908.2	275153
30.207602	12.825598	2452908.2	275153
45.440754	12.825598	2452908.2	275153
49.354504	12.825598	2452908.2	275153
67.70489	-12.825598	2452908.2	275153
180.73357	12.825598	2452908.2	275153
18.946999	12.825598	2452908.2	275153
96.17671	12.825598	2452908.2	275153
42.538742	-12.825598	2452908.2	275153
132.5745	12.825598	2452908.2	275153
45.31792	12.825598	2452908.2	275153
73.357666	12.825598	2452908.2	275153
76.45529	-12.825598	2452908.2	275153
84.88082	12.825598	2452908.2	275153
27.238586	-12.825598	2452908.2	275153
17.10612	-12.825598	2452908.2	275153
101.95704	12.825598	2452908.2	275153
34.381554	12.825598	2452908.2	275153
65.17018	12.825598	2452908.2	275153
20.34724	12.825598	2452908.2	275153
73.24497	12.825598	2452908.2	275153
75.8266	12.825598	2452908.2	275153
71.91852	12.825598	2452908.2	275153
37.373302	12.825598	2452908.2	275153
25.577518	12.825598	2452908.2	275153
64.797714	12.825598	2452908.2	275153
62.96508	-12.825598	2452908.2	275153
34.74236	12.825598	2452908.2	275153
49.05827	12.825598	2452908.2	275153
61.984226	12.825598	2452908.2	275153
39.284687	-12.825598	2452908.2	275153
25.062506	12.825598	2452908.2	275153
89.565285	12.825598	2452908.2	275153
32.280212	-12.825598	2452908.2	275153
85.804855	12.825598	2452908.2	275153
40.940533	-12.825598	2452908.2	275153
34.077595	12.825598	2452908.2	275153
31.683723	12.825598	2452908.2	275153
101.61429	-12.825598	2452908.2	275153
68.209145	12.825598	2452908.2	275153
47.49695	12.825598	2452908.2	275153
46.307446	-12.825598	2452908.2	275153
67.13491	-12.825598	2452908.2	275153
48.149544	-12.825598	2452908.2	275153
25.408253	12.825598	2452908.2	275153
77.76717	12.825598	2452908.2	275153
30.30804	12.825598	2452908.2	275153
22.936974	12.825598	2452908.2	275153
22.26667	-12.825598	2452908.2	275153
27.552591	12.825598	2452908.2	275153
41.68642	12.825598	2452908.2	275153
54.261547	12.825598	2452908.2	275153
71.435234	12.825598	2452908.2	275153
90.33916	12.825598	2452908.2	275153
144.67569	12.825598	2452908.2	275153
88.02039	12.825598	2452908.2	275153
53.658802	12.825598	2452908.2	275153
124.83747	12.825598	2452908.2	275153
120.96204	12.825598	2452908.2	275153
77.067345	12.825598	2452908.2	275153
45.15943	-12.825598	2452908.2	275153
29.913404	12.825598	2452908.2	275153
22.496367	12.825598	2452908.2	275153
77.25603	-12.825598	2452908.2	275153
38.753048	12.825598	2452908.2	275153
91.639244	12.825598	2452908.2	275153
101.7942	-12.825598	2452908.2	275153
18.139612	12.825598	2452908.2	275153
20.920938	-12.825598	2452908.2	275153
107.09748	12.825598	2452908.2	275153
25.05675	12.825598	2452908.2	275153
76.55442	12.825598	2452908.2	275153
31.742434	12.825598	2452908.2	275153
26.464685	12.825598	2452908.2	275153
69.66289	12.825598	2452908.2	275153
21.393904	12.825598	2452908.2	275153
242.37152	12.825598	2452908.2	275153
26.164078	12.825598	2452908.2	275153
162.17245	12.825598	2452908.2	275153
54.25027	-12.825598	2452908.2	275153
56.432045	12.825598	2452908.2	275153
176.2781	12.825598	2452908.2	275153
43.183464	12.825598	2452908.2	275153
67.259285	-12.825598	2452908.2	275153
26.867184	-12.825598	2452908.2	275153
34.457783	12.825598	2452908.2	275153
31.868784	12.825598	2452908.2	275153
133.33362	12.825598	2452908.2	275153
40.94958	12.825598	2452908.2	275153
77.80414	12.825598	2452908.2	275153
63.606136	12.825598	2452908.2	275153
100.33499	12.825598	2452908.2	275153
53.994637	12.825598	2452908.2	275153
32.21538	12.825598	2452908.2	275153
47.86173	12.825598	2452908.2	275153
115.55218	-12.825598	2452908.2	275153
26.76101	12.825598	2452908.2	275153
39.019775	12.825598	2452908.2	275153
80.40183	12.825598	2452908.2	275153
30.017998	12.825598	2452908.2	275153
56.431145	-12.825598	2452908.2	275153
139.26147	12.825598	2452908.2	275153
63.492657	12.825598	2452908.2	275153
23.0919	12.825598	2452908.2	275153
66.23325	-12.825598	2452908.2	275153
61.296745	-12.825598	2452908.2	275153
114.65401	12.825598	2452908.2	275153
34.481426	12.825598	2452908.2	275153
65.000175	12.825598	2452908.2	275153
69.91311	12.825598	2452908.2	275153
42.294167	12.825598	2452908.2	275153
49.57946	12.825598	2452908.2	275153
51.870922	12.825598	2452908.2	275153
36.735508	12.825598	2452908.2	275153
50.65336	12.825598	2452908.2	275153
77.05835	12.825598	2452908.2	275153
72.31678	12.825598	2452908.2	275153
51.73391	12.825598	2452908.2	275153
166.44359	12.825598	2452908.2	275153
29.320936	12.825598	2452908.2	275153
42.888973	12.825598	2452908.2	275153
65.82778	12.825598	2452908.2	275153
60.211327	12.825598	2452908.2	275153
138.0505	12.825598	2452908.2	275153
23.630165	12.825598	2452908.2	275153
70.95541	12.825598	2452908.2	275153
80.70514	12.825598	2452908.2	275153
39.09296	12.825598	2452908.2	275153
33.28694	12.825598	2452908.2	275153
30.661516	12.825598	2452908.2	275153
88.16792	12.825598	2452908.2	275153
53.770836	12.825598	2452908.2	275153
74.50299	-12.825598	2452908.2	275153
70.52409	12.825598	2452908.2	275153
42.646736	12.825598	2452908.2	275153
69.47866	12.825598	2452908.2	275153
61.1115	12.825598	2452908.2	275153
82.934654	12.825598	2452908.2	275153
108.29045	-12.825598	2452908.2	275153
57.92229	-12.825598	2452908.2	275153
73.14485	12.825598	2452908.2	275153
118.41405	-12.825598	2452908.2	275153
66.968056	-12.825598	2452908.2	275153
57.560062	12.825598	2452908.2	275153
60.267822	-12.825598	2452908.2	275153
24.176258	12.825598	2452908.2	275153
55.309875	12.825598	2452908.2	275153
137.45302	12.825598	2452908.2	275153
198.4811	-12.825598	2452908.2	275153
47.02265	12.825598	2452908.2	275153
50.028664	12.825598	2452908.2	275153
163.27708	12.825598	2452908.2	275153
26.331266	12.825598	2452908.2	275153
36.888916	12.825598	2452908.2	275153
34.75582	12.825598	2452908.2	275153
91.19005	12.825598	2452908.2	275153
59.397892	12.825598	2452908.2	275153
32.130386	12.825598	2452908.2	275153
49.497547	-12.825598	2452908.2	275153
49.265488	12.825598	2452908.2	275153
120.34669	12.825598	2452908.2	275153
32.28741	12.825598	2452908.2	275153
33.13396	12.825598	2452908.2	275153
74.860596	-12.825598	2452908.2	275153
56.19148	12.825598	2452908.2	275153
55.401814	12.825598	2452908.2	275153
56.290855	12.825598	2452908.2	275153
61.334858	-12.825598	2452908.2	275153
38.216423	12.825598	2452908.2	275153
66.85231	12.825598	2452908.2	275153
36.48366	12.825598	2452908.2	275153
81.38784	12.825598	2452908.2	275153
35.381817	12.825598	2452908.2	275153
64.13915	12.825598	2452908.2	275153
27.952887	-12.825598	2452908.2	275153
84.644936	12.825598	2452908.2	275153
105.803505	12.825598	2452908.2	275153
56.33802	12.825598	2452908.2	275153
126.944725	-12.825598	2452908.2	275153
72.53086	12.825598	2452908.2	275153
67.46338	12.825598	2452908.2	275153
21.397444	12.825598	2452908.2	275153
180.9152	-12.825598	2452908.2	275153
49.411983	12.825598	2452908.2	275153
30.893118	12.825598	2452908.2	275153
196.93011	12.825598	2452908.2	275153
25.867476	-12.825598	2452908.2	275153
192.41745	12.825598	2452908.2	275153
96.45401	12.825598	2452908.2	275153
93.8073	12.825598	2452908.2	275153
145.74149	12.825598	2452908.2	275153
25.58034	12.825598	2452908.2	275153
25.476337	12.825598	2452908.2	275153
48.69119	12.825598	2452908.2	275153
79.035225	-12.825598	2452908.2	275153
32.272247	12.825598	2452908.2	275153
37.019405	12.825598	2452908.2	275153
60.962864	12.825598	2452908.2	275153
65.05179	12.825598	2452908.2	275153
108.14008	12.825598	2452908.2	275153
154.64207	-12.825598	2452908.2	275153
30.501064	12.825598	2452908.2	275153
92.96501	12.825598	2452908.2	275153
56.6135	12.825598	2452908.2	275153
78.39911	12.825598	2452908.2	275153
61.51529	12.825598	2452908.2	275153
31.501326	12.825598	2452908.2	275153
63.18843	-12.825598	2452908.2	275153
48.797882	12.825598	2452908.2	275153
106.22355	12.825598	2452908.2	275153
66.73884	12.825598	2452908.2	275153
87.54619	12.825598	2452908.2	275153
36.224113	12.825598	2452908.2	275153
51.21395	12.825598	2452908.2	275153
51.300266	12.825598	2452908.2	275153
68.07565	12.825598	2452908.2	275153
181.51187	12.825598	2452908.2	275153
103.60336	-12.825598	2452908.2	275153
51.956764	12.825598	2452908.2	275153
62.680206	12.825598	2452908.2	275153
31.236485	12.825598	2452908.2	275153
129.72813	-12.825598	2452908.2	275153
47.09102	12.825598	2452908.2	275153
29.449245	12.825598	2452908.2	275153
48.863503	12.825598	2452908.2	275153
38.903816	-12.825598	2452908.2	275153
63.39752	12.825598	2452908.2	275153
47.962715	12.825598	2452908.2	275153
102.64324	12.825598	2452908.2	275153
158.98276	12.825598	2452908.2	275153
53.54405	12.825598	2452908.2	275153
14.287528	12.825598	2452908.2	275153
49.24629	-12.825598	2452908.2	275153
20.784588	-12.825598	2452908.2	275153
42.95494	12.825598	2452908.2	275153
60.519257	12.825598	2452908.2	275153
20.36251	12.825598	2452908.2	275153
63.325485	12.825598	2452908.2	275153
121.62033	-12.825598	2452908.2	275153
28.88828	12.825598	2452908.2	275153
28.36435	12.825598	2452908.2	275153
47.298927	12.825598	2452908.2	275153
72.10862	12.825598	2452908.2	275153
124.29469	12.825598	2452908.2	275153
100.28734	-12.825598	2452908.2	275153
41.48683	12.825598	2452908.2	275153
176.63947	-12.825598	2452908.2	275153
28.501572	12.825598	2452908.2	275153
55.212276	12.825598	2452908.2	275153
64.225105	12.825598	2452908.2	275153
33.84614	12.825598	2452908.2	275153
23.86072	12.825598	2452908.2	275153
209.88509	12.825598	2452908.2	275153
122.36452	12.825598	2452908.2	275153
57.766106	12.825598	2452908.2	275153
83.03716	12.825598	2452908.2	275153
276.4737	12.825598	2452908.2	275153
23.833538	12.825598	2452908.2	275153
44.365738	12.825598	2452908.2	275153
197.87352	12.825598	2452908.2	275153
66.70006	-12.825598	2452908.2	275153
79.03671	-12.825598	2452908.2	275153
51.714077	12.825598	2452908.2	275153
95.48284	12.825598	2452908.2	275153
83.159355	-12.825598	2452908.2	275153
73.40881	12.825598	2452908.2	275153
57.611927	12.825598	2452908.2	275153
60.549984	12.825598	2452908.2	275153
98.60163	12.825598	2452908.2	275153
37.74612	12.825598	2452908.2	275153
66.45083	12.825598	2452908.2	275153
52.81147	12.825598	2452908.2	275153
56.554184	12.825598	2452908.2	275153
16.820189	12.825598	2452908.2	275153
125.85664	-12.825598	2452908.2	275153
22.157377	12.825598	2452908.2	275153
188.45657	12.825598	2452908.2	275153
36.50313	12.825598	2452908.2	275153
243.62622	-12.825598	2452908.2	275153
41.553684	12.825598	2452908.2	275153
92.093254	12.825598	2452908.2	275153
72.630035	12.825598	2452908.2	275153
40.441605	12.825598	2452908.2	275153
64.9095	12.825598	2452908.2	275153
50.43832	12.825598	2452908.2	275153
78.5651	-12.825598	2452908.2	275153
48.935658	12.825598	2452908.2	275153
31.376684	12.825598	2452908.2	275153
14.507975	12.825598	2452908.2	275153
120.15736	12.825598	2452908.2	275153
68.88066	-12.825598	2452908.2	275153
77.29375	12.825598	2452908.2	275153
28.14024	12.825598	2452908.2	275153
100.87598	-12.825598	2452908.2	275153
81.99483	-12.825598	2452908.2	275153
59.551487	12.825598	2452908.2	275153
154.03813	12.825598	2452908.2	275153
118.788765	-12.825598	2452908.2	275153
115.56058	12.825598	2452908.2	275153
86.02936	12.825598	2452908.2	275153
25.904408	12.825598	2452908.2	275153
63.89852	12.825598	2452908.2	275153
92.65973	-12.825598	2452908.2	275153
103.01485	12.825598	2452908.2	275153
65.53399	12.825598	2452908.2	275153
25.811277	12.825598	2452908.2	275153
44.885536	12.825598	2452908.2	275153
42.414368	12.825598	2452908.2	275153
57.455925	12.825598	2452908.2	275153
70.17055	-12.825598	2452908.2	275153
19.85449	12.825598	2452908.2	275153
31.311628	12.825598	2452908.2	275153
70.76787	12.825598	2452908.2	275153
100.86826	12.825598	2452908.2	275153
36.224285	-12.825598	2452908.2	275153
57.379585	12.825598	2452908.2	275153
52.18932	12.825598	2452908.2	275153
45.245518	12.825598	2452908.2	275153
89.69351	12.825598	2452908.2	275153
21.69884	12.825598	2452908.2	275153
81.24387	12.825598	2452908.2	275153
138.67285	12.825598	2452908.2	275153
128.20381	12.825598	2452908.2	275153
37.560886	12.825598	2452908.2	275153
76.60559	12.825598	2452908.2	275153
50.461258	12.825598	2452908.2	275153
159.98483	12.825598	2452908.2	275153
124.62499	12.825598	2452908.2	275153
60.69481	12.825598	2452908.2	275153
10.935565	12.825598	2452908.2	275153
33.5006	-12.825598	2452908.2	275153
75.959526	12.825598	2452908.2	275153
38.929317	12.825598	2452908.2	275153
84.45139	12.825598	2452908.2	275153
35.974655	12.825598	2452908.2	275153
33.915134	12.825598	2452908.2	275153
53.21596	12.825598	2452908.2	275153
84.58298	12.825598	2452908.2	275153
90.313736	12.825598	2452908.2	275153
48.43623	12.825598	2452908.2	275153
157.32024	-12.825598	2452908.2	275153
51.18678	12.825598	2452908.2	275153
51.00926	12.825598	2452908.2	275153
28.394552	-12.825598	2452908.2	275153
58.044895	-12.825598	2452908.2	275153
15.153763	12.825598	2452908.2	275153
61.382854	12.825598	2452908.2	275153
21.461374	12.825598	2452908.2	275153
224.55383	-12.825598	2452908.2	275153
209.85573	12.825598	2452908.2	275153
59.715706	12.825598	2452908.2	275153
59.903023	12.825598	2452908.2	275153
36.72636	12.825598	2452908.2	275153
34.16006	12.825598	2452908.2	275153
54.807446	12.825598	2452908.2	275153
27.737005	12.825598	2452908.2	275153
49.289776	12.825598	2452908.2	275153
214.14746	12.825598	2452908.2	275153
31.813257	12.825598	2452908.2	275153
48.527508	12.825598	2452908.2	275153
92.75453	12.825598	2452908.2	275153
31.490648	12.825598	2452908.2	275153
35.856647	12.825598	2452908.2	275153
28.809282	12.825598	2452908.2	275153
54.63941	12.825598	2452908.2	275153
88.24325	12.825598	2452908.2	275153
20.439003	12.825598	2452908.2	275153
92.88542	12.825598	2452908.2	275153
63.98167	12.825598	2452908.2	275153
105.01211	12.825598	2452908.2	275153
80.33068	12.825598	2452908.2	275153
80.360825	12.825598	2452908.2	275153
55.7545	12.825598	2452908.2	275153
37.001217	12.825598	2452908.2	275153
74.767075	12.825598	2452908.2	275153
45.32794	12.825598	2452908.2	275153
68.53863	12.825598	2452908.2	275153
19.460188	12.825598	2452908.2	275153
125.29231	12.825598	2452908.2	275153
144.73563	12.825598	2452908.2	275153
73.25863	12.825598	2452908.2	275153
49.51547	12.825598	2452908.2	275153
58.69007	12.825598	2452908.2	275153
54.33216	12.825598	2452908.2	275153
119.25782	12.825598	2452908.2	275153
37.056187	12.825598	2452908.2	275153
89.63699	12.825598	2452908.2	275153
26.677975	12.825598	2452908.2	275153
46.71272	-12.825598	2452908.2	275153
73.40558	12.825598	2452908.2	275153
16.686062	-12.825598	2452908.2	275153
44.809044	12.825598	2452908.2	275153
33.700676	12.825598	2452908.2	275153
43.173134	12.825598	2452908.2	275153
63.66714	12.825598	2452908.2	275153
53.7485	12.825598	2452908.2	275153
73.03546	12.825598	2452908.2	275153
51.45106	-12.825598	2452908.2	275153
32.870575	12.825598	2452908.2	275153
53.02515	-12.825598	2452908.2	275153
65.86563	12.825598	2452908.2	275153
104.992	-12.825598	2452908.2	275153
56.437145	-12.825598	2452908.2	275153
150.09776	12.825598	2452908.2	275153
57.751747	-12.825598	2452908.2	275153
84.14444	-12.825598	2452908.2	275153
36.560707	-12.825598	2452908.2	275153
62.044765	-12.825598	2452908.2	275153
77.28027	12.825598	2452908.2	275153
33.870716	12.825598	2452908.2	275153
46.982697	12.825598	2452908.2	275153
82.23857	12.825598	2452908.2	275153
143.8316	12.825598	2452908.2	275153
151.18652	12.825598	2452908.2	275153
41.254524	12.825598	2452908.2	275153
75.981834	12.825598	2452908.2	275153
173.9432	12.825598	2452908.2	275153
34.646694	12.825598	2452908.2	275153
115.96707	12.825598	2452908.2	275153
21.701387	12.825598	2452908.2	275153
84.57897	12.825598	2452908.2	275153
141.54794	12.825598	2452908.2	275153
55.27538	12.825598	2452908.2	275153
105.77358	12.825598	2452908.2	275153
81.28211	12.825598	2452908.2	275153
25.392399	12.825598	2452908.2	275153
49.87976	-12.825598	2452908.2	275153
45.637264	-12.825598	2452908.2	275153
21.03646	12.825598	2452908.2	275153
49.91181	12.825598	2452908.2	275153
79.67351	12.825598	2452908.2	275153
106.79746	12.825598	2452908.2	275153
92.44807	12.825598	2452908.2	275153
23.373344	12.825598	2452908.2	275153
23.410337	12.825598	2452908.2	275153
38.79728	12.825598	2452908.2	275153
39.859947	12.825598	2452908.2	275153
23.01316	12.825598	2452908.2	275153
61.694466	12.825598	2452908.2	275153
55.28781	-12.825598	2452908.2	275153
53.637733	-12.825598	2452908.2	275153
41.17705	12.825598	2452908.2	275153
95.026405	12.825598	2452908.2	275153
90.405945	12.825598	2452908.2	275153
126.09753	12.825598	2452908.2	275153
147.57855	12.825598	2452908.2	275153
77.169685	-12.825598	2452908.2	275153
33.490826	12.825598	2452908.2	275153
58.686928	12.825598	2452908.2	275153
72.63012	12.825598	2452908.2	275153
25.269865	-12.825598	2452908.2	275153
32.731766	12.825598	2452908.2	275153
53.052364	12.825598	2452908.2	275153
79.839096	12.825598	2452908.2	275153
106.48404	12.825598	2452908.2	275153
84.541336	12.825598	2452908.2	275153
27.332386	12.825598	2452908.2	275153
55.809517	-12.825598	2452908.2	275153
21.390326	12.825598	2452908.2	275153
39.95524	12.825598	2452908.2	275153
44.1213	12.825598	2452908.2	275153
67.13071	12.825598	2452908.2	275153
36.0565	12.825598	2452908.2	275153
58.807816	12.825598	2452908.2	275153
62.681343	-12.825598	2452908.2	275153
57.17775	12.825598	2452908.2	275153
56.174778	12.825598	2452908.2	275153
38.700176	12.825598	2452908.2	275153
52.252857	-12.825598	2452908.2	275153
15.302824	12.825598	2452908.2	275153
15.443876	12.825598	2452908.2	275153
104.25099	12.825598	2452908.2	275153
41.148323	12.825598	2452908.2	275153
18.325174	12.825598	2452908.2	275153
30.58501	-12.825598	2452908.2	275153
96.92265	12.825598	2452908.2	275153
59.314705	12.825598	2452908.2	275153
51.328423	12.825598	2452908.2	275153
118.84197	-12.825598	2452908.2	275153
40.29531	12.825598	2452908.2	275153
142.61882	12.825598	2452908.2	275153
43.469658	12.825598	2452908.2	275153
47.21369	12.825598	2452908.2	275153
13.119846	-12.825598	2452908.2	275153
31.751017	12.825598	2452908.2	275153
58.514046	12.825598	2452908.2	275153
30.348116	12.825598	2452908.2	275153
65.34396	-12.825598	2452908.2	275153
80.86682	-12.825598	2452908.2	275153
16.26798	12.825598	2452908.2	275153
26.482786	12.825598	2452908.2	275153
36.762794	12.825598	2452908.2	275153
32.244427	-12.825598	2452908.2	275153
70.04105	-12.825598	2452908.2	275153
59.83058	12.825598	2452908.2	275153
119.44088	12.825598	2452908.2	275153
19.98977	-12.825598	2452908.2	275153
165.18596	-12.825598	2452908.2	275153
190.28922	12.825598	2452908.2	275153
25.529394	-12.825598	2452908.2	275153
48.521244	-12.825598	2452908.2	275153
14.921294	12.825598	2452908.2	275153
54.79942	12.825598	2452908.2	275153
31.505117	12.825598	2452908.2	275153
77.68037	12.825598	2452908.2	275153
46.994793	-12.825598	2452908.2	275153
139.16405	12.825598	2452908.2	275153
64.5671	12.825598	2452908.2	275153
59.344833	12.825598	2452908.2	275153
116.806786	12.825598	2452908.2	275153
89.2582	12.825598	2452908.2	275153
15.590639	12.825598	2452908.2	275153
30.8894	12.825598	2452908.2	275153
58.74291	12.825598	2452908.2	275153
79.94887	12.825598	2452908.2	275153
37.414463	12.825598	2452908.2	275153
52.55191	12.825598	2452908.2	275153
20.881626	12.825598	2452908.2	275153
50.35373	12.825598	2452908.2	275153
61.93057	12.825598	2452908.2	275153
24.954502	12.825598	2452908.2	275153
69.692406	12.825598	2452908.2	275153
54.23851	12.825598	2452908.2	275153
79.63253	12.825598	2452908.2	275153
79.20462	12.825598	2452908.2	275153
35.359787	12.825598	2452908.2	275153
60.77822	12.825598	2452908.2	275153
20.553396	12.825598	2452908.2	275153
60.744442	-12.825598	2452908.2	275153
44.175133	12.825598	2452908.2	275153
118.51148	12.825598	2452908.2	275153
116.24517	12.825598	2452908.2	275153
61.64612	12.825598	2452908.2	275153
98.905334	12.825598	2452908.2	275153
123.0648	12.825598	2452908.2	275153
43.095146	12.825598	2452908.2	275153
32.738064	12.825598	2452908.2	275153
94.511795	12.825598	2452908.2	275153
29.42693	12.825598	2452908.2	275153
81.952194	12.825598	2452908.2	275153
35.54072	12.825598	2452908.2	275153
46.20264	12.825598	2452908.2	275153
23.936043	12.825598	2452908.2	275153
96.165924	-12.825598	2452908.2	275153
35.82441	12.825598	2452908.2	275153
44.960228	12.825598	2452908.2	275153
26.841621	12.825598	2452908.2	275153
61.755665	-12.825598	2452908.2	275153
19.737171	12.825598	2452908.2	275153
21.898193	12.825598	2452908.2	275153
21.141996	12.825598	2452908.2	275153
48.775124	12.825598	2452908.2	275153
72.77474	12.825598	2452908.2	275153
14.214274	12.825598	2452908.2	275153
41.21115	12.825598	2452908.2	275153
66.94315	12.825598	2452908.2	275153
55.504765	12.825598	2452908.2	275153
198.33603	12.825598	2452908.2	275153
52.895435	12.825598	2452908.2	275153
41.63849	12.825598	2452908.2	275153
36.327206	12.825598	2452908.2	275153
80.18912	12.825598	2452908.2	275153
87.966995	12.825598	2452908.2	275153
22.940958	12.825598	2452908.2	275153
28.29528	12.825598	2452908.2	275153
34.766544	12.825598	2452908.2	275153
87.98047	12.825598	2452908.2	275153
77.022964	12.825598	2452908.2	275153
35.917446	12.825598	2452908.2	275153
50.80858	12.825598	2452908.2	275153
31.694164	12.825598	2452908.2	275153
122.38118	12.825598	2452908.2	275153
40.091232	12.825598	2452908.2	275153
28.344154	-12.825598	2452908.2	275153
83.14673	12.825598	2452908.2	275153
68.822365	12.825598	2452908.2	275153
56.82717	12.825598	2452908.2	275153
20.802023	12.825598	2452908.2	275153
132.09169	12.825598	2452908.2	275153
26.589214	12.825598	2452908.2	275153
50.147366	12.825598	2452908.2	275153
42.21854	-12.825598	2452908.2	275153
94.37802	-12.825598	2452908.2	275153
47.61557	12.825598	2452908.2	275153
104.46262	12.825598	2452908.2	275153
42.788097	12.825598	2452908.2	275153
56.47426	12.825598	2452908.2	275153
41.36119	12.825598	2452908.2	275153
16.99781	12.825598	2452908.2	275153
20.613888	-12.825598	2452908.2	275153
29.27319	-12.825598	2452908.2	275153
49.957138	12.825598	2452908.2	275153
60.585537	12.825598	2452908.2	275153
63.4393	-12.825598	2452908.2	275153
60.03982	12.825598	2452908.2	275153
128.5789	12.825598	2452908.2	275153
126.31238	12.825598	2452908.2	275153
122.76892	-12.825598	2452908.2	275153
59.68127	-12.825598	2452908.2	275153
63.621704	12.825598	2452908.2	275153
72.84646	12.825598	2452908.2	275153
26.868847	12.825598	2452908.2	275153
23.031239	12.825598	2452908.2	275153
134.76921	12.825598	2452908.2	275153
158.06892	12.825598	2452908.2	275153
44.913105	12.825598	2452908.2	275153
64.80433	12.825598	2452908.2	275153
18.230455	12.825598	2452908.2	275153
41.40808	12.825598	2452908.2	275153
47.26635	12.825598	2452908.2	275153
98.10289	-12.825598	2452908.2	275153
34.819	12.825598	2452908.2	275153
14.083587	12.825598	2452908.2	275153
139.51823	12.825598	2452908.2	275153
29.528255	12.825598	2452908.2	275153
54.033104	12.825598	2452908.2	275153
48.35499	12.825598	2452908.2	275153
82.84219	12.825598	2452908.2	275153
23.956858	12.825598	2452908.2	275153
111.35216	12.825598	2452908.2	275153
28.279676	-12.825598	2452908.2	275153
155.25583	12.825598	2452908.2	275153
32.637856	-12.825598	2452908.2	275153
32.539635	12.825598	2452908.2	275153
54.24329	12.825598	2452908.2	275153
25.019302	12.825598	2452908.2	275153
28.147825	12.825598	2452908.2	275153
31.078503	12.825598	2452908.2	275153
45.151752	-12.825598	2452908.2	275153
38.01851	12.825598	2452908.2	275153
45.037216	12.825598	2452908.2	275153
77.64416	-12.825598	2452908.2	275153
25.86114	12.825598	2452908.2	275153
19.93814	-12.825598	2452908.2	275153
43.79117	12.825598	2452908.2	275153
80.689865	12.825598	2452908.2	275153
26.858282	12.825598	2452908.2	275153
32.9736	12.825598	2452908.2	275153
105.06803	12.825598	2452908.2	275153
184.9659	12.825598	2452908.2	275153
153.55324	12.825598	2452908.2	275153
70.473236	-12.825598	2452908.2	275153
53.52665	12.825598	2452908.2	275153
40.20392	12.825598	2452908.2	275153
39.42318	-12.825598	2452908.2	275153
37.150936	12.825598	2452908.2	275153
79.26263	12.825598	2452908.2	275153
120.25863	12.825598	2452908.2	275153
37.857525	12.825598	2452908.2	275153
41.274097	-12.825598	2452908.2	275153
100.779015	12.825598	2452908.2	275153
26.016453	-12.825598	2452908.2	275153
48.66619	12.825598	2452908.2	275153
68.03751	12.825598	2452908.2	275153
66.714615	12.825598	2452908.2	275153
89.4264	-12.825598	2452908.2	275153
68.68216	12.825598	2452908.2	275153
58.02377	12.825598	2452908.2	275153
63.0385	12.825598	2452908.2	275153
169.91727	12.825598	2452908.2	275153
45.434574	12.825598	2452908.2	275153
197.9016	12.825598	2452908.2	275153
62.936146	12.825598	2452908.2	275153
35.08336	-12.825598	2452908.2	275153
58.423656	12.825598	2452908.2	275153
55.187363	12.825598	2452908.2	275153
61.462933	-12.825598	2452908.2	275153
36.7288	12.825598	2452908.2	275153
18.457455	12.825598	2452908.2	275153
35.385212	12.825598	2452908.2	275153
25.178755	-12.825598	2452908.2	275153
70.42063	12.825598	2452908.2	275153
77.6901	12.825598	2452908.2	275153
57.74379	12.825598	2452908.2	275153
102.89716	-12.825598	2452908.2	275153
83.32158	12.825598	2452908.2	275153
123.280785	12.825598	2452908.2	275153
61.959373	12.825598	2452908.2	275153
41.211132	12.825598	2452908.2	275153
182.22084	-12.825598	2452908.2	275153
39.49641	12.825598	2452908.2	275153
92.956474	12.825598	2452908.2	275153
24.696138	12.825598	2452908.2	275153
116.80009	12.825598	2452908.2	275153
149.77809	12.825598	2452908.2	275153
104.62107	-12.825598	2452908.2	275153
104.078964	-12.825598	2452908.2	275153
70.20135	12.825598	2452908.2	275153
87.83097	12.825598	2452908.2	275153
90.89068	12.825598	2452908.2	275153
58.80073	12.825598	2452908.2	275153
45.91932	12.825598	2452908.2	275153
44.231327	-12.825598	2452908.2	275153
33.900745	12.825598	2452908.2	275153
28.691742	-12.825598	2452908.2	275153
35.60689	12.825598	2452908.2	275153
60.811474	12.825598	2452908.2	275153
52.315765	-12.825598	2452908.2	275153
16.014612	-12.825598	2452908.2	275153
40.382362	12.825598	2452908.2	275153
21.894258	12.825598	2452908.2	275153
189.2761	-12.825598	2452908.2	275153
28.976656	12.825598	2452908.2	275153
58.675102	12.825598	2452908.2	275153
99.39974	12.825598	2452908.2	275153
87.96341	12.825598	2452908.2	275153
24.778708	12.825598	2452908.2	275153
79.532585	-12.825598	2452908.2	275153
64.540955	-12.825598	2452908.2	275153
21.242826	-12.825598	2452908.2	275153
91.26596	12.825598	2452908.2	275153
48.636074	12.825598	2452908.2	275153
24.60617	12.825598	2452908.2	275153
63.363182	12.825598	2452908.2	275153
76.33576	12.825598	2452908.2	275153
22.99501	12.825598	2452908.2	275153
67.04102	-12.825598	2452908.2	275153
109.593735	12.825598	2452908.2	275153
51.920963	12.825598	2452908.2	275153
111.67008	-12.825598	2452908.2	275153
64.86795	12.825598	2452908.2	275153
68.1828	12.825598	2452908.2	275153
91.58948	12.825598	2452908.2	275153
17.843504	12.825598	2452908.2	275153
19.539099	12.825598	2452908.2	275153
29.800842	-12.825598	2452908.2	275153
51.435463	12.825598	2452908.2	275153
76.010025	12.825598	2452908.2	275153
39.212482	12.825598	2452908.2	275153
47.672817	-12.825598	2452908.2	275153
63.658443	12.825598	2452908.2	275153
39.43816	12.825598	2452908.2	275153
94.72873	-12.825598	2452908.2	275153
60.04836	12.825598	2452908.2	275153
44.86399	12.825598	2452908.2	275153
19.537558	12.825598	2452908.2	275153
136.96304	12.825598	2452908.2	275153
46.689114	-12.825598	2452908.2	275153
41.098476	12.825598	2452908.2	275153
67.52071	-12.825598	2452908.2	275153
73.29794	12.825598	2452908.2	275153
63.951748	12.825598	2452908.2	275153
41.975586	12.825598	2452908.2	275153
81.465195	12.825598	2452908.2	275153
144.40167	12.825598	2452908.2	275153
72.86785	12.825598	2452908.2	275153
67.844345	12.825598	2452908.2	275153
44.889305	12.825598	2452908.2	275153
228.43678	12.825598	2452908.2	275153
382.1218	12.825598	2452908.2	275153
68.97984	12.825598	2452908.2	275153
26.93229	12.825598	2452908.2	275153
182.39113	12.825598	2452908.2	275153
63.269676	12.825598	2452908.2	275153
39.68629	-12.825598	2452908.2	275153
45.09753	12.825598	2452908.2	275153
125.38021	-12.825598	2452908.2	275153
68.99523	12.825598	2452908.2	275153
19.51548	12.825598	2452908.2	275153
57.21266	12.825598	2452908.2	275153
40.295258	12.825598	2452908.2	275153
14.728363	-12.825598	2452908.2	275153
90.76685	12.825598	2452908.2	275153
52.96696	12.825598	2452908.2	275153
46.361137	12.825598	2452908.2	275153
31.27396	12.825598	2452908.2	275153
145.27966	12.825598	2452908.2	275153
49.8623	12.825598	2452908.2	275153
66.592064	12.825598	2452908.2	275153
30.844992	12.825598	2452908.2	275153
119.86837	12.825598	2452908.2	275153
26.492905	12.825598	2452908.2	275153
22.313335	12.825598	2452908.2	275153
113.209335	-12.825598	2452908.2	275153
152.95708	12.825598	2452908.2	275153
58.044247	12.825598	2452908.2	275153
84.45134	12.825598	2452908.2	275153
23.267271	12.825598	2452908.2	275153
106.40441	12.825598	2452908.2	275153
37.140427	12.825598	2452908.2	275153
38.801975	12.825598	2452908.2	275153
106.61832	12.825598	2452908.2	275153
45.802937	12.825598	2452908.2	275153
99.17371	-12.825598	2452908.2	275153
45.39795	12.825598	2452908.2	275153
103.14833	12.825598	2452908.2	275153
46.446136	-12.825598	2452908.2	275153
37.09308	12.825598	2452908.2	275153
39.419876	12.825598	2452908.2	275153
89.972466	12.825598	2452908.2	275153
62.835423	-12.825598	2452908.2	275153
77.28657	12.825598	2452908.2	275153
37.958023	12.825598	2452908.2	275153
117.32081	-12.825598	2452908.2	275153
31.761778	-12.825598	2452908.2	275153
41.835842	12.825598	2452908.2	275153
39.40897	-12.825598	2452908.2	275153
49.525703	12.825598	2452908.2	275153
63.48292	12.825598	2452908.2	275153
28.726974	12.825598	2452908.2	275153
74.01125	12.825598	2452908.2	275153
31.899326	12.825598	2452908.2	275153
32.784817	12.825598	2452908.2	275153
83.189545	-12.825598	2452908.2	275153
121.88125	12.825598	2452908.2	275153
33.40811	-12.825598	2452908.2	275153
16.39632	12.825598	2452908.2	275153
77.526665	-12.825598	2452908.2	275153
23.928232	12.825598	2452908.2	275153
82.16101	12.825598	2452908.2	275153
23.88419	12.825598	2452908.2	275153
32.796864	12.825598	2452908.2	275153
37.87271	12.825598	2452908.2	275153
83.14618	12.825598	2452908.2	275153
47.92768	-12.825598	2452908.2	275153
97.65845	12.825598	2452908.2	275153
93.330635	12.825598	2452908.2	275153
25.978796	12.825598	2452908.2	275153
28.96217	12.825598	2452908.2	275153
30.464396	12.825598	2452908.2	275153
79.10011	-12.825598	2452908.2	275153
82.00705	12.825598	2452908.2	275153
59.064495	12.825598	2452908.2	275153
72.26953	12.825598	2452908.2	275153
46.73386	12.825598	2452908.2	275153
28.1729	12.825598	2452908.2	275153
77.871895	-12.825598	2452908.2	275153
99.272415	12.825598	2452908.2	275153
24.6017	12.825598	2452908.2	275153
60.23532	-12.825598	2452908.2	275153
257.16577	12.825598	2452908.2	275153
60.190228	12.825598	2452908.2	275153
24.71776	12.825598	2452908.2	275153
157.37901	12.825598	2452908.2	275153
67.962326	12.825598	2452908.2	275153
44.74854	12.825598	2452908.2	275153
43.566677	12.825598	2452908.2	275153
59.948627	12.825598	2452908.2	275153
38.30608	12.825598	2452908.2	275153
132.91577	12.825598	2452908.2	275153
20.019598	12.825598	2452908.2	275153
61.023872	12.825598	2452908.2	275153
44.024147	12.825598	2452908.2	275153
106.22667	12.825598	2452908.2	275153
31.821918	12.825598	2452908.2	275153
56.118168	12.825598	2452908.2	275153
151.49295	12.825598	2452908.2	275153
68.30511	12.825598	2452908.2	275153
195.20221	-12.825598	2452908.2	275153
76.168884	12.825598	2452908.2	275153
100.67036	12.825598	2452908.2	275153
382.8115	12.825598	2452908.2	275153
68.61285	12.825598	2452908.2	275153
301.0031	12.825598	2452908.2	275153
25.64259	12.825598	2452908.2	275153
42.253597	12.825598	2452908.2	275153
34.68807	-12.825598	2452908.2	275153
183.18988	12.825598	2452908.2	275153
269.37344	12.825598	2452908.2	275153
33.454914	12.825598	2452908.2	275153
44.85809	-12.825598	2452908.2	275153
164.05179	12.825598	2452908.2	275153
76.23219	12.825598	2452908.2	275153
41.74491	12.825598	2452908.2	275153
53.917526	12.825598	2452908.2	275153
41.977345	-12.825598	2452908.2	275153
53.013073	12.825598	2452908.2	275153
53.763077	12.825598	2452908.2	275153
53.81524	12.825598	2452908.2	275153
15.269472	12.825598	2452908.2	275153
85.707375	12.825598	2452908.2	275153
51.62248	12.825598	2452908.2	275153
38.898643	12.825598	2452908.2	275153
156.88382	12.825598	2452908.2	275153
134.38673	12.825598	2452908.2	275153
38.286102	-12.825598	2452908.2	275153
117.15122	-12.825598	2452908.2	275153
74.89543	12.825598	2452908.2	275153
65.8943	-12.825598	2452908.2	275153
51.86573	12.825598	2452908.2	275153
80.57267	12.825598	2452908.2	275153
82.48338	-12.825598	2452908.2	275153
42.09512	-12.825598	2452908.2	275153
91.82402	12.825598	2452908.2	275153
61.0824	-12.825598	2452908.2	275153
41.415043	-12.825598	2452908.2	275153
90.67242	12.825598	2452908.2	275153
24.693995	12.825598	2452908.2	275153
52.19671	12.825598	2452908.2	275153
58.56489	12.825598	2452908.2	275153
38.124023	12.825598	2452908.2	275153
52.617596	12.825598	2452908.2	275153
49.287205	12.825598	2452908.2	275153
69.959724	12.825598	2452908.2	275153
95.84681	-12.825598	2452908.2	275153
41.518005	12.825598	2452908.2	275153
109.255356	-12.825598	2452908.2	275153
43.80223	12.825598	2452908.2	275153
209.2194	12.825598	2452908.2	275153
42.007145	12.825598	2452908.2	275153
76.72246	12.825598	2452908.2	275153
74.13844	12.825598	2452908.2	275153
134.51173	-12.825598	2452908.2	275153
62.6619	12.825598	2452908.2	275153
22.389729	-12.825598	2452908.2	275153
27.446869	12.825598	2452908.2	275153
20.770956	12.825598	2452908.2	275153
82.60442	12.825598	2452908.2	275153
71.425644	12.825598	2452908.2	275153
67.11488	12.825598	2452908.2	275153
47.406467	12.825598	2452908.2	275153
71.46362	12.825598	2452908.2	275153
61.328552	12.825598	2452908.2	275153
28.13569	-12.825598	2452908.2	275153
104.729416	-12.825598	2452908.2	275153
32.306347	-12.825598	2452908.2	275153
59.9289	12.825598	2452908.2	275153
66.00991	-12.825598	2452908.2	275153
25.13133	12.825598	2452908.2	275153
69.36067	12.825598	2452908.2	275153
27.16139	-12.825598	2452908.2	275153
52.618816	-12.825598	2452908.2	275153
79.31884	12.825598	2452908.2	275153
48.01679	12.825598	2452908.2	275153
103.777084	12.825598	2452908.2	275153
55.795303	12.825598	2452908.2	275153
108.65538	12.825598	2452908.2	275153
110.84708	12.825598	2452908.2	275153
14.761066	12.825598	2452908.2	275153
24.972467	-12.825598	2452908.2	275153
68.530685	-12.825598	2452908.2	275153
93.61169	-12.825598	2452908.2	275153
193.8312	12.825598	2452908.2	275153
59.70388	12.825598	2452908.2	275153
113.397606	12.825598	2452908.2	275153
161.0053	12.825598	2452908.2	275153
140.08939	12.825598	2452908.2	275153
92.66705	12.825598	2452908.2	275153
44.574577	12.825598	2452908.2	275153
69.98089	-12.825598	2452908.2	275153
40.071796	-12.825598	2452908.2	275153
68.917915	-12.825598	2452908.2	275153
32.43455	12.825598	2452908.2	275153
53.17694	-12.825598	2452908.2	275153
20.192009	12.825598	2452908.2	275153
61.897415	-12.825598	2452908.2	275153
40.384132	12.825598	2452908.2	275153
43.133038	12.825598	2452908.2	275153
89.68882	12.825598	2452908.2	275153
97.5006	12.825598	2452908.2	275153
94.1522	-12.825598	2452908.2	275153
48.19164	12.825598	2452908.2	275153
71.30134	12.825598	2452908.2	275153
228.88002	12.825598	2452908.2	275153
81.42011	12.825598	2452908.2	275153
35.39143	12.825598	2452908.2	275153
49.043537	12.825598	2452908.2	275153
61.322052	12.825598	2452908.2	275153
41.7682	12.825598	2452908.2	275153
84.19585	12.825598	2452908.2	275153
59.42579	-12.825598	2452908.2	275153
87.10456	12.825598	2452908.2	275153
185.12286	12.825598	2452908.2	275153
33.072556	-12.825598	2452908.2	275153
90.12571	12.825598	2452908.2	275153
77.84912	-12.825598	2452908.2	275153
47.576134	12.825598	2452908.2	275153
79.9246	12.825598	2452908.2	275153
54.023666	12.825598	2452908.2	275153
42.455025	-12.825598	2452908.2	275153
24.136282	12.825598	2452908.2	275153
106.80442	-12.825598	2452908.2	275153
77.81862	12.825598	2452908.2	275153
101.7666	-12.825598	2452908.2	275153
56.70895	12.825598	2452908.2	275153
165.03479	12.825598	2452908.2	275153
31.51088	12.825598	2452908.2	275153
126.95612	-12.825598	2452908.2	275153
37.836582	12.825598	2452908.2	275153
32.671658	-12.825598	2452908.2	275153
38.700466	-12.825598	2452908.2	275153
55.8026	12.825598	2452908.2	275153
44.191116	12.825598	2452908.2	275153
85.194435	-12.825598	2452908.2	275153
58.5449	12.825598	2452908.2	275153
66.6058	12.825598	2452908.2	275153
23.994495	12.825598	2452908.2	275153
21.4119	12.825598	2452908.2	275153
76.588234	12.825598	2452908.2	275153
39.464756	12.825598	2452908.2	275153
34.886124	-12.825598	2452908.2	275153
