lep_pt	AK8_pt	AK4_pt	M_sd	genWeights	sumWeight	N_exp
371.6694	480.75	202.125	183.625	0.49554962	289558.6	35563
177.01717	374.25	37.75	96.5625	0.49554962	289558.6	35563
323.7455	602.5	110.0	195.0	0.49554962	289558.6	35563
242.6174	259.75	55.96875	86.0	0.49554962	289558.6	35563
145.05759	408.5	59.0	196.375	0.49554962	289558.6	35563
137.08118	566.5	120.1875	178.375	0.49554962	289558.6	35563
181.47157	348.5	29.734375	105.0625	0.49554962	289558.6	35563
47.181137	260.25	153.625	104.4375	-0.49554962	289558.6	35563
236.979	360.75	114.9375	136.5	0.49554962	289558.6	35563
163.68591	1015.5	67.75	74.0	0.49554962	289558.6	35563
165.57645	551.5	103.4375	187.625	-0.49554962	289558.6	35563
95.84216	373.25	40.8125	150.875	0.49554962	289558.6	35563
205.84612	440.75	161.0	193.875	0.49554962	289558.6	35563
192.82639	509.5	49.15625	68.25	-0.49554962	289558.6	35563
197.63878	279.0	33.3125	133.375	0.49554962	289558.6	35563
128.41249	388.0	141.375	180.375	0.49554962	289558.6	35563
100.50798	222.0	87.9375	109.4375	0.49554962	289558.6	35563
170.45123	282.0	37.8125	94.875	0.49554962	289558.6	35563
201.4941	425.5	121.125	165.5	-0.49554962	289558.6	35563
142.86427	399.75	122.3125	186.375	0.49554962	289558.6	35563
104.72784	344.5	26.578125	8.234375	0.49554962	289558.6	35563
143.94257	336.25	43.03125	147.875	0.49554962	289558.6	35563
131.9651	485.0	31.375	136.625	-0.49554962	289558.6	35563
265.41122	893.5	72.1875	125.75	-0.49554962	289558.6	35563
486.46768	415.75	123.4375	182.0	0.49554962	289558.6	35563
70.53547	539.0	80.8125	180.75	0.49554962	289558.6	35563
149.59148	517.5	27.734375	129.375	0.49554962	289558.6	35563
168.65205	272.0	121.3125	120.125	0.49554962	289558.6	35563
126.671684	365.75	54.125	124.375	0.49554962	289558.6	35563
105.285835	377.5	53.1875	120.8125	0.49554962	289558.6	35563
153.6454	716.0	32.21875	85.25	-0.49554962	289558.6	35563
169.36774	493.75	108.125	182.5	0.49554962	289558.6	35563
140.17049	381.5	69.25	134.5	0.49554962	289558.6	35563
233.78574	330.0	90.1875	115.5	0.49554962	289558.6	35563
250.58415	303.5	34.125	77.5	-0.49554962	289558.6	35563
487.0052	494.0	117.4375	152.0	0.49554962	289558.6	35563
299.61755	511.5	88.8125	129.5	-0.49554962	289558.6	35563
66.92332	363.5	49.75	4.8867188	0.49554962	289558.6	35563
69.99042	463.5	72.3125	111.625	0.49554962	289558.6	35563
54.710384	317.75	126.5625	116.125	0.49554962	289558.6	35563
53.278584	386.0	69.6875	3.3925781	0.49554962	289558.6	35563
288.21957	295.5	56.75	97.125	0.49554962	289558.6	35563
403.51825	831.0	90.0625	176.25	-0.49554962	289558.6	35563
63.679066	294.25	94.375	142.0	0.49554962	289558.6	35563
64.33343	466.5	122.5	184.125	0.49554962	289558.6	35563
228.99821	353.75	152.625	176.75	-0.49554962	289558.6	35563
319.8202	379.75	175.375	110.1875	0.49554962	289558.6	35563
163.63954	635.5	88.8125	140.5	-0.49554962	289558.6	35563
72.61621	369.0	102.3125	95.625	-0.49554962	289558.6	35563
227.57516	351.25	26.03125	143.75	0.49554962	289558.6	35563
126.37377	772.5	97.6875	186.25	0.49554962	289558.6	35563
387.58334	478.5	140.75	181.25	-0.49554962	289558.6	35563
83.01694	465.0	85.625	105.0	0.49554962	289558.6	35563
208.77486	330.75	80.8125	113.5625	0.49554962	289558.6	35563
131.17168	408.75	92.1875	149.25	0.49554962	289558.6	35563
403.3954	462.25	117.3125	198.25	0.49554962	289558.6	35563
215.20714	386.75	25.859375	147.375	0.49554962	289558.6	35563
234.84673	371.0	171.125	145.0	0.49554962	289558.6	35563
85.14834	477.0	130.5	189.125	0.49554962	289558.6	35563
121.300476	343.25	120.3125	146.5	0.49554962	289558.6	35563
76.64749	484.75	30.765625	127.6875	0.49554962	289558.6	35563
117.4736	577.5	102.8125	169.5	-0.49554962	289558.6	35563
78.34537	328.0	61.875	102.9375	-0.49554962	289558.6	35563
188.76952	636.5	156.75	179.875	0.49554962	289558.6	35563
298.59976	226.375	44.0	81.75	0.49554962	289558.6	35563
165.87912	306.5	65.5625	141.75	0.49554962	289558.6	35563
169.11363	413.25	70.6875	167.25	0.49554962	289558.6	35563
150.3283	378.0	113.125	167.375	-0.49554962	289558.6	35563
235.10684	399.75	32.6875	142.625	0.49554962	289558.6	35563
73.028625	638.0	131.625	15.8828125	-0.49554962	289558.6	35563
386.65842	558.0	29.625	170.75	-0.49554962	289558.6	35563
188.4322	284.75	72.1875	77.375	0.49554962	289558.6	35563
96.83497	548.0	191.75	260.75	0.49554962	289558.6	35563
197.1031	418.0	80.5625	151.25	0.49554962	289558.6	35563
144.37138	268.0	59.1875	109.1875	0.49554962	289558.6	35563
101.25419	351.25	69.75	132.375	0.49554962	289558.6	35563
140.00252	439.0	136.75	148.0	0.49554962	289558.6	35563
84.645775	293.75	64.1875	88.6875	-0.49554962	289558.6	35563
158.16269	323.5	54.59375	92.125	0.49554962	289558.6	35563
271.87753	538.0	104.5	148.5	0.49554962	289558.6	35563
183.14766	441.25	97.3125	180.125	-0.49554962	289558.6	35563
104.80367	451.0	33.84375	169.25	0.49554962	289558.6	35563
55.508408	270.75	107.375	119.8125	0.49554962	289558.6	35563
57.22888	273.5	74.625	124.375	-0.49554962	289558.6	35563
336.35907	574.0	94.0	182.625	0.49554962	289558.6	35563
244.42223	355.0	93.625	154.0	-0.49554962	289558.6	35563
167.71205	665.5	33.0	174.5	-0.49554962	289558.6	35563
47.13492	384.5	122.125	148.0	0.49554962	289558.6	35563
237.53212	288.0	88.5625	86.3125	0.49554962	289558.6	35563
225.14742	239.125	138.0	117.25	0.49554962	289558.6	35563
83.59628	439.0	56.84375	194.875	0.49554962	289558.6	35563
93.3592	388.0	105.9375	151.625	0.49554962	289558.6	35563
146.5867	273.5	58.4375	79.625	-0.49554962	289558.6	35563
187.76903	366.5	90.75	148.75	0.49554962	289558.6	35563
112.21282	361.75	118.625	152.625	-0.49554962	289558.6	35563
280.4641	557.0	59.4375	256.25	-0.49554962	289558.6	35563
152.71364	405.0	40.96875	140.625	0.49554962	289558.6	35563
200.06628	357.5	65.6875	97.3125	0.49554962	289558.6	35563
426.29654	430.5	91.5	154.375	0.49554962	289558.6	35563
243.33244	424.0	25.625	155.375	-0.49554962	289558.6	35563
118.70677	342.0	34.5625	144.25	0.49554962	289558.6	35563
214.76959	366.25	127.3125	2.15625	0.49554962	289558.6	35563
484.3268	782.5	53.21875	197.0	0.49554962	289558.6	35563
224.3043	373.25	122.3125	55.71875	-0.49554962	289558.6	35563
96.11295	367.25	32.78125	118.625	0.49554962	289558.6	35563
185.09123	212.25	76.1875	79.625	0.49554962	289558.6	35563
189.00966	345.25	114.3125	155.125	0.49554962	289558.6	35563
350.49127	664.0	113.9375	169.375	0.49554962	289558.6	35563
226.2317	315.75	137.375	144.25	-0.49554962	289558.6	35563
325.3061	715.5	95.875	131.5	0.49554962	289558.6	35563
62.704308	439.0	141.375	146.0	0.49554962	289558.6	35563
161.77574	269.25	142.25	113.5625	-0.49554962	289558.6	35563
71.654945	293.75	78.5625	54.59375	-0.49554962	289558.6	35563
382.21136	442.5	135.875	9.0390625	0.49554962	289558.6	35563
104.3724	204.25	61.03125	75.5	0.49554962	289558.6	35563
89.57776	441.5	71.125	163.875	0.49554962	289558.6	35563
277.97995	635.0	74.0	195.625	0.49554962	289558.6	35563
80.64592	301.0	58.09375	104.5625	-0.49554962	289558.6	35563
170.98402	390.75	45.5625	112.3125	-0.49554962	289558.6	35563
248.45863	263.25	36.625	120.5625	0.49554962	289558.6	35563
402.23132	306.25	121.375	119.5625	0.49554962	289558.6	35563
194.67445	548.0	157.25	1.7705078	0.49554962	289558.6	35563
139.38419	364.25	39.09375	164.25	0.49554962	289558.6	35563
133.05438	363.25	86.625	106.125	0.49554962	289558.6	35563
847.79	1378.0	62.15625	168.625	-0.49554962	289558.6	35563
484.15756	904.5	33.4375	133.0	-0.49554962	289558.6	35563
80.60406	322.5	86.3125	108.5	0.49554962	289558.6	35563
271.82495	445.0	33.65625	166.375	0.49554962	289558.6	35563
136.2798	421.75	80.3125	169.0	-0.49554962	289558.6	35563
372.9273	483.0	66.0	183.0	-0.49554962	289558.6	35563
212.61372	271.25	55.9375	102.125	-0.49554962	289558.6	35563
150.08264	346.75	31.5625	82.0	0.49554962	289558.6	35563
75.57711	238.5	68.3125	102.6875	0.49554962	289558.6	35563
157.74762	260.5	77.0	137.875	0.49554962	289558.6	35563
80.87899	383.5	112.375	142.125	0.49554962	289558.6	35563
283.3754	464.0	42.8125	183.0	0.49554962	289558.6	35563
69.65645	351.0	107.5	16.171875	0.49554962	289558.6	35563
63.37036	421.0	87.625	180.75	0.49554962	289558.6	35563
146.10393	220.75	46.8125	81.6875	-0.49554962	289558.6	35563
108.32087	582.5	39.25	172.875	0.49554962	289558.6	35563
157.44518	366.5	25.09375	144.0	-0.49554962	289558.6	35563
148.44559	270.25	107.5	106.4375	0.49554962	289558.6	35563
142.65436	238.125	110.375	91.5	0.49554962	289558.6	35563
78.73451	239.25	32.6875	120.3125	-0.49554962	289558.6	35563
63.870544	392.25	79.5	175.0	-0.49554962	289558.6	35563
163.87521	324.5	40.03125	116.8125	0.49554962	289558.6	35563
98.00406	546.5	139.375	185.75	0.49554962	289558.6	35563
125.83822	627.0	67.5	95.6875	0.49554962	289558.6	35563
147.71048	387.0	74.25	176.75	0.49554962	289558.6	35563
154.75687	318.25	88.6875	90.875	-0.49554962	289558.6	35563
116.153305	289.75	58.6875	141.25	0.49554962	289558.6	35563
333.13052	255.375	39.375	111.5625	-0.49554962	289558.6	35563
592.7652	496.75	124.625	69.1875	0.49554962	289558.6	35563
177.44398	409.75	69.125	98.4375	0.49554962	289558.6	35563
306.17792	483.0	122.1875	184.125	0.49554962	289558.6	35563
222.55789	449.25	87.9375	72.5	0.49554962	289558.6	35563
270.82822	460.25	43.34375	92.875	-0.49554962	289558.6	35563
205.09056	315.5	78.1875	101.5625	0.49554962	289558.6	35563
237.27611	532.5	68.875	160.25	0.49554962	289558.6	35563
104.10167	418.75	68.9375	169.75	0.49554962	289558.6	35563
254.22592	664.5	136.5	131.0	-0.49554962	289558.6	35563
154.99509	593.0	77.0	140.125	0.49554962	289558.6	35563
140.08391	268.75	52.71875	104.75	0.49554962	289558.6	35563
66.80852	353.75	46.125	132.375	0.49554962	289558.6	35563
267.01004	339.0	152.25	135.0	0.49554962	289558.6	35563
80.29983	278.25	140.875	56.09375	0.49554962	289558.6	35563
290.664	425.25	75.4375	209.0	-0.49554962	289558.6	35563
123.06496	430.0	135.0	105.5	0.49554962	289558.6	35563
244.21375	409.0	155.5	160.875	0.49554962	289558.6	35563
125.55675	333.25	116.4375	125.25	0.49554962	289558.6	35563
163.25615	283.0	77.5625	132.75	0.49554962	289558.6	35563
262.19113	382.5	47.90625	99.875	-0.49554962	289558.6	35563
200.20467	398.0	127.125	176.5	-0.49554962	289558.6	35563
114.509636	414.0	142.875	118.375	0.49554962	289558.6	35563
226.73373	407.75	72.5	131.875	0.49554962	289558.6	35563
83.82348	472.75	31.671875	119.0	0.49554962	289558.6	35563
235.98177	393.25	63.28125	108.625	-0.49554962	289558.6	35563
165.86665	371.0	121.9375	119.8125	0.49554962	289558.6	35563
215.26813	351.75	109.6875	76.9375	0.49554962	289558.6	35563
257.63437	443.5	43.75	101.75	-0.49554962	289558.6	35563
216.70067	310.0	151.25	135.875	-0.49554962	289558.6	35563
112.563614	370.5	115.6875	143.375	-0.49554962	289558.6	35563
131.4265	396.75	35.21875	134.875	-0.49554962	289558.6	35563
247.79778	331.25	55.90625	134.625	0.49554962	289558.6	35563
394.8027	490.75	70.75	141.5	0.49554962	289558.6	35563
86.38823	594.0	55.5625	160.875	-0.49554962	289558.6	35563
332.98868	576.5	70.8125	168.125	0.49554962	289558.6	35563
57.643982	922.5	184.75	342.75	0.49554962	289558.6	35563
216.61317	590.0	110.0625	160.75	0.49554962	289558.6	35563
269.27924	408.75	71.875	151.125	0.49554962	289558.6	35563
119.66708	359.0	106.375	181.25	0.49554962	289558.6	35563
71.93886	395.0	92.4375	179.0	0.49554962	289558.6	35563
194.02538	436.25	112.625	148.125	0.49554962	289558.6	35563
353.1969	1085.0	29.03125	130.375	0.49554962	289558.6	35563
58.92199	314.75	102.75	115.4375	0.49554962	289558.6	35563
127.02267	617.0	28.34375	91.5	-0.49554962	289558.6	35563
156.67981	304.75	88.9375	100.625	0.49554962	289558.6	35563
166.69113	380.0	135.5	169.25	0.49554962	289558.6	35563
142.37457	384.0	49.5	172.125	0.49554962	289558.6	35563
70.41364	425.0	141.125	194.125	-0.49554962	289558.6	35563
159.43037	464.0	100.75	173.375	0.49554962	289558.6	35563
122.837364	743.5	25.828125	187.5	0.49554962	289558.6	35563
202.71036	305.5	109.1875	137.75	0.49554962	289558.6	35563
266.0596	273.0	52.125	107.625	0.49554962	289558.6	35563
249.40558	581.0	120.25	179.125	-0.49554962	289558.6	35563
48.818325	641.5	102.75	13.09375	0.49554962	289558.6	35563
280.25766	536.5	105.5	146.5	0.49554962	289558.6	35563
92.201126	330.5	153.375	121.125	0.49554962	289558.6	35563
76.89247	242.625	99.9375	88.0	-0.49554962	289558.6	35563
160.60437	526.0	104.5625	103.625	0.49554962	289558.6	35563
377.17496	466.5	76.375	160.25	0.49554962	289558.6	35563
223.67386	279.5	98.4375	8.90625	-0.49554962	289558.6	35563
271.39975	400.5	119.125	185.75	-0.49554962	289558.6	35563
162.11906	460.0	142.625	178.125	-0.49554962	289558.6	35563
150.06355	272.75	61.875	113.3125	-0.49554962	289558.6	35563
202.10127	339.5	111.5	137.75	0.49554962	289558.6	35563
245.71623	352.0	140.5	119.3125	-0.49554962	289558.6	35563
506.4415	748.0	162.875	206.5	0.49554962	289558.6	35563
140.19644	319.0	36.6875	138.875	0.49554962	289558.6	35563
218.43736	250.375	84.0625	113.3125	-0.49554962	289558.6	35563
59.616627	549.0	35.375	224.875	0.49554962	289558.6	35563
329.68875	441.0	93.25	96.0	0.49554962	289558.6	35563
330.7645	520.0	71.5	157.875	0.49554962	289558.6	35563
108.551056	280.75	152.625	124.875	-0.49554962	289558.6	35563
482.61005	686.5	147.125	177.5	-0.49554962	289558.6	35563
181.38629	330.5	78.125	154.125	-0.49554962	289558.6	35563
153.82687	215.0	35.625	94.0	0.49554962	289558.6	35563
59.53958	467.25	98.1875	147.125	0.49554962	289558.6	35563
142.6678	346.0	31.375	146.625	-0.49554962	289558.6	35563
33.148113	266.0	30.09375	69.25	-0.49554962	289558.6	35563
149.27625	298.0	42.71875	137.75	0.49554962	289558.6	35563
259.47568	342.0	136.125	127.5	0.49554962	289558.6	35563
266.49838	363.0	111.0625	130.75	0.49554962	289558.6	35563
276.06454	399.25	80.1875	166.75	0.49554962	289558.6	35563
119.201935	463.75	114.4375	174.75	0.49554962	289558.6	35563
116.47913	230.875	104.125	94.9375	-0.49554962	289558.6	35563
183.98691	285.0	96.3125	102.9375	-0.49554962	289558.6	35563
268.75082	211.25	62.65625	77.125	-0.49554962	289558.6	35563
228.14545	523.5	35.4375	207.0	0.49554962	289558.6	35563
151.70383	438.0	126.4375	196.875	0.49554962	289558.6	35563
86.42632	365.25	93.875	90.6875	0.49554962	289558.6	35563
75.5625	260.5	123.375	99.8125	0.49554962	289558.6	35563
102.5287	388.0	68.3125	137.25	0.49554962	289558.6	35563
113.7156	443.75	124.625	181.125	0.49554962	289558.6	35563
311.13568	495.25	35.0625	62.75	0.49554962	289558.6	35563
205.95024	330.0	72.6875	130.5	0.49554962	289558.6	35563
164.0707	536.0	33.15625	174.625	0.49554962	289558.6	35563
133.4223	305.25	35.625	121.875	0.49554962	289558.6	35563
181.42831	305.0	39.875	144.125	0.49554962	289558.6	35563
53.67486	416.75	115.6875	172.875	0.49554962	289558.6	35563
173.24388	334.5	55.46875	139.125	0.49554962	289558.6	35563
103.13369	543.0	77.3125	124.0	0.49554962	289558.6	35563
200.51584	287.75	61.21875	39.4375	0.49554962	289558.6	35563
158.1676	401.5	27.09375	143.625	0.49554962	289558.6	35563
125.23465	419.25	58.8125	161.75	-0.49554962	289558.6	35563
161.44969	215.0	105.875	92.9375	0.49554962	289558.6	35563
217.34338	350.0	98.0625	113.25	-0.49554962	289558.6	35563
170.80363	435.0	86.375	113.0625	-0.49554962	289558.6	35563
188.54265	497.25	109.8125	178.875	0.49554962	289558.6	35563
101.07978	305.75	98.5	140.625	0.49554962	289558.6	35563
71.53484	294.5	49.9375	125.25	0.49554962	289558.6	35563
235.42593	364.0	51.8125	184.25	0.49554962	289558.6	35563
201.21478	494.75	56.65625	127.0625	0.49554962	289558.6	35563
70.360794	425.25	81.25	159.625	0.49554962	289558.6	35563
237.18492	522.0	150.75	218.625	0.49554962	289558.6	35563
267.6994	451.25	88.3125	176.0	-0.49554962	289558.6	35563
166.44058	250.625	125.1875	115.3125	0.49554962	289558.6	35563
231.5907	505.5	69.8125	107.125	-0.49554962	289558.6	35563
133.31699	379.25	86.25	107.8125	0.49554962	289558.6	35563
126.97171	398.25	107.875	119.125	0.49554962	289558.6	35563
329.4809	497.75	79.5625	223.5	-0.49554962	289558.6	35563
167.41711	279.75	27.90625	91.375	-0.49554962	289558.6	35563
123.94075	767.0	81.375	183.5	0.49554962	289558.6	35563
82.67664	381.75	138.25	204.25	0.49554962	289558.6	35563
122.05754	381.5	103.75	71.5	0.49554962	289558.6	35563
409.8644	328.0	204.25	161.75	0.49554962	289558.6	35563
102.35161	522.5	39.375	168.25	0.49554962	289558.6	35563
109.2719	401.5	96.5	178.375	-0.49554962	289558.6	35563
326.85904	954.0	47.40625	332.75	-0.49554962	289558.6	35563
363.7339	498.5	117.0625	147.875	0.49554962	289558.6	35563
196.9896	624.5	108.375	210.75	-0.49554962	289558.6	35563
443.6013	412.75	41.46875	151.875	0.49554962	289558.6	35563
206.88187	375.5	141.75	163.0	-0.49554962	289558.6	35563
138.76552	473.0	69.875	172.875	0.49554962	289558.6	35563
188.98543	381.5	133.25	145.25	0.49554962	289558.6	35563
82.80879	449.25	36.46875	124.375	-0.49554962	289558.6	35563
103.477264	300.5	121.5	103.75	0.49554962	289558.6	35563
247.93974	537.5	153.375	198.75	0.49554962	289558.6	35563
472.58768	480.5	104.875	184.625	-0.49554962	289558.6	35563
100.84392	630.0	134.375	120.375	0.49554962	289558.6	35563
147.72182	370.25	54.65625	147.875	0.49554962	289558.6	35563
178.10431	370.5	132.625	130.0	-0.49554962	289558.6	35563
152.32758	301.5	51.15625	121.25	-0.49554962	289558.6	35563
119.68837	355.0	54.1875	137.75	0.49554962	289558.6	35563
93.07037	267.0	97.125	114.875	-0.49554962	289558.6	35563
87.146614	315.25	107.5625	138.25	-0.49554962	289558.6	35563
52.226795	366.0	116.8125	142.875	0.49554962	289558.6	35563
66.287865	251.625	54.125	41.8125	0.49554962	289558.6	35563
155.22913	514.5	25.203125	121.375	-0.49554962	289558.6	35563
376.13693	432.75	121.5	172.625	-0.49554962	289558.6	35563
341.442	664.0	26.078125	178.25	0.49554962	289558.6	35563
191.49757	356.0	100.4375	143.125	-0.49554962	289558.6	35563
274.09134	239.875	55.25	93.75	-0.49554962	289558.6	35563
340.84613	285.25	68.6875	117.875	0.49554962	289558.6	35563
274.96503	440.0	87.1875	190.75	-0.49554962	289558.6	35563
74.86526	401.0	110.1875	155.875	-0.49554962	289558.6	35563
88.31171	259.25	96.625	80.25	0.49554962	289558.6	35563
159.82451	688.0	88.75	185.125	-0.49554962	289558.6	35563
161.69646	514.0	46.09375	159.625	0.49554962	289558.6	35563
106.70722	318.75	74.625	129.5	-0.49554962	289558.6	35563
135.94054	361.25	134.0	143.75	0.49554962	289558.6	35563
297.04837	442.5	49.40625	141.25	-0.49554962	289558.6	35563
346.07248	479.75	131.875	98.0	-0.49554962	289558.6	35563
129.00612	586.0	32.28125	194.5	-0.49554962	289558.6	35563
58.638325	379.75	117.8125	143.75	-0.49554962	289558.6	35563
152.02574	504.5	29.8125	135.5	0.49554962	289558.6	35563
67.280106	312.25	184.125	121.875	0.49554962	289558.6	35563
86.95891	418.25	78.375	107.75	0.49554962	289558.6	35563
531.54083	645.0	134.0	129.25	0.49554962	289558.6	35563
154.56296	551.0	27.4375	147.0	0.49554962	289558.6	35563
118.02416	494.0	25.859375	181.375	-0.49554962	289558.6	35563
88.933075	276.25	135.875	89.0625	0.49554962	289558.6	35563
57.32705	288.25	79.9375	103.6875	0.49554962	289558.6	35563
307.77417	297.0	55.34375	140.0	-0.49554962	289558.6	35563
50.02669	233.625	59.84375	84.5	0.49554962	289558.6	35563
411.44144	717.0	107.375	142.25	0.49554962	289558.6	35563
223.53162	298.75	188.625	108.125	0.49554962	289558.6	35563
141.22215	392.25	60.375	107.9375	0.49554962	289558.6	35563
141.17097	413.5	100.0	161.5	0.49554962	289558.6	35563
172.34904	414.5	140.375	184.0	-0.49554962	289558.6	35563
273.8411	346.0	95.5	146.0	0.49554962	289558.6	35563
141.12888	243.125	107.9375	117.5625	0.49554962	289558.6	35563
397.4601	720.0	66.5625	152.875	-0.49554962	289558.6	35563
581.07355	395.75	83.4375	26.171875	-0.49554962	289558.6	35563
181.70372	434.0	182.625	169.0	0.49554962	289558.6	35563
145.5695	251.25	125.75	110.625	0.49554962	289558.6	35563
80.739944	231.25	81.3125	103.6875	-0.49554962	289558.6	35563
131.63197	267.75	52.1875	82.6875	0.49554962	289558.6	35563
170.50725	490.25	187.5	194.5	0.49554962	289558.6	35563
102.931046	513.0	81.9375	188.5	0.49554962	289558.6	35563
137.10005	379.0	101.4375	166.0	0.49554962	289558.6	35563
372.55487	388.5	31.53125	61.03125	-0.49554962	289558.6	35563
91.69091	338.25	48.71875	101.25	0.49554962	289558.6	35563
176.91656	372.0	66.125	149.625	-0.49554962	289558.6	35563
283.59357	542.5	48.40625	117.375	0.49554962	289558.6	35563
74.41751	771.5	60.9375	158.5	-0.49554962	289558.6	35563
66.50956	394.0	59.03125	149.5	0.49554962	289558.6	35563
177.79364	262.25	81.0	92.0625	0.49554962	289558.6	35563
65.42266	214.625	115.75	85.9375	0.49554962	289558.6	35563
222.92447	336.5	93.625	139.875	0.49554962	289558.6	35563
99.31566	375.25	142.25	131.625	-0.49554962	289558.6	35563
153.70178	437.25	52.84375	193.875	0.49554962	289558.6	35563
162.7859	408.25	137.375	118.75	0.49554962	289558.6	35563
367.2632	1039.0	149.625	267.5	0.49554962	289558.6	35563
119.84977	555.5	127.0	185.375	0.49554962	289558.6	35563
134.11809	422.5	166.5	183.25	0.49554962	289558.6	35563
294.5072	666.0	120.5625	150.25	0.49554962	289558.6	35563
173.45642	246.0	39.28125	63.65625	0.49554962	289558.6	35563
115.937515	434.25	146.75	185.75	0.49554962	289558.6	35563
349.8017	460.75	66.1875	159.875	-0.49554962	289558.6	35563
205.50758	608.0	125.875	123.3125	0.49554962	289558.6	35563
68.03916	350.75	88.75	107.1875	-0.49554962	289558.6	35563
135.3838	372.5	79.5	161.375	0.49554962	289558.6	35563
131.315	254.875	131.625	95.5625	0.49554962	289558.6	35563
225.7024	355.5	148.5	164.625	0.49554962	289558.6	35563
236.53065	707.0	91.875	127.5625	0.49554962	289558.6	35563
51.2621	344.25	51.75	106.3125	-0.49554962	289558.6	35563
136.42831	321.0	90.3125	149.125	0.49554962	289558.6	35563
146.55971	513.5	129.25	192.625	0.49554962	289558.6	35563
188.3833	367.0	100.125	85.8125	0.49554962	289558.6	35563
190.87311	372.5	124.8125	158.625	0.49554962	289558.6	35563
102.09045	674.5	30.046875	107.75	0.49554962	289558.6	35563
116.787315	241.625	37.90625	98.9375	0.49554962	289558.6	35563
134.51987	356.75	113.875	160.0	0.49554962	289558.6	35563
94.966774	404.5	126.375	161.125	-0.49554962	289558.6	35563
172.96527	245.875	98.6875	73.8125	0.49554962	289558.6	35563
136.18549	417.75	81.5625	123.4375	-0.49554962	289558.6	35563
73.884315	396.75	51.15625	35.53125	0.49554962	289558.6	35563
158.81721	243.5	137.125	98.75	0.49554962	289558.6	35563
67.5635	228.0	41.625	98.5	0.49554962	289558.6	35563
360.95935	412.0	56.09375	138.625	0.49554962	289558.6	35563
263.16217	460.75	121.8125	145.0	0.49554962	289558.6	35563
160.8386	279.5	45.6875	137.75	0.49554962	289558.6	35563
277.07684	373.25	76.75	87.0	0.49554962	289558.6	35563
115.95706	461.75	49.09375	165.5	0.49554962	289558.6	35563
146.12389	391.75	130.625	143.875	0.49554962	289558.6	35563
209.78531	324.75	59.1875	122.375	0.49554962	289558.6	35563
453.6864	309.0	27.578125	138.25	0.49554962	289558.6	35563
456.77194	472.5	77.3125	145.625	0.49554962	289558.6	35563
60.65184	284.75	144.875	123.1875	0.49554962	289558.6	35563
675.21515	352.25	83.4375	141.125	-0.49554962	289558.6	35563
66.106575	440.5	90.75	134.0	-0.49554962	289558.6	35563
153.27448	545.5	54.59375	131.0	0.49554962	289558.6	35563
133.21346	379.75	147.375	150.0	0.49554962	289558.6	35563
161.57245	246.625	108.8125	110.4375	0.49554962	289558.6	35563
689.34015	570.0	85.6875	166.75	-0.49554962	289558.6	35563
114.27418	376.0	60.21875	96.0	0.49554962	289558.6	35563
86.60251	301.25	32.34375	151.5	0.49554962	289558.6	35563
124.63852	244.125	82.4375	104.375	-0.49554962	289558.6	35563
250.20654	386.25	128.625	145.25	0.49554962	289558.6	35563
328.66037	436.0	38.15625	174.125	0.49554962	289558.6	35563
235.322	477.75	88.4375	176.25	0.49554962	289558.6	35563
297.05475	429.25	113.4375	164.25	-0.49554962	289558.6	35563
169.64172	297.25	199.625	71.25	-0.49554962	289558.6	35563
145.97746	401.5	92.125	136.0	-0.49554962	289558.6	35563
100.72654	338.25	146.125	164.5	0.49554962	289558.6	35563
265.88684	706.5	50.78125	108.9375	0.49554962	289558.6	35563
60.241245	481.0	103.5625	183.25	0.49554962	289558.6	35563
366.9279	726.5	84.0625	122.125	0.49554962	289558.6	35563
245.97948	469.0	59.0	124.3125	0.49554962	289558.6	35563
55.56042	482.0	108.375	3.3632812	0.49554962	289558.6	35563
127.34319	390.25	94.6875	118.9375	0.49554962	289558.6	35563
262.20755	413.25	98.625	135.0	0.49554962	289558.6	35563
210.5939	358.0	117.3125	131.375	-0.49554962	289558.6	35563
134.62665	469.0	98.9375	79.4375	-0.49554962	289558.6	35563
149.97969	332.0	89.625	124.6875	0.49554962	289558.6	35563
228.44801	368.5	57.75	87.4375	0.49554962	289558.6	35563
240.09872	583.5	137.5	201.75	0.49554962	289558.6	35563
96.285645	526.5	39.90625	144.0	-0.49554962	289558.6	35563
149.87679	306.75	32.71875	112.6875	-0.49554962	289558.6	35563
87.23864	487.25	65.3125	164.5	0.49554962	289558.6	35563
127.56272	235.125	99.3125	75.375	-0.49554962	289558.6	35563
153.9741	464.0	128.625	178.5	-0.49554962	289558.6	35563
198.73071	473.0	162.375	113.125	0.49554962	289558.6	35563
251.37787	460.75	28.046875	151.5	0.49554962	289558.6	35563
146.13725	412.25	115.5625	183.25	0.49554962	289558.6	35563
83.28944	325.5	117.4375	155.75	-0.49554962	289558.6	35563
391.371	511.0	51.59375	67.9375	0.49554962	289558.6	35563
200.29684	364.75	56.96875	133.375	0.49554962	289558.6	35563
142.74991	206.25	110.0625	65.25	-0.49554962	289558.6	35563
144.746	262.75	88.6875	89.875	0.49554962	289558.6	35563
247.40817	298.5	117.1875	112.5	-0.49554962	289558.6	35563
132.41191	361.5	56.78125	149.875	-0.49554962	289558.6	35563
237.76692	440.0	163.875	152.875	-0.49554962	289558.6	35563
242.00374	521.5	56.8125	198.75	-0.49554962	289558.6	35563
330.5279	485.25	80.125	168.25	0.49554962	289558.6	35563
272.78522	366.25	88.9375	152.875	0.49554962	289558.6	35563
113.083885	356.5	98.3125	104.8125	0.49554962	289558.6	35563
127.955696	360.75	68.75	164.5	-0.49554962	289558.6	35563
90.15706	233.875	38.15625	90.0625	-0.49554962	289558.6	35563
139.51973	401.0	113.25	176.125	0.49554962	289558.6	35563
165.64323	321.5	65.3125	112.5625	-0.49554962	289558.6	35563
585.8847	1045.0	115.9375	279.5	-0.49554962	289558.6	35563
99.18425	456.25	153.75	157.5	-0.49554962	289558.6	35563
212.13898	549.5	143.75	184.0	0.49554962	289558.6	35563
96.35786	264.25	136.75	94.0	0.49554962	289558.6	35563
69.96079	455.75	80.6875	181.375	-0.49554962	289558.6	35563
157.27876	322.75	74.0625	141.125	-0.49554962	289558.6	35563
112.8496	838.0	57.09375	79.625	0.49554962	289558.6	35563
138.82703	297.75	93.0	6.375	0.49554962	289558.6	35563
262.31412	222.5	87.0	95.0625	0.49554962	289558.6	35563
159.27629	313.0	76.625	96.75	0.49554962	289558.6	35563
278.9211	530.5	34.28125	208.75	0.49554962	289558.6	35563
106.91228	310.75	62.4375	129.375	0.49554962	289558.6	35563
208.87447	511.75	72.0	209.25	-0.49554962	289558.6	35563
221.90138	466.5	128.75	174.375	0.49554962	289558.6	35563
165.5684	610.5	27.578125	68.0625	0.49554962	289558.6	35563
162.67706	544.5	79.0625	277.25	-0.49554962	289558.6	35563
393.93674	480.5	55.375	171.0	0.49554962	289558.6	35563
61.19055	330.75	94.0625	130.0	0.49554962	289558.6	35563
300.06406	817.5	83.4375	127.875	0.49554962	289558.6	35563
99.1536	339.75	118.125	120.4375	-0.49554962	289558.6	35563
243.42345	347.25	36.8125	134.875	0.49554962	289558.6	35563
179.93027	457.25	89.5	157.875	-0.49554962	289558.6	35563
268.91104	328.5	76.8125	134.75	-0.49554962	289558.6	35563
146.1381	611.5	215.5	211.0	0.49554962	289558.6	35563
231.85675	374.25	185.875	157.75	-0.49554962	289558.6	35563
304.97256	379.5	99.875	95.3125	0.49554962	289558.6	35563
275.501	355.0	57.03125	141.75	0.49554962	289558.6	35563
364.9761	580.0	68.125	137.75	-0.49554962	289558.6	35563
88.03128	283.75	104.625	111.3125	0.49554962	289558.6	35563
301.68515	255.0	137.25	95.5625	0.49554962	289558.6	35563
319.0722	388.25	57.78125	131.375	0.49554962	289558.6	35563
114.92273	271.25	138.75	118.125	-0.49554962	289558.6	35563
109.41562	309.75	79.0	122.0	0.49554962	289558.6	35563
148.4986	240.5	105.875	76.75	0.49554962	289558.6	35563
215.42554	295.75	38.4375	83.75	0.49554962	289558.6	35563
135.46918	241.125	74.0625	89.6875	0.49554962	289558.6	35563
313.4606	381.0	162.875	80.0625	0.49554962	289558.6	35563
330.50122	300.75	108.5	115.125	0.49554962	289558.6	35563
316.55432	316.25	46.71875	97.375	0.49554962	289558.6	35563
59.701527	359.0	100.4375	164.5	0.49554962	289558.6	35563
389.0945	563.5	116.0625	177.875	-0.49554962	289558.6	35563
211.5849	415.25	100.0625	166.0	0.49554962	289558.6	35563
93.403	388.0	38.21875	86.9375	0.49554962	289558.6	35563
194.09933	381.5	53.125	134.375	0.49554962	289558.6	35563
190.91846	458.25	152.125	192.0	-0.49554962	289558.6	35563
374.357	467.5	121.5	177.375	0.49554962	289558.6	35563
478.4194	1242.0	44.53125	233.875	-0.49554962	289558.6	35563
124.17241	541.5	71.1875	86.375	0.49554962	289558.6	35563
228.4954	283.75	52.25	74.6875	0.49554962	289558.6	35563
59.357452	337.75	120.9375	171.5	0.49554962	289558.6	35563
118.9038	262.5	78.0625	93.4375	-0.49554962	289558.6	35563
132.25139	371.25	131.125	181.0	0.49554962	289558.6	35563
194.58104	269.5	32.875	3.4082031	0.49554962	289558.6	35563
156.14517	514.5	127.0	192.125	0.49554962	289558.6	35563
127.10235	251.25	86.5625	115.75	0.49554962	289558.6	35563
163.2288	398.75	130.625	176.125	-0.49554962	289558.6	35563
128.2612	288.5	94.0	94.625	0.49554962	289558.6	35563
89.78838	311.25	111.6875	126.5625	0.49554962	289558.6	35563
343.0125	772.5	30.71875	90.375	0.49554962	289558.6	35563
135.90521	349.5	107.0	111.8125	0.49554962	289558.6	35563
47.485153	375.25	86.0	162.375	0.49554962	289558.6	35563
274.00186	334.0	51.15625	62.125	0.49554962	289558.6	35563
224.75574	433.5	124.1875	180.0	-0.49554962	289558.6	35563
82.76873	386.0	110.4375	165.25	-0.49554962	289558.6	35563
126.38031	480.5	52.40625	169.375	0.49554962	289558.6	35563
201.05672	432.75	115.75	171.625	-0.49554962	289558.6	35563
215.3898	461.25	88.875	92.9375	0.49554962	289558.6	35563
262.55994	235.0	160.375	120.3125	0.49554962	289558.6	35563
591.5673	388.5	130.625	180.625	-0.49554962	289558.6	35563
312.20886	523.0	123.125	179.0	0.49554962	289558.6	35563
208.52176	458.0	167.625	157.875	0.49554962	289558.6	35563
127.63322	402.0	108.125	100.375	0.49554962	289558.6	35563
187.64244	223.75	48.40625	100.4375	0.49554962	289558.6	35563
128.64081	282.25	122.5	119.875	0.49554962	289558.6	35563
44.88751	260.25	42.375	68.5625	0.49554962	289558.6	35563
301.45868	238.875	125.125	102.8125	0.49554962	289558.6	35563
280.8931	296.25	65.875	126.125	0.49554962	289558.6	35563
218.09042	350.25	54.15625	135.625	0.49554962	289558.6	35563
220.28787	545.5	49.03125	131.125	0.49554962	289558.6	35563
350.76553	299.75	63.28125	125.8125	0.49554962	289558.6	35563
77.15716	310.75	98.4375	133.25	0.49554962	289558.6	35563
224.11223	367.0	60.625	127.0	-0.49554962	289558.6	35563
212.54837	570.0	100.0625	129.625	0.49554962	289558.6	35563
78.67745	269.0	28.671875	82.875	-0.49554962	289558.6	35563
154.34012	429.0	75.375	107.6875	0.49554962	289558.6	35563
203.69151	278.5	51.84375	106.6875	0.49554962	289558.6	35563
63.798904	368.5	115.875	179.625	0.49554962	289558.6	35563
88.01587	228.5	50.75	76.25	-0.49554962	289558.6	35563
149.83214	525.0	53.28125	153.0	0.49554962	289558.6	35563
287.80298	542.5	124.375	120.0	0.49554962	289558.6	35563
228.5065	490.0	41.5	162.75	-0.49554962	289558.6	35563
205.34323	551.0	82.8125	222.375	0.49554962	289558.6	35563
174.80464	320.75	145.25	138.5	0.49554962	289558.6	35563
152.64642	499.75	90.5	182.0	0.49554962	289558.6	35563
207.5914	424.5	84.9375	154.75	0.49554962	289558.6	35563
163.88412	725.5	97.3125	183.625	0.49554962	289558.6	35563
490.2187	900.5	68.75	127.5	0.49554962	289558.6	35563
82.3857	672.0	80.875	130.5	0.49554962	289558.6	35563
230.61456	496.0	29.609375	165.5	-0.49554962	289558.6	35563
92.98974	439.0	110.375	69.625	0.49554962	289558.6	35563
66.73254	814.0	29.5625	170.0	0.49554962	289558.6	35563
136.87209	428.25	147.25	176.375	0.49554962	289558.6	35563
217.83365	382.0	85.8125	0.5175781	0.49554962	289558.6	35563
242.77986	275.0	73.875	116.375	0.49554962	289558.6	35563
182.15114	343.25	160.5	142.75	0.49554962	289558.6	35563
186.14668	337.0	113.3125	112.0	0.49554962	289558.6	35563
126.93438	923.5	60.875	2.7324219	0.49554962	289558.6	35563
53.006992	333.25	76.625	128.0	0.49554962	289558.6	35563
147.25853	319.25	69.8125	125.3125	-0.49554962	289558.6	35563
171.15628	406.0	72.1875	168.75	0.49554962	289558.6	35563
358.41757	288.0	62.3125	117.5	-0.49554962	289558.6	35563
454.2734	361.0	129.375	177.375	-0.49554962	289558.6	35563
327.6892	360.25	59.125	128.5	0.49554962	289558.6	35563
189.94896	368.5	159.875	153.125	0.49554962	289558.6	35563
241.82935	426.0	154.875	162.25	0.49554962	289558.6	35563
151.00916	552.5	128.125	186.5	0.49554962	289558.6	35563
302.4752	435.5	154.125	205.0	0.49554962	289558.6	35563
140.72339	227.125	77.5	82.625	-0.49554962	289558.6	35563
351.0463	718.5	64.625	160.5	0.49554962	289558.6	35563
243.87798	439.75	161.625	169.25	0.49554962	289558.6	35563
297.7603	580.5	126.75	182.375	-0.49554962	289558.6	35563
105.8617	345.0	42.03125	121.8125	0.49554962	289558.6	35563
340.07516	454.75	77.5	131.0	0.49554962	289558.6	35563
200.19872	208.5	29.3125	80.0625	0.49554962	289558.6	35563
240.91261	562.0	94.9375	172.25	-0.49554962	289558.6	35563
151.02214	364.5	97.8125	146.125	-0.49554962	289558.6	35563
180.27031	454.5	34.09375	142.25	0.49554962	289558.6	35563
72.68649	210.25	46.40625	84.5625	0.49554962	289558.6	35563
146.9121	491.25	204.25	174.25	0.49554962	289558.6	35563
517.43726	762.5	163.25	63.5625	0.49554962	289558.6	35563
225.00307	606.0	32.25	182.75	0.49554962	289558.6	35563
319.69962	477.0	162.375	161.375	-0.49554962	289558.6	35563
150.79837	540.0	112.5	175.75	0.49554962	289558.6	35563
268.39368	481.5	44.0625	151.375	-0.49554962	289558.6	35563
121.91516	322.0	124.9375	158.0	-0.49554962	289558.6	35563
197.34467	433.75	86.4375	2.9746094	0.49554962	289558.6	35563
193.66563	298.0	32.28125	107.5625	0.49554962	289558.6	35563
95.92514	330.5	85.75	85.0625	0.49554962	289558.6	35563
261.12186	400.5	106.625	80.1875	0.49554962	289558.6	35563
181.39766	319.0	79.5	120.25	0.49554962	289558.6	35563
52.538837	400.0	111.875	170.875	0.49554962	289558.6	35563
70.127686	220.375	81.625	98.0	0.49554962	289558.6	35563
107.96079	320.75	77.875	148.125	-0.49554962	289558.6	35563
104.631004	299.75	84.75	133.5	-0.49554962	289558.6	35563
126.897125	309.75	77.25	108.625	0.49554962	289558.6	35563
291.98883	349.75	41.40625	163.625	0.49554962	289558.6	35563
67.57418	272.5	31.953125	98.625	-0.49554962	289558.6	35563
130.86488	493.0	167.0	98.5625	0.49554962	289558.6	35563
139.56319	435.0	35.96875	158.75	0.49554962	289558.6	35563
109.183556	406.75	195.25	204.5	-0.49554962	289558.6	35563
109.72176	447.5	48.59375	143.875	-0.49554962	289558.6	35563
85.830414	422.25	103.1875	102.1875	0.49554962	289558.6	35563
130.45207	612.5	158.375	203.75	0.49554962	289558.6	35563
111.05944	240.125	102.8125	81.6875	-0.49554962	289558.6	35563
90.040535	341.25	68.875	91.0625	0.49554962	289558.6	35563
206.24445	322.0	32.5625	122.75	0.49554962	289558.6	35563
444.34744	360.25	147.375	140.625	0.49554962	289558.6	35563
155.4507	566.0	157.75	200.0	0.49554962	289558.6	35563
307.44748	503.0	108.875	183.25	0.49554962	289558.6	35563
176.82619	424.75	159.5	180.0	0.49554962	289558.6	35563
164.32312	331.0	99.1875	145.75	0.49554962	289558.6	35563
214.52826	474.25	83.5	177.625	-0.49554962	289558.6	35563
144.1323	909.5	76.875	166.0	0.49554962	289558.6	35563
91.75019	249.5	120.6875	60.71875	-0.49554962	289558.6	35563
87.566895	546.5	137.0	195.5	-0.49554962	289558.6	35563
192.83655	383.5	123.875	152.0	0.49554962	289558.6	35563
184.10344	424.0	89.4375	143.625	0.49554962	289558.6	35563
487.29547	386.75	90.125	166.625	-0.49554962	289558.6	35563
73.688095	436.0	143.0	191.625	0.49554962	289558.6	35563
68.53114	337.25	106.1875	97.0625	0.49554962	289558.6	35563
69.087074	368.25	75.5	4.2890625	0.49554962	289558.6	35563
85.9921	310.75	111.125	147.5	-0.49554962	289558.6	35563
292.58902	494.5	93.4375	202.0	0.49554962	289558.6	35563
143.7094	332.75	27.0	184.75	0.49554962	289558.6	35563
148.3865	345.5	103.6875	130.375	0.49554962	289558.6	35563
180.67474	272.5	116.4375	96.4375	0.49554962	289558.6	35563
282.69638	494.25	37.21875	194.5	0.49554962	289558.6	35563
88.72708	600.5	48.40625	88.5625	0.49554962	289558.6	35563
153.0888	550.5	66.5625	175.875	0.49554962	289558.6	35563
925.0353	1079.0	36.75	238.125	0.49554962	289558.6	35563
214.03632	451.0	95.6875	107.0625	-0.49554962	289558.6	35563
135.99486	544.0	132.125	13.5	0.49554962	289558.6	35563
60.601818	279.5	83.25	105.0	0.49554962	289558.6	35563
106.70834	378.0	82.0	113.4375	0.49554962	289558.6	35563
120.87824	394.0	65.875	156.25	-0.49554962	289558.6	35563
128.88689	582.0	52.125	191.125	-0.49554962	289558.6	35563
283.5248	375.0	54.125	134.375	0.49554962	289558.6	35563
135.23624	237.625	112.9375	81.8125	0.49554962	289558.6	35563
170.7979	515.5	129.0	73.0	0.49554962	289558.6	35563
215.03122	313.5	54.625	123.3125	-0.49554962	289558.6	35563
118.03687	391.5	142.0	190.0	-0.49554962	289558.6	35563
71.02313	460.25	114.6875	174.375	-0.49554962	289558.6	35563
147.08809	1075.0	153.0	181.75	0.49554962	289558.6	35563
149.45819	280.25	90.375	101.0	0.49554962	289558.6	35563
122.4963	411.0	104.0625	177.375	-0.49554962	289558.6	35563
212.26135	499.0	119.75	235.25	-0.49554962	289558.6	35563
57.93113	258.75	65.75	87.875	-0.49554962	289558.6	35563
198.70982	256.25	112.8125	87.1875	0.49554962	289558.6	35563
139.9754	493.0	100.5	116.625	0.49554962	289558.6	35563
219.25719	416.5	45.84375	155.875	0.49554962	289558.6	35563
274.9785	426.5	104.3125	157.5	0.49554962	289558.6	35563
59.411537	268.5	61.15625	123.1875	0.49554962	289558.6	35563
93.33145	1457.0	25.09375	162.625	0.49554962	289558.6	35563
193.15894	285.25	91.625	103.625	0.49554962	289558.6	35563
241.68965	545.0	80.3125	189.625	0.49554962	289558.6	35563
319.88748	587.0	158.25	218.5	-0.49554962	289558.6	35563
288.99835	563.0	64.6875	163.625	0.49554962	289558.6	35563
102.51976	457.75	165.375	193.375	0.49554962	289558.6	35563
293.2602	510.0	128.375	218.625	-0.49554962	289558.6	35563
186.20226	438.75	81.8125	115.0625	0.49554962	289558.6	35563
287.76556	492.75	30.96875	158.875	0.49554962	289558.6	35563
127.56214	512.0	99.0625	185.5	-0.49554962	289558.6	35563
346.78757	398.75	67.0625	122.5	0.49554962	289558.6	35563
109.09342	323.25	111.1875	139.75	0.49554962	289558.6	35563
94.91395	403.5	120.0	150.125	0.49554962	289558.6	35563
132.89914	383.25	170.75	163.25	-0.49554962	289558.6	35563
242.40483	293.5	46.40625	3.8320312	0.49554962	289558.6	35563
160.25934	322.0	152.0	144.75	0.49554962	289558.6	35563
139.80154	335.5	131.0	129.75	0.49554962	289558.6	35563
89.303856	412.75	124.25	189.25	0.49554962	289558.6	35563
167.11546	234.5	63.90625	93.1875	-0.49554962	289558.6	35563
89.944016	373.75	145.75	171.0	0.49554962	289558.6	35563
123.837135	534.5	53.5	193.375	-0.49554962	289558.6	35563
176.5445	401.5	149.75	171.375	0.49554962	289558.6	35563
80.09951	641.5	55.34375	183.5	0.49554962	289558.6	35563
111.10246	374.25	151.375	147.25	0.49554962	289558.6	35563
104.519035	225.625	72.9375	49.03125	0.49554962	289558.6	35563
135.90182	258.0	64.1875	95.125	0.49554962	289558.6	35563
194.43228	319.5	109.6875	99.125	0.49554962	289558.6	35563
105.31767	382.75	131.5	164.5	-0.49554962	289558.6	35563
90.57059	467.25	112.5	165.75	-0.49554962	289558.6	35563
120.11521	247.25	66.875	97.1875	0.49554962	289558.6	35563
79.880936	353.5	98.75	168.625	0.49554962	289558.6	35563
298.9545	252.75	72.6875	90.875	0.49554962	289558.6	35563
88.226395	348.75	32.75	130.375	0.49554962	289558.6	35563
329.4783	494.0	147.625	180.625	0.49554962	289558.6	35563
169.74731	495.75	31.9375	113.25	0.49554962	289558.6	35563
154.2176	634.5	124.375	182.0	0.49554962	289558.6	35563
67.068214	226.75	158.75	96.6875	0.49554962	289558.6	35563
231.60466	376.75	85.625	92.25	0.49554962	289558.6	35563
67.613075	548.5	70.5	190.75	0.49554962	289558.6	35563
403.27686	402.75	50.28125	122.6875	0.49554962	289558.6	35563
91.255936	283.25	95.75	130.0	0.49554962	289558.6	35563
162.62106	287.0	45.21875	110.9375	0.49554962	289558.6	35563
155.51398	391.5	94.6875	131.625	0.49554962	289558.6	35563
66.46737	346.25	159.625	60.5	0.49554962	289558.6	35563
83.95728	444.0	114.875	6.546875	0.49554962	289558.6	35563
234.60164	427.25	25.40625	147.5	0.49554962	289558.6	35563
290.90164	401.0	110.9375	117.375	0.49554962	289558.6	35563
126.37002	397.75	44.5	149.875	-0.49554962	289558.6	35563
230.8838	640.0	65.375	106.8125	0.49554962	289558.6	35563
133.71999	208.75	69.5625	96.0	0.49554962	289558.6	35563
80.91509	365.75	133.25	151.125	0.49554962	289558.6	35563
363.9289	365.75	128.0	167.5	-0.49554962	289558.6	35563
133.47397	324.75	118.5	123.875	0.49554962	289558.6	35563
297.74442	468.5	95.4375	146.25	0.49554962	289558.6	35563
386.7461	590.0	29.859375	91.6875	0.49554962	289558.6	35563
108.11907	294.0	85.5625	118.8125	0.49554962	289558.6	35563
370.21063	922.5	162.25	335.5	0.49554962	289558.6	35563
172.46342	320.5	28.59375	114.5625	-0.49554962	289558.6	35563
279.2904	284.25	135.875	114.0625	0.49554962	289558.6	35563
363.38486	271.5	56.84375	121.1875	-0.49554962	289558.6	35563
226.22922	392.0	65.5625	111.25	-0.49554962	289558.6	35563
262.23752	607.0	31.46875	136.875	0.49554962	289558.6	35563
124.99041	271.5	43.09375	80.3125	-0.49554962	289558.6	35563
185.36874	408.0	63.34375	73.75	0.49554962	289558.6	35563
258.01556	407.75	60.625	153.0	0.49554962	289558.6	35563
154.22432	612.5	198.75	200.625	0.49554962	289558.6	35563
144.13414	320.0	70.75	144.875	-0.49554962	289558.6	35563
205.48	323.25	67.1875	122.25	0.49554962	289558.6	35563
273.72525	497.0	131.875	101.25	0.49554962	289558.6	35563
84.245186	367.25	27.40625	167.875	0.49554962	289558.6	35563
296.82297	507.25	102.375	136.625	0.49554962	289558.6	35563
416.63626	365.25	83.9375	127.3125	-0.49554962	289558.6	35563
252.28046	288.5	35.34375	116.25	0.49554962	289558.6	35563
399.96704	798.0	73.1875	185.0	0.49554962	289558.6	35563
102.28172	427.75	156.625	173.5	0.49554962	289558.6	35563
108.45542	279.5	70.4375	4.6992188	0.49554962	289558.6	35563
162.88118	332.25	57.125	100.875	0.49554962	289558.6	35563
259.7259	687.0	70.9375	137.75	0.49554962	289558.6	35563
97.15274	347.0	86.125	131.0	0.49554962	289558.6	35563
80.06973	221.125	70.9375	99.75	0.49554962	289558.6	35563
206.30692	664.0	145.5	79.625	-0.49554962	289558.6	35563
130.95866	319.75	92.5625	95.0625	-0.49554962	289558.6	35563
135.52208	472.75	45.4375	171.75	0.49554962	289558.6	35563
279.16476	524.5	82.0	179.0	0.49554962	289558.6	35563
93.43647	459.0	189.375	188.375	0.49554962	289558.6	35563
444.5851	291.25	149.875	123.5	0.49554962	289558.6	35563
189.6512	284.75	97.9375	150.625	0.49554962	289558.6	35563
202.25674	285.25	79.6875	14.578125	-0.49554962	289558.6	35563
276.23288	574.5	126.25	189.5	-0.49554962	289558.6	35563
221.78717	579.5	177.75	191.625	0.49554962	289558.6	35563
74.55059	245.375	33.46875	84.6875	0.49554962	289558.6	35563
433.90997	531.5	40.21875	154.75	-0.49554962	289558.6	35563
97.78594	430.5	120.0625	168.875	0.49554962	289558.6	35563
185.63101	324.25	34.09375	130.25	0.49554962	289558.6	35563
118.43536	283.5	113.3125	104.5	0.49554962	289558.6	35563
95.22762	285.0	77.5625	105.375	0.49554962	289558.6	35563
175.98126	822.5	39.5	242.125	0.49554962	289558.6	35563
290.5302	441.75	73.5	124.625	0.49554962	289558.6	35563
84.90009	284.5	97.3125	87.5625	0.49554962	289558.6	35563
77.84405	348.25	118.875	90.625	0.49554962	289558.6	35563
63.972412	321.25	112.125	115.75	0.49554962	289558.6	35563
266.76022	519.5	120.0	173.375	0.49554962	289558.6	35563
346.79327	420.5	71.3125	141.25	0.49554962	289558.6	35563
58.497543	494.5	112.6875	2.1152344	0.49554962	289558.6	35563
330.09503	602.0	62.75	135.875	0.49554962	289558.6	35563
85.34242	371.0	137.375	140.625	0.49554962	289558.6	35563
102.59259	284.0	66.0625	146.75	0.49554962	289558.6	35563
174.78998	296.75	45.59375	11.6171875	0.49554962	289558.6	35563
201.9621	488.5	122.6875	142.375	-0.49554962	289558.6	35563
275.63196	591.0	33.9375	192.125	0.49554962	289558.6	35563
177.72423	556.0	34.4375	181.5	0.49554962	289558.6	35563
449.9723	686.5	90.125	111.6875	0.49554962	289558.6	35563
256.01584	337.75	158.875	103.8125	0.49554962	289558.6	35563
134.14047	218.375	64.25	87.4375	0.49554962	289558.6	35563
149.8149	550.5	70.9375	177.875	0.49554962	289558.6	35563
173.4752	245.75	95.3125	69.125	0.49554962	289558.6	35563
127.871925	386.0	108.9375	170.125	-0.49554962	289558.6	35563
99.52457	412.5	122.25	110.375	0.49554962	289558.6	35563
115.53754	271.0	136.25	101.75	0.49554962	289558.6	35563
150.51987	420.25	31.15625	140.5	0.49554962	289558.6	35563
116.35413	354.5	125.0	131.25	0.49554962	289558.6	35563
85.39024	964.0	115.4375	238.375	0.49554962	289558.6	35563
222.59967	613.5	150.125	183.25	-0.49554962	289558.6	35563
252.94142	416.0	162.875	188.5	-0.49554962	289558.6	35563
80.5472	700.5	121.0625	190.0	0.49554962	289558.6	35563
311.19626	520.5	89.5	184.0	0.49554962	289558.6	35563
208.42337	692.5	81.4375	135.75	0.49554962	289558.6	35563
81.17483	301.5	36.09375	92.4375	0.49554962	289558.6	35563
131.94612	280.5	99.5625	112.25	0.49554962	289558.6	35563
255.2604	473.25	83.0	180.875	0.49554962	289558.6	35563
70.50912	487.0	43.40625	153.625	0.49554962	289558.6	35563
153.9262	349.25	86.25	158.125	-0.49554962	289558.6	35563
176.46599	459.25	162.5	173.625	0.49554962	289558.6	35563
353.63293	722.5	186.875	208.375	0.49554962	289558.6	35563
418.85938	547.0	120.625	203.25	0.49554962	289558.6	35563
68.81431	308.5	54.0	117.1875	0.49554962	289558.6	35563
138.1379	480.25	74.5625	152.25	0.49554962	289558.6	35563
260.6247	528.5	84.0	175.625	0.49554962	289558.6	35563
118.2376	436.0	116.4375	176.375	0.49554962	289558.6	35563
290.26382	393.25	50.96875	143.875	0.49554962	289558.6	35563
317.74127	404.0	103.875	187.25	0.49554962	289558.6	35563
254.66257	348.25	30.125	144.5	0.49554962	289558.6	35563
191.33073	284.5	87.0	154.0	-0.49554962	289558.6	35563
87.799904	488.5	32.75	134.625	0.49554962	289558.6	35563
124.41913	372.25	89.1875	158.125	0.49554962	289558.6	35563
98.42667	489.5	183.625	220.25	0.49554962	289558.6	35563
641.87506	465.25	93.625	51.3125	-0.49554962	289558.6	35563
64.595764	452.5	44.90625	117.6875	0.49554962	289558.6	35563
311.14966	849.0	102.6875	185.75	-0.49554962	289558.6	35563
98.17492	295.75	89.3125	103.5	0.49554962	289558.6	35563
76.80599	271.5	93.5625	96.0	0.49554962	289558.6	35563
83.452095	451.75	39.5625	84.1875	0.49554962	289558.6	35563
193.36563	353.25	86.9375	85.8125	0.49554962	289558.6	35563
156.13255	226.625	52.0625	84.125	0.49554962	289558.6	35563
316.27234	222.0	57.375	66.9375	0.49554962	289558.6	35563
41.820248	329.0	45.125	108.5	0.49554962	289558.6	35563
190.15408	460.25	140.5	186.625	0.49554962	289558.6	35563
68.46815	244.125	59.4375	108.4375	0.49554962	289558.6	35563
90.617775	472.75	161.375	152.125	0.49554962	289558.6	35563
213.05473	465.5	92.5625	170.0	0.49554962	289558.6	35563
288.6352	262.25	112.3125	115.4375	0.49554962	289558.6	35563
366.76038	714.5	88.9375	159.375	0.49554962	289558.6	35563
101.74918	379.75	100.6875	101.5625	-0.49554962	289558.6	35563
68.219215	270.5	48.75	111.875	0.49554962	289558.6	35563
329.53568	401.25	166.875	172.75	0.49554962	289558.6	35563
134.75456	303.0	151.25	139.125	0.49554962	289558.6	35563
106.927605	218.625	109.5	107.0	-0.49554962	289558.6	35563
387.92572	276.75	62.21875	107.9375	0.49554962	289558.6	35563
68.293434	223.375	31.203125	88.8125	0.49554962	289558.6	35563
103.957985	372.25	161.5	169.125	0.49554962	289558.6	35563
181.45497	338.0	79.875	151.0	-0.49554962	289558.6	35563
114.26646	434.75	62.15625	156.625	0.49554962	289558.6	35563
212.86952	212.375	99.6875	73.0625	0.49554962	289558.6	35563
246.17148	560.0	135.5	179.375	0.49554962	289558.6	35563
96.74879	408.25	153.25	178.375	0.49554962	289558.6	35563
82.364876	591.0	116.25	206.0	0.49554962	289558.6	35563
124.270676	386.0	143.0	163.75	0.49554962	289558.6	35563
315.75906	438.0	46.28125	160.0	0.49554962	289558.6	35563
137.62666	571.0	28.0625	202.75	0.49554962	289558.6	35563
174.1959	315.25	84.8125	114.5625	-0.49554962	289558.6	35563
299.18158	517.0	97.6875	178.25	0.49554962	289558.6	35563
357.0703	594.5	57.46875	238.75	0.49554962	289558.6	35563
135.073	267.25	74.4375	90.0625	0.49554962	289558.6	35563
60.877514	370.25	119.625	119.75	0.49554962	289558.6	35563
237.09909	363.5	114.0	165.25	0.49554962	289558.6	35563
105.753075	350.0	25.6875	119.6875	0.49554962	289558.6	35563
63.276665	370.25	26.96875	118.1875	0.49554962	289558.6	35563
131.93341	351.5	152.25	163.375	-0.49554962	289558.6	35563
98.41373	209.875	53.375	39.625	0.49554962	289558.6	35563
242.89632	452.5	59.4375	171.75	0.49554962	289558.6	35563
383.78256	300.25	40.15625	153.125	0.49554962	289558.6	35563
119.30589	258.25	72.0625	91.4375	-0.49554962	289558.6	35563
85.63255	286.25	46.53125	104.9375	-0.49554962	289558.6	35563
76.77803	625.0	115.5	181.5	0.49554962	289558.6	35563
245.03072	381.25	88.6875	144.25	0.49554962	289558.6	35563
93.70235	240.75	61.9375	117.4375	0.49554962	289558.6	35563
95.57621	817.5	63.59375	206.75	0.49554962	289558.6	35563
199.02872	522.5	34.9375	213.75	-0.49554962	289558.6	35563
86.57293	233.25	91.875	25.5625	0.49554962	289558.6	35563
125.3578	307.0	35.4375	131.625	0.49554962	289558.6	35563
71.02925	698.5	138.375	182.375	0.49554962	289558.6	35563
140.85506	275.25	58.53125	77.875	0.49554962	289558.6	35563
190.1283	422.5	188.875	188.875	-0.49554962	289558.6	35563
153.99281	303.25	149.75	158.875	0.49554962	289558.6	35563
222.28421	631.5	51.5	127.625	-0.49554962	289558.6	35563
202.39836	376.5	140.5	145.375	0.49554962	289558.6	35563
244.07806	323.75	135.375	49.1875	-0.49554962	289558.6	35563
221.5128	545.0	82.875	151.25	0.49554962	289558.6	35563
149.92447	259.25	25.90625	94.0625	0.49554962	289558.6	35563
67.12637	469.5	199.125	213.5	0.49554962	289558.6	35563
82.380905	390.5	92.6875	171.0	-0.49554962	289558.6	35563
153.48924	303.5	53.34375	65.0	-0.49554962	289558.6	35563
142.0264	277.75	72.8125	4.7617188	-0.49554962	289558.6	35563
331.4397	588.0	129.375	187.625	0.49554962	289558.6	35563
170.73239	286.0	76.125	8.078125	0.49554962	289558.6	35563
94.684204	214.75	103.875	96.5625	0.49554962	289558.6	35563
216.72617	340.0	63.875	182.25	0.49554962	289558.6	35563
546.79297	333.25	112.375	155.75	-0.49554962	289558.6	35563
121.90524	450.0	117.375	124.125	0.49554962	289558.6	35563
140.7649	427.75	110.0	162.875	0.49554962	289558.6	35563
74.737045	254.625	31.734375	103.5625	-0.49554962	289558.6	35563
114.50474	281.75	79.8125	117.0625	0.49554962	289558.6	35563
451.10693	611.0	144.875	224.25	-0.49554962	289558.6	35563
49.742054	331.5	110.3125	142.25	-0.49554962	289558.6	35563
33.7129	508.25	102.0625	176.5	0.49554962	289558.6	35563
302.65002	635.5	74.625	189.125	0.49554962	289558.6	35563
286.2169	405.0	156.75	178.25	0.49554962	289558.6	35563
301.6305	213.25	125.25	85.6875	-0.49554962	289558.6	35563
138.68768	396.0	170.875	168.125	0.49554962	289558.6	35563
574.6132	601.0	58.03125	120.0	0.49554962	289558.6	35563
280.06143	401.0	55.09375	91.0	0.49554962	289558.6	35563
150.57289	533.0	88.625	179.875	0.49554962	289558.6	35563
401.66785	704.0	122.25	117.0625	0.49554962	289558.6	35563
139.48534	263.0	61.46875	107.875	-0.49554962	289558.6	35563
77.24307	316.5	95.4375	115.125	0.49554962	289558.6	35563
83.58124	385.5	122.125	117.6875	0.49554962	289558.6	35563
249.10664	724.0	61.625	134.5	0.49554962	289558.6	35563
176.95876	312.75	97.3125	128.375	0.49554962	289558.6	35563
246.7952	470.0	30.84375	137.25	0.49554962	289558.6	35563
223.07109	339.5	71.3125	100.5	-0.49554962	289558.6	35563
222.7306	512.0	139.5	70.4375	0.49554962	289558.6	35563
234.06683	263.5	132.25	108.6875	0.49554962	289558.6	35563
194.0168	432.75	48.875	124.3125	-0.49554962	289558.6	35563
164.31766	487.0	86.3125	159.875	0.49554962	289558.6	35563
65.83255	395.75	43.125	104.5	-0.49554962	289558.6	35563
173.61307	272.25	72.5	5.5507812	0.49554962	289558.6	35563
197.57484	224.25	53.28125	100.5	0.49554962	289558.6	35563
161.05093	349.5	109.8125	140.25	0.49554962	289558.6	35563
166.3373	374.0	89.125	155.75	0.49554962	289558.6	35563
89.138115	245.125	113.5	100.1875	0.49554962	289558.6	35563
171.24295	509.25	207.75	203.875	-0.49554962	289558.6	35563
98.54467	746.5	120.8125	161.375	0.49554962	289558.6	35563
114.24095	392.75	42.1875	137.75	-0.49554962	289558.6	35563
56.96459	354.75	52.9375	139.75	0.49554962	289558.6	35563
176.80675	778.0	63.34375	176.125	0.49554962	289558.6	35563
260.8865	337.0	89.0625	145.125	0.49554962	289558.6	35563
120.19148	216.875	88.5625	115.4375	-0.49554962	289558.6	35563
119.843346	1267.0	53.375	109.5	0.49554962	289558.6	35563
186.93918	406.25	89.6875	174.0	0.49554962	289558.6	35563
284.10367	384.0	25.59375	166.125	0.49554962	289558.6	35563
116.432365	531.0	81.25	87.3125	0.49554962	289558.6	35563
438.5713	328.25	86.125	142.5	0.49554962	289558.6	35563
262.0125	717.0	216.5	185.5	0.49554962	289558.6	35563
158.4453	253.125	29.890625	123.3125	0.49554962	289558.6	35563
194.28175	472.5	108.5	173.75	0.49554962	289558.6	35563
104.5135	232.875	33.46875	70.3125	-0.49554962	289558.6	35563
266.4871	626.0	161.375	174.5	0.49554962	289558.6	35563
119.68327	292.25	89.125	101.1875	0.49554962	289558.6	35563
207.22112	435.25	44.9375	121.125	0.49554962	289558.6	35563
84.22227	288.0	99.5	149.875	0.49554962	289558.6	35563
368.8337	658.5	160.5	258.5	0.49554962	289558.6	35563
227.96489	271.25	95.8125	87.5625	-0.49554962	289558.6	35563
107.69048	358.25	117.8125	149.25	0.49554962	289558.6	35563
174.85075	654.0	67.75	234.875	0.49554962	289558.6	35563
83.15499	315.5	65.375	122.9375	-0.49554962	289558.6	35563
132.8436	314.25	40.59375	81.8125	0.49554962	289558.6	35563
44.820713	421.75	95.375	122.625	0.49554962	289558.6	35563
146.78137	415.75	72.25	93.5	0.49554962	289558.6	35563
85.25876	387.75	57.90625	135.5	0.49554962	289558.6	35563
191.31189	384.0	158.875	133.375	0.49554962	289558.6	35563
190.54303	509.75	83.9375	170.125	-0.49554962	289558.6	35563
109.89674	221.25	47.9375	66.25	0.49554962	289558.6	35563
453.415	397.0	32.53125	153.375	0.49554962	289558.6	35563
212.20993	427.25	82.8125	142.25	0.49554962	289558.6	35563
213.26514	479.0	152.25	153.625	0.49554962	289558.6	35563
119.02108	403.75	106.25	121.5625	0.49554962	289558.6	35563
294.04233	339.25	49.96875	80.375	0.49554962	289558.6	35563
157.96509	234.25	37.75	96.6875	0.49554962	289558.6	35563
148.30391	405.0	112.375	175.75	-0.49554962	289558.6	35563
84.56638	342.75	109.5625	146.375	0.49554962	289558.6	35563
294.42105	431.25	63.96875	123.375	-0.49554962	289558.6	35563
171.90404	334.0	120.625	148.375	0.49554962	289558.6	35563
115.599915	656.5	118.5	196.625	0.49554962	289558.6	35563
45.887825	517.5	139.5	162.625	0.49554962	289558.6	35563
134.85406	304.5	63.90625	106.0	-0.49554962	289558.6	35563
139.8174	309.75	157.625	124.4375	0.49554962	289558.6	35563
201.74422	371.75	59.4375	137.25	0.49554962	289558.6	35563
147.59253	261.5	90.8125	97.5	0.49554962	289558.6	35563
284.72437	427.0	124.5625	163.875	0.49554962	289558.6	35563
99.85386	288.5	73.5625	118.6875	0.49554962	289558.6	35563
111.241325	209.0	87.9375	72.5	0.49554962	289558.6	35563
170.53455	257.75	38.75	104.625	0.49554962	289558.6	35563
419.83087	394.75	66.5	94.9375	0.49554962	289558.6	35563
150.7455	661.5	52.90625	96.875	0.49554962	289558.6	35563
250.50452	538.5	80.5	183.5	0.49554962	289558.6	35563
181.99388	304.0	71.5	87.375	-0.49554962	289558.6	35563
136.19522	720.5	46.375	133.375	-0.49554962	289558.6	35563
104.96832	365.75	134.75	163.375	0.49554962	289558.6	35563
85.789986	264.75	106.9375	113.0625	-0.49554962	289558.6	35563
210.39424	571.0	65.5625	208.125	-0.49554962	289558.6	35563
128.7481	452.5	62.875	85.875	0.49554962	289558.6	35563
133.53279	309.75	121.25	111.9375	0.49554962	289558.6	35563
174.297	423.5	103.8125	126.5	0.49554962	289558.6	35563
256.04938	638.5	62.5625	170.375	-0.49554962	289558.6	35563
183.4818	542.0	47.125	177.125	0.49554962	289558.6	35563
354.88974	614.0	125.75	176.375	-0.49554962	289558.6	35563
127.493996	481.5	62.4375	154.375	0.49554962	289558.6	35563
213.87746	245.25	37.03125	82.4375	-0.49554962	289558.6	35563
309.9483	281.75	64.625	116.25	0.49554962	289558.6	35563
241.30684	681.0	55.0	81.875	-0.49554962	289558.6	35563
109.13623	208.25	178.125	8.9453125	-0.49554962	289558.6	35563
70.99216	383.75	102.4375	66.4375	-0.49554962	289558.6	35563
149.18567	223.0	63.03125	55.71875	-0.49554962	289558.6	35563
347.72467	321.0	127.875	151.25	0.49554962	289558.6	35563
74.13264	203.375	109.5	85.75	0.49554962	289558.6	35563
189.93819	256.25	124.875	111.875	-0.49554962	289558.6	35563
258.68387	228.375	95.0625	88.375	0.49554962	289558.6	35563
309.9359	503.0	67.875	199.75	-0.49554962	289558.6	35563
110.876915	400.5	82.1875	174.875	0.49554962	289558.6	35563
72.815765	450.5	53.34375	201.5	-0.49554962	289558.6	35563
91.310776	298.5	137.875	112.6875	0.49554962	289558.6	35563
100.75058	301.0	77.9375	117.5	0.49554962	289558.6	35563
416.40875	415.25	67.5625	112.75	-0.49554962	289558.6	35563
184.40251	618.5	82.375	165.0	0.49554962	289558.6	35563
186.9621	217.0	53.15625	103.375	-0.49554962	289558.6	35563
262.21378	543.0	35.03125	228.125	-0.49554962	289558.6	35563
118.84277	372.0	137.625	153.625	0.49554962	289558.6	35563
229.58829	403.75	63.46875	171.125	0.49554962	289558.6	35563
97.680885	310.5	78.1875	129.625	0.49554962	289558.6	35563
62.494225	412.75	159.125	184.125	0.49554962	289558.6	35563
52.866245	397.0	135.125	145.625	0.49554962	289558.6	35563
328.93665	351.0	83.0	131.625	-0.49554962	289558.6	35563
373.53235	475.75	163.25	128.375	0.49554962	289558.6	35563
65.377205	240.75	135.125	77.125	0.49554962	289558.6	35563
240.47768	471.5	46.96875	116.875	-0.49554962	289558.6	35563
130.16699	314.5	119.8125	132.875	-0.49554962	289558.6	35563
566.5455	942.0	66.5625	363.5	0.49554962	289558.6	35563
166.29962	411.25	140.0	188.75	-0.49554962	289558.6	35563
193.55948	328.75	71.875	110.0625	-0.49554962	289558.6	35563
195.99742	471.25	113.9375	186.75	0.49554962	289558.6	35563
97.324684	220.0	47.6875	74.5	0.49554962	289558.6	35563
178.2444	300.5	60.625	66.625	0.49554962	289558.6	35563
190.2557	298.25	33.5625	99.3125	0.49554962	289558.6	35563
216.6309	308.75	47.46875	91.25	-0.49554962	289558.6	35563
54.803936	368.5	103.8125	90.4375	0.49554962	289558.6	35563
462.16092	412.5	158.25	198.0	0.49554962	289558.6	35563
174.53078	379.5	132.0	163.625	0.49554962	289558.6	35563
336.98273	569.5	49.03125	109.3125	0.49554962	289558.6	35563
114.67631	433.5	102.5	109.3125	0.49554962	289558.6	35563
265.54456	411.25	85.125	140.125	0.49554962	289558.6	35563
301.50958	363.0	85.375	124.625	0.49554962	289558.6	35563
361.91763	712.0	75.0625	101.8125	-0.49554962	289558.6	35563
246.1509	514.0	60.0625	150.0	0.49554962	289558.6	35563
162.78337	521.5	263.75	192.125	0.49554962	289558.6	35563
141.54352	350.0	117.875	177.375	-0.49554962	289558.6	35563
198.73671	226.0	45.65625	74.75	-0.49554962	289558.6	35563
257.2676	316.0	110.4375	145.125	0.49554962	289558.6	35563
144.70912	305.0	143.5	136.0	-0.49554962	289558.6	35563
175.13097	498.75	97.0	189.5	0.49554962	289558.6	35563
275.09064	478.0	143.0	194.875	0.49554962	289558.6	35563
92.250305	433.25	121.75	119.4375	0.49554962	289558.6	35563
143.73384	514.0	135.25	226.375	0.49554962	289558.6	35563
104.41635	252.5	85.8125	90.375	0.49554962	289558.6	35563
290.27798	459.5	84.875	175.375	-0.49554962	289558.6	35563
119.52176	325.5	110.625	138.5	-0.49554962	289558.6	35563
106.071495	365.0	98.1875	150.875	0.49554962	289558.6	35563
57.76967	224.25	41.5625	90.8125	0.49554962	289558.6	35563
260.72098	397.0	86.875	161.25	0.49554962	289558.6	35563
376.95465	521.0	71.5625	160.375	0.49554962	289558.6	35563
172.9201	865.5	178.125	323.0	0.49554962	289558.6	35563
110.858246	403.25	41.03125	177.0	0.49554962	289558.6	35563
106.62523	265.75	33.5	80.0	0.49554962	289558.6	35563
224.34718	874.0	117.125	174.75	0.49554962	289558.6	35563
246.01372	323.25	38.625	136.125	0.49554962	289558.6	35563
150.17346	281.25	61.28125	111.25	-0.49554962	289558.6	35563
221.58733	210.25	56.03125	94.75	0.49554962	289558.6	35563
426.5844	791.5	93.4375	238.5	-0.49554962	289558.6	35563
141.87917	314.0	35.65625	104.125	0.49554962	289558.6	35563
364.46558	681.0	51.625	182.625	0.49554962	289558.6	35563
187.19318	557.5	62.59375	154.0	0.49554962	289558.6	35563
110.58308	261.5	119.25	92.375	0.49554962	289558.6	35563
95.84721	355.0	123.125	140.0	0.49554962	289558.6	35563
121.07316	359.0	125.25	150.625	-0.49554962	289558.6	35563
157.06993	348.75	86.375	142.375	0.49554962	289558.6	35563
191.92928	349.75	35.71875	138.125	0.49554962	289558.6	35563
157.31407	327.25	80.0625	85.375	0.49554962	289558.6	35563
499.55536	693.5	96.3125	261.75	0.49554962	289558.6	35563
98.0334	388.5	103.8125	147.125	-0.49554962	289558.6	35563
211.28296	252.125	64.9375	136.0	0.49554962	289558.6	35563
178.3119	213.5	88.1875	92.75	-0.49554962	289558.6	35563
92.81431	224.25	48.78125	76.75	0.49554962	289558.6	35563
94.20402	360.75	134.125	176.0	0.49554962	289558.6	35563
276.05872	630.5	75.25	187.25	0.49554962	289558.6	35563
74.87754	529.0	119.75	181.125	0.49554962	289558.6	35563
75.11747	266.75	135.0	98.0	0.49554962	289558.6	35563
198.37448	335.75	71.125	105.0	0.49554962	289558.6	35563
251.63318	255.5	85.4375	96.5625	0.49554962	289558.6	35563
260.2761	638.5	99.0	200.75	-0.49554962	289558.6	35563
76.4887	320.5	43.65625	94.4375	0.49554962	289558.6	35563
90.29813	267.5	53.15625	90.9375	0.49554962	289558.6	35563
240.86249	466.5	109.75	158.375	0.49554962	289558.6	35563
361.3996	472.25	55.34375	161.25	0.49554962	289558.6	35563
168.64769	442.25	33.8125	130.0	0.49554962	289558.6	35563
585.2339	397.5	25.9375	128.25	0.49554962	289558.6	35563
203.9136	369.5	66.625	158.375	0.49554962	289558.6	35563
267.22794	361.25	94.3125	88.875	0.49554962	289558.6	35563
112.81531	526.0	178.375	187.75	0.49554962	289558.6	35563
124.99114	329.25	91.625	156.375	-0.49554962	289558.6	35563
232.52974	581.5	121.0	180.25	-0.49554962	289558.6	35563
137.51332	575.5	107.0625	130.5	-0.49554962	289558.6	35563
101.73562	386.5	106.9375	97.4375	0.49554962	289558.6	35563
130.47395	485.75	67.9375	128.875	-0.49554962	289558.6	35563
179.6863	456.25	82.0625	205.5	0.49554962	289558.6	35563
245.82658	410.5	148.0	164.75	0.49554962	289558.6	35563
113.38747	233.625	43.9375	52.875	-0.49554962	289558.6	35563
302.1659	405.0	90.25	173.75	0.49554962	289558.6	35563
317.66147	358.5	107.0625	149.125	0.49554962	289558.6	35563
211.83556	548.5	226.625	215.25	0.49554962	289558.6	35563
144.8368	302.5	100.375	108.0625	-0.49554962	289558.6	35563
169.1321	405.25	138.875	159.625	0.49554962	289558.6	35563
109.25345	317.75	59.84375	106.875	-0.49554962	289558.6	35563
146.08609	244.375	107.9375	97.0625	0.49554962	289558.6	35563
271.124	722.5	42.3125	116.4375	-0.49554962	289558.6	35563
209.33334	312.0	27.421875	103.25	0.49554962	289558.6	35563
128.61694	307.5	126.9375	64.5	0.49554962	289558.6	35563
120.4061	428.75	123.8125	187.0	0.49554962	289558.6	35563
203.28957	319.5	48.5625	130.25	0.49554962	289558.6	35563
227.43323	351.5	88.0625	173.875	0.49554962	289558.6	35563
119.47116	627.0	39.5625	175.375	0.49554962	289558.6	35563
432.031	373.5	41.59375	124.5	0.49554962	289558.6	35563
151.72594	342.0	186.625	170.125	-0.49554962	289558.6	35563
79.31151	293.0	108.0	139.875	-0.49554962	289558.6	35563
139.30652	347.0	55.78125	81.4375	0.49554962	289558.6	35563
262.97653	495.5	126.5	135.25	0.49554962	289558.6	35563
131.48158	494.0	130.875	190.125	0.49554962	289558.6	35563
88.328476	266.75	71.625	89.6875	-0.49554962	289558.6	35563
106.80132	314.0	81.75	101.4375	-0.49554962	289558.6	35563
155.92795	252.875	94.5625	69.625	0.49554962	289558.6	35563
50.46472	314.75	150.125	110.3125	-0.49554962	289558.6	35563
288.89127	696.5	93.25	191.125	0.49554962	289558.6	35563
133.73848	316.5	98.125	117.9375	0.49554962	289558.6	35563
141.08333	454.0	82.1875	203.125	0.49554962	289558.6	35563
168.43951	504.5	46.34375	123.1875	0.49554962	289558.6	35563
143.57112	302.0	38.09375	110.1875	-0.49554962	289558.6	35563
619.525	861.5	86.125	97.375	0.49554962	289558.6	35563
149.61009	486.0	41.0625	112.75	-0.49554962	289558.6	35563
270.7424	631.0	68.1875	67.875	-0.49554962	289558.6	35563
108.62764	243.125	31.75	92.375	0.49554962	289558.6	35563
201.89307	328.5	60.59375	92.375	0.49554962	289558.6	35563
335.5706	340.5	87.1875	104.6875	0.49554962	289558.6	35563
123.58539	376.25	37.34375	158.75	-0.49554962	289558.6	35563
119.90224	289.75	45.1875	134.25	0.49554962	289558.6	35563
782.13525	629.5	83.8125	78.6875	0.49554962	289558.6	35563
161.56447	458.0	132.75	167.625	0.49554962	289558.6	35563
73.197266	297.75	94.6875	111.75	-0.49554962	289558.6	35563
286.42615	304.25	80.25	144.125	-0.49554962	289558.6	35563
215.8153	369.0	28.84375	120.25	0.49554962	289558.6	35563
165.3231	238.0	47.5	98.6875	-0.49554962	289558.6	35563
176.75032	460.75	127.6875	49.40625	0.49554962	289558.6	35563
172.81427	487.25	87.25	159.5	0.49554962	289558.6	35563
69.32245	305.75	62.15625	95.8125	0.49554962	289558.6	35563
143.23235	310.25	93.125	145.5	-0.49554962	289558.6	35563
67.429695	287.5	32.625	94.4375	0.49554962	289558.6	35563
249.04184	681.0	157.625	195.5	-0.49554962	289558.6	35563
114.94645	307.25	145.25	122.1875	0.49554962	289558.6	35563
75.54961	289.5	123.0625	93.125	0.49554962	289558.6	35563
180.91266	507.0	113.0625	3.2773438	0.49554962	289558.6	35563
114.20895	368.0	143.5	126.875	0.49554962	289558.6	35563
240.95857	463.0	153.625	209.25	-0.49554962	289558.6	35563
200.94016	315.25	39.875	144.375	-0.49554962	289558.6	35563
201.07265	413.25	168.375	139.875	0.49554962	289558.6	35563
112.54684	212.625	35.0625	82.1875	0.49554962	289558.6	35563
288.07263	593.5	40.6875	226.375	0.49554962	289558.6	35563
148.57098	417.75	47.5	143.875	-0.49554962	289558.6	35563
100.20556	354.75	132.0	90.8125	0.49554962	289558.6	35563
147.0984	495.25	195.125	179.625	-0.49554962	289558.6	35563
75.26455	341.5	120.25	127.5625	-0.49554962	289558.6	35563
143.40588	284.25	47.75	126.5	0.49554962	289558.6	35563
92.34995	379.0	67.125	133.875	0.49554962	289558.6	35563
220.6599	453.75	196.25	215.5	0.49554962	289558.6	35563
219.12625	323.75	77.5	132.375	-0.49554962	289558.6	35563
527.4937	1139.0	105.3125	68.625	-0.49554962	289558.6	35563
197.2545	706.5	41.03125	135.0	0.49554962	289558.6	35563
104.11081	376.5	196.125	174.875	0.49554962	289558.6	35563
152.18188	382.25	142.875	171.75	0.49554962	289558.6	35563
192.42023	419.25	39.625	197.75	-0.49554962	289558.6	35563
93.78755	956.0	35.71875	31.390625	0.49554962	289558.6	35563
265.84204	1040.0	78.375	181.125	0.49554962	289558.6	35563
266.11948	246.25	25.703125	88.1875	0.49554962	289558.6	35563
399.26587	493.0	84.625	101.875	0.49554962	289558.6	35563
131.89124	293.25	110.8125	103.125	-0.49554962	289558.6	35563
282.26187	521.5	83.0	171.25	0.49554962	289558.6	35563
301.0909	400.25	117.25	167.0	0.49554962	289558.6	35563
206.81471	547.5	101.9375	176.125	-0.49554962	289558.6	35563
290.47662	426.75	56.53125	180.375	0.49554962	289558.6	35563
174.10991	346.75	97.8125	157.25	-0.49554962	289558.6	35563
97.84015	327.25	91.375	130.0	-0.49554962	289558.6	35563
295.49808	384.0	31.96875	100.5	0.49554962	289558.6	35563
256.73865	448.5	72.0625	134.5	-0.49554962	289558.6	35563
113.973465	301.75	81.125	90.625	0.49554962	289558.6	35563
98.38506	422.0	49.25	118.1875	0.49554962	289558.6	35563
204.71616	488.25	49.0625	156.25	-0.49554962	289558.6	35563
63.768326	242.25	120.3125	102.8125	0.49554962	289558.6	35563
159.32071	230.75	47.09375	92.375	-0.49554962	289558.6	35563
35.534344	222.875	118.375	99.25	0.49554962	289558.6	35563
345.42657	380.25	82.5	152.375	-0.49554962	289558.6	35563
198.31845	329.0	104.4375	159.375	0.49554962	289558.6	35563
86.140854	408.5	153.5	149.75	0.49554962	289558.6	35563
122.741394	542.0	160.375	84.0625	0.49554962	289558.6	35563
172.3927	557.0	31.21875	191.0	0.49554962	289558.6	35563
66.88534	290.5	68.0	126.4375	0.49554962	289558.6	35563
222.34122	427.75	129.125	180.375	0.49554962	289558.6	35563
94.33304	311.75	83.875	7.1953125	0.49554962	289558.6	35563
132.94374	412.0	34.40625	117.625	0.49554962	289558.6	35563
207.8574	412.25	127.8125	172.75	0.49554962	289558.6	35563
152.40668	310.75	98.6875	113.3125	0.49554962	289558.6	35563
88.02913	210.75	107.1875	73.125	0.49554962	289558.6	35563
385.1559	405.25	149.0	162.75	0.49554962	289558.6	35563
87.213264	241.75	124.1875	87.625	-0.49554962	289558.6	35563
267.60727	344.25	136.125	124.75	-0.49554962	289558.6	35563
296.4957	472.0	34.90625	164.5	-0.49554962	289558.6	35563
52.03565	382.5	120.0625	165.125	0.49554962	289558.6	35563
280.15506	418.75	120.9375	145.25	0.49554962	289558.6	35563
39.161358	279.0	46.5625	105.5	0.49554962	289558.6	35563
159.41013	463.25	90.3125	174.625	0.49554962	289558.6	35563
135.77954	396.25	155.875	129.375	0.49554962	289558.6	35563
148.59233	404.5	134.5	175.5	-0.49554962	289558.6	35563
134.02875	387.0	43.625	148.75	0.49554962	289558.6	35563
144.38525	416.0	85.5	168.625	0.49554962	289558.6	35563
66.96732	254.25	118.8125	111.6875	0.49554962	289558.6	35563
175.0651	241.5	65.25	73.6875	-0.49554962	289558.6	35563
92.16494	302.5	54.84375	30.375	0.49554962	289558.6	35563
121.976845	358.25	63.0625	112.0	0.49554962	289558.6	35563
196.06346	210.125	124.0	85.0	-0.49554962	289558.6	35563
59.57689	365.75	169.875	148.25	-0.49554962	289558.6	35563
152.75279	241.125	106.875	101.0625	-0.49554962	289558.6	35563
122.865776	362.5	134.0	158.125	0.49554962	289558.6	35563
376.79742	282.75	109.1875	88.25	0.49554962	289558.6	35563
163.67346	332.25	91.3125	122.1875	0.49554962	289558.6	35563
354.16296	650.0	115.875	185.5	-0.49554962	289558.6	35563
224.69855	487.0	90.1875	187.875	0.49554962	289558.6	35563
174.35693	639.5	224.875	319.75	0.49554962	289558.6	35563
79.701454	445.0	158.125	184.875	0.49554962	289558.6	35563
146.11198	371.75	40.21875	124.125	0.49554962	289558.6	35563
131.92134	258.25	78.0625	112.0	0.49554962	289558.6	35563
225.26059	386.25	101.875	173.375	0.49554962	289558.6	35563
86.07667	621.5	48.9375	200.25	-0.49554962	289558.6	35563
172.39539	513.0	89.625	189.125	0.49554962	289558.6	35563
100.17882	360.25	38.03125	119.9375	0.49554962	289558.6	35563
111.84568	581.5	160.375	187.5	0.49554962	289558.6	35563
180.57924	266.0	73.375	80.3125	0.49554962	289558.6	35563
154.43422	426.5	35.46875	175.75	-0.49554962	289558.6	35563
88.50758	652.0	26.921875	141.375	0.49554962	289558.6	35563
182.84334	529.0	112.375	199.25	-0.49554962	289558.6	35563
116.90516	378.0	93.4375	140.75	0.49554962	289558.6	35563
552.54626	1308.0	205.5	111.875	0.49554962	289558.6	35563
407.15546	258.25	79.6875	114.0625	0.49554962	289558.6	35563
258.18845	376.75	25.953125	143.125	0.49554962	289558.6	35563
148.7408	348.0	59.75	91.4375	-0.49554962	289558.6	35563
201.18637	475.0	105.6875	173.375	0.49554962	289558.6	35563
76.13124	265.25	120.8125	106.0	0.49554962	289558.6	35563
516.4955	874.5	107.375	271.25	-0.49554962	289558.6	35563
176.6561	456.0	157.625	114.9375	0.49554962	289558.6	35563
278.93433	681.0	121.5	175.875	0.49554962	289558.6	35563
158.14244	279.75	41.9375	103.5	-0.49554962	289558.6	35563
57.17662	324.25	162.375	114.25	0.49554962	289558.6	35563
360.21957	458.75	48.5	88.0625	-0.49554962	289558.6	35563
75.68154	291.5	26.921875	133.25	0.49554962	289558.6	35563
340.4917	367.25	131.375	180.25	-0.49554962	289558.6	35563
85.9201	464.75	69.5	3.5722656	0.49554962	289558.6	35563
345.5648	604.0	27.125	95.625	0.49554962	289558.6	35563
104.44981	462.75	71.3125	227.25	0.49554962	289558.6	35563
194.51385	498.5	161.5	190.125	0.49554962	289558.6	35563
285.3827	441.25	133.5	211.75	-0.49554962	289558.6	35563
538.14886	724.5	123.125	156.75	-0.49554962	289558.6	35563
171.80966	364.75	121.4375	156.5	0.49554962	289558.6	35563
493.6245	367.5	73.6875	144.0	0.49554962	289558.6	35563
154.17415	216.125	52.3125	83.375	0.49554962	289558.6	35563
92.89303	376.5	114.625	148.125	-0.49554962	289558.6	35563
45.396477	457.75	105.8125	176.25	0.49554962	289558.6	35563
193.61894	332.25	61.4375	105.1875	0.49554962	289558.6	35563
140.66344	261.75	136.5	101.3125	0.49554962	289558.6	35563
255.06612	534.5	175.375	134.875	0.49554962	289558.6	35563
88.859116	257.25	61.65625	103.0625	0.49554962	289558.6	35563
181.71562	374.0	70.8125	165.625	0.49554962	289558.6	35563
136.87123	283.5	58.84375	76.375	0.49554962	289558.6	35563
85.123886	460.25	86.375	162.75	0.49554962	289558.6	35563
123.04422	235.375	63.15625	113.875	0.49554962	289558.6	35563
159.81866	284.5	113.5	116.375	0.49554962	289558.6	35563
83.22816	610.5	41.03125	151.5	0.49554962	289558.6	35563
240.06206	478.25	106.6875	175.5	0.49554962	289558.6	35563
143.48381	253.875	46.75	102.625	0.49554962	289558.6	35563
140.94693	576.5	84.3125	148.25	-0.49554962	289558.6	35563
85.93318	338.5	29.921875	95.6875	0.49554962	289558.6	35563
137.70743	322.75	58.75	130.875	-0.49554962	289558.6	35563
234.24869	462.75	103.875	175.625	-0.49554962	289558.6	35563
166.19652	399.5	66.5	188.0	0.49554962	289558.6	35563
154.11928	368.0	27.15625	155.375	0.49554962	289558.6	35563
402.25815	463.25	88.625	178.25	-0.49554962	289558.6	35563
233.74246	500.75	42.03125	150.625	0.49554962	289558.6	35563
575.9144	538.5	125.4375	191.875	0.49554962	289558.6	35563
352.9262	539.5	183.75	165.25	0.49554962	289558.6	35563
287.49432	435.0	153.625	174.875	0.49554962	289558.6	35563
41.64824	675.5	47.125	187.5	0.49554962	289558.6	35563
162.71793	678.5	119.125	130.5	0.49554962	289558.6	35563
156.72408	490.25	34.0	175.875	0.49554962	289558.6	35563
231.6228	317.5	92.25	102.5	0.49554962	289558.6	35563
310.91196	654.5	32.125	151.625	0.49554962	289558.6	35563
116.9613	400.25	65.375	149.75	-0.49554962	289558.6	35563
211.84082	321.0	142.5	142.0	-0.49554962	289558.6	35563
268.82855	412.75	82.375	147.375	0.49554962	289558.6	35563
205.25099	498.75	82.875	150.25	0.49554962	289558.6	35563
145.94539	273.0	84.8125	110.625	-0.49554962	289558.6	35563
88.50016	305.25	86.0	127.5625	0.49554962	289558.6	35563
632.907	1096.0	45.25	87.125	0.49554962	289558.6	35563
92.051956	279.5	102.0	146.25	0.49554962	289558.6	35563
118.00537	295.75	119.3125	114.875	0.49554962	289558.6	35563
297.34805	920.5	119.75	181.5	0.49554962	289558.6	35563
158.91678	397.0	35.90625	85.875	0.49554962	289558.6	35563
368.27335	756.5	230.75	308.75	0.49554962	289558.6	35563
327.93457	733.5	104.875	276.75	0.49554962	289558.6	35563
295.50604	329.5	46.40625	104.625	-0.49554962	289558.6	35563
320.76315	370.25	43.34375	176.0	0.49554962	289558.6	35563
209.06306	503.25	120.75	125.3125	0.49554962	289558.6	35563
181.70732	470.25	146.625	181.25	0.49554962	289558.6	35563
78.20956	223.625	93.6875	114.375	0.49554962	289558.6	35563
279.52057	564.0	72.1875	210.125	0.49554962	289558.6	35563
444.7012	911.0	93.5	77.625	0.49554962	289558.6	35563
152.29924	370.0	50.28125	115.0625	0.49554962	289558.6	35563
81.32907	276.0	41.21875	74.6875	0.49554962	289558.6	35563
104.24174	319.0	61.125	130.25	-0.49554962	289558.6	35563
174.32712	435.5	124.8125	162.875	0.49554962	289558.6	35563
192.6655	542.5	74.9375	168.0	0.49554962	289558.6	35563
53.0107	582.0	68.3125	170.0	0.49554962	289558.6	35563
179.55627	451.0	120.125	188.0	0.49554962	289558.6	35563
200.72977	515.5	30.6875	182.0	0.49554962	289558.6	35563
114.93544	236.75	36.71875	86.5625	0.49554962	289558.6	35563
51.849606	441.25	52.84375	172.125	0.49554962	289558.6	35563
135.04506	522.0	33.375	180.125	0.49554962	289558.6	35563
76.926476	316.0	43.21875	107.125	0.49554962	289558.6	35563
141.34476	404.0	28.03125	156.625	-0.49554962	289558.6	35563
122.26279	296.0	26.09375	108.0	0.49554962	289558.6	35563
266.02655	537.5	124.8125	194.625	0.49554962	289558.6	35563
57.984924	425.25	25.15625	123.5625	0.49554962	289558.6	35563
299.86087	396.0	109.8125	166.25	0.49554962	289558.6	35563
159.42317	257.25	51.59375	135.5	0.49554962	289558.6	35563
122.78468	428.5	167.375	136.25	0.49554962	289558.6	35563
271.1002	343.25	63.90625	93.1875	0.49554962	289558.6	35563
127.6716	253.5	84.0625	88.0625	0.49554962	289558.6	35563
200.04593	453.5	28.96875	173.875	-0.49554962	289558.6	35563
453.23514	418.0	92.25	143.125	0.49554962	289558.6	35563
149.87935	331.5	52.71875	126.5625	-0.49554962	289558.6	35563
130.4734	279.0	81.25	90.5625	0.49554962	289558.6	35563
193.57588	343.75	51.84375	109.9375	0.49554962	289558.6	35563
124.344536	245.25	80.3125	99.5625	0.49554962	289558.6	35563
231.94785	452.5	117.0	218.375	0.49554962	289558.6	35563
213.53574	330.25	62.40625	119.25	0.49554962	289558.6	35563
195.60155	389.75	70.75	160.625	-0.49554962	289558.6	35563
208.15413	426.75	127.9375	173.75	0.49554962	289558.6	35563
279.32837	321.0	38.4375	91.875	-0.49554962	289558.6	35563
153.69664	524.0	92.875	167.5	0.49554962	289558.6	35563
410.49542	561.0	154.625	73.0	0.49554962	289558.6	35563
62.632008	546.0	77.125	169.5	-0.49554962	289558.6	35563
133.14551	247.5	155.375	96.5625	0.49554962	289558.6	35563
188.37685	467.75	82.75	164.25	0.49554962	289558.6	35563
302.61462	393.75	129.125	135.0	0.49554962	289558.6	35563
225.85942	326.75	37.9375	133.75	0.49554962	289558.6	35563
182.47955	276.75	62.0	88.4375	-0.49554962	289558.6	35563
199.27882	252.375	88.5625	109.5625	0.49554962	289558.6	35563
152.5232	529.0	151.875	188.25	0.49554962	289558.6	35563
131.04495	329.5	119.5625	118.125	0.49554962	289558.6	35563
92.88224	548.5	149.125	170.375	0.49554962	289558.6	35563
81.92388	543.5	74.4375	177.5	-0.49554962	289558.6	35563
278.7637	618.5	198.0	172.5	0.49554962	289558.6	35563
125.357994	501.5	104.375	170.5	0.49554962	289558.6	35563
310.57623	511.75	102.25	162.625	0.49554962	289558.6	35563
53.564644	337.25	78.0625	121.9375	0.49554962	289558.6	35563
330.37216	628.5	90.375	59.1875	0.49554962	289558.6	35563
149.35674	379.0	119.0	211.625	-0.49554962	289558.6	35563
246.73509	535.5	145.75	24.140625	-0.49554962	289558.6	35563
95.59281	443.75	37.25	178.375	0.49554962	289558.6	35563
357.7858	559.0	147.5	193.875	-0.49554962	289558.6	35563
226.30008	381.25	76.5	161.25	0.49554962	289558.6	35563
61.378586	537.0	115.75	141.375	0.49554962	289558.6	35563
86.37696	432.0	75.625	176.25	0.49554962	289558.6	35563
410.7384	600.5	60.96875	206.625	0.49554962	289558.6	35563
185.27017	569.5	75.125	170.375	-0.49554962	289558.6	35563
86.09565	379.25	170.5	174.0	0.49554962	289558.6	35563
158.71886	331.75	70.1875	104.125	0.49554962	289558.6	35563
140.39763	300.0	50.59375	145.625	-0.49554962	289558.6	35563
53.397934	402.75	56.90625	139.0	-0.49554962	289558.6	35563
154.90082	370.75	58.0	104.1875	0.49554962	289558.6	35563
142.10406	301.5	79.8125	121.0	0.49554962	289558.6	35563
282.07278	350.0	118.8125	147.5	0.49554962	289558.6	35563
80.78658	292.75	73.0625	132.0	-0.49554962	289558.6	35563
190.6063	269.0	77.875	100.5625	0.49554962	289558.6	35563
128.74638	487.0	110.4375	131.125	0.49554962	289558.6	35563
222.82234	451.0	154.5	164.75	0.49554962	289558.6	35563
246.31375	475.25	73.5	152.125	0.49554962	289558.6	35563
167.07793	340.75	33.96875	94.125	0.49554962	289558.6	35563
1183.266	603.5	30.6875	170.625	0.49554962	289558.6	35563
240.1215	424.25	115.75	151.375	0.49554962	289558.6	35563
286.64722	369.0	126.0	153.0	-0.49554962	289558.6	35563
232.26585	433.5	33.59375	161.375	0.49554962	289558.6	35563
66.35109	338.0	182.75	132.875	0.49554962	289558.6	35563
328.85156	472.75	82.75	172.0	0.49554962	289558.6	35563
105.55855	341.25	141.625	143.5	0.49554962	289558.6	35563
513.05994	580.5	130.0	175.375	0.49554962	289558.6	35563
102.10295	381.5	35.5625	136.5	0.49554962	289558.6	35563
325.23868	247.125	115.5	62.46875	0.49554962	289558.6	35563
127.443535	524.5	155.75	173.625	-0.49554962	289558.6	35563
482.19678	617.5	80.3125	310.0	0.49554962	289558.6	35563
246.70432	372.75	93.0625	134.125	0.49554962	289558.6	35563
168.94102	378.75	152.75	159.375	0.49554962	289558.6	35563
240.15614	318.75	88.6875	90.5625	0.49554962	289558.6	35563
66.92758	654.0	231.75	168.875	0.49554962	289558.6	35563
140.16295	267.75	129.25	132.125	0.49554962	289558.6	35563
368.49097	510.5	91.0625	79.25	-0.49554962	289558.6	35563
179.00546	252.375	64.8125	70.0625	0.49554962	289558.6	35563
305.26883	588.5	136.625	184.625	0.49554962	289558.6	35563
409.44427	515.5	113.5625	163.5	-0.49554962	289558.6	35563
125.501526	301.25	120.625	92.0	0.49554962	289558.6	35563
77.85004	407.25	108.375	158.375	0.49554962	289558.6	35563
140.82616	352.5	146.75	154.875	0.49554962	289558.6	35563
110.03615	331.0	82.5	160.875	0.49554962	289558.6	35563
122.26213	262.75	29.09375	109.5	0.49554962	289558.6	35563
302.9076	493.0	61.4375	112.1875	0.49554962	289558.6	35563
138.0552	351.0	138.5	165.375	0.49554962	289558.6	35563
133.13286	414.5	144.625	187.875	-0.49554962	289558.6	35563
165.91866	369.0	113.375	159.375	0.49554962	289558.6	35563
133.78247	208.75	72.3125	88.5625	0.49554962	289558.6	35563
152.84395	322.0	157.25	152.625	0.49554962	289558.6	35563
110.468796	340.25	29.640625	114.3125	0.49554962	289558.6	35563
95.1431	213.625	26.96875	81.6875	0.49554962	289558.6	35563
309.16055	525.0	126.375	142.75	0.49554962	289558.6	35563
118.61576	507.5	141.875	190.875	-0.49554962	289558.6	35563
215.17723	367.5	46.96875	110.25	0.49554962	289558.6	35563
205.3388	346.25	66.1875	112.5625	0.49554962	289558.6	35563
136.29881	244.75	87.8125	107.3125	-0.49554962	289558.6	35563
135.85786	308.75	46.65625	108.0625	0.49554962	289558.6	35563
186.44897	502.5	130.375	136.625	0.49554962	289558.6	35563
286.9134	270.75	125.8125	125.25	0.49554962	289558.6	35563
583.3809	732.5	53.15625	114.625	0.49554962	289558.6	35563
248.38469	361.0	30.203125	124.375	0.49554962	289558.6	35563
641.1808	527.0	137.5	189.0	0.49554962	289558.6	35563
155.4982	530.5	87.9375	143.875	0.49554962	289558.6	35563
96.98875	350.25	168.5	146.875	0.49554962	289558.6	35563
111.37115	309.75	133.0	120.8125	0.49554962	289558.6	35563
145.40894	371.25	160.125	134.25	0.49554962	289558.6	35563
401.20786	576.0	65.0	80.4375	0.49554962	289558.6	35563
101.25543	234.5	70.0	85.9375	0.49554962	289558.6	35563
604.4508	500.75	122.0625	190.375	-0.49554962	289558.6	35563
89.5641	464.25	61.0625	195.25	0.49554962	289558.6	35563
154.34715	302.5	148.875	115.0	0.49554962	289558.6	35563
124.367325	233.875	57.4375	85.5	0.49554962	289558.6	35563
193.72556	313.0	46.21875	133.75	0.49554962	289558.6	35563
106.478806	358.5	41.90625	119.75	0.49554962	289558.6	35563
109.09749	337.25	34.25	134.625	0.49554962	289558.6	35563
233.8239	689.5	35.375	173.0	0.49554962	289558.6	35563
114.13971	417.5	77.0	125.3125	0.49554962	289558.6	35563
164.69229	445.0	44.15625	5.90625	0.49554962	289558.6	35563
99.71447	219.625	41.3125	80.0	0.49554962	289558.6	35563
215.69781	332.25	87.5625	91.625	0.49554962	289558.6	35563
172.76451	335.25	102.3125	136.25	0.49554962	289558.6	35563
76.49577	276.0	34.96875	117.125	0.49554962	289558.6	35563
164.06354	529.0	100.25	230.375	-0.49554962	289558.6	35563
317.93158	431.0	109.5625	198.5	0.49554962	289558.6	35563
233.54707	443.25	56.4375	128.125	0.49554962	289558.6	35563
492.49216	429.25	99.0	172.75	-0.49554962	289558.6	35563
119.00144	490.25	142.125	180.5	0.49554962	289558.6	35563
223.45639	581.5	242.75	293.25	0.49554962	289558.6	35563
158.71175	389.75	70.625	181.375	-0.49554962	289558.6	35563
142.459	685.0	134.0	273.75	0.49554962	289558.6	35563
177.75606	395.0	135.75	185.5	0.49554962	289558.6	35563
370.96542	480.25	114.1875	177.0	0.49554962	289558.6	35563
206.25008	637.5	51.84375	188.625	0.49554962	289558.6	35563
174.16235	412.5	134.625	199.0	-0.49554962	289558.6	35563
181.84946	461.75	85.0625	197.25	0.49554962	289558.6	35563
179.25008	729.0	107.375	205.625	0.49554962	289558.6	35563
170.59904	243.375	106.5625	96.4375	0.49554962	289558.6	35563
222.76361	489.25	119.125	181.25	0.49554962	289558.6	35563
420.39557	566.0	64.5	176.0	0.49554962	289558.6	35563
156.19962	500.75	127.1875	145.0	-0.49554962	289558.6	35563
225.1588	434.5	55.65625	153.375	-0.49554962	289558.6	35563
175.82715	352.0	104.0625	157.5	0.49554962	289558.6	35563
172.91098	519.5	144.625	167.125	0.49554962	289558.6	35563
203.8867	357.5	82.4375	155.5	0.49554962	289558.6	35563
114.82502	444.25	124.5625	212.25	0.49554962	289558.6	35563
171.9366	287.75	54.5625	102.875	0.49554962	289558.6	35563
195.75075	497.25	55.625	212.75	-0.49554962	289558.6	35563
56.661686	238.25	33.625	88.75	0.49554962	289558.6	35563
223.97093	401.5	68.9375	5.5273438	0.49554962	289558.6	35563
102.60138	313.5	26.78125	118.625	0.49554962	289558.6	35563
88.27215	478.25	97.9375	183.875	0.49554962	289558.6	35563
404.51157	448.25	60.4375	155.625	0.49554962	289558.6	35563
171.9991	269.25	30.453125	81.875	-0.49554962	289558.6	35563
281.22754	537.5	112.25	173.5	0.49554962	289558.6	35563
113.84075	252.75	84.125	83.3125	0.49554962	289558.6	35563
179.09814	300.75	45.875	91.625	-0.49554962	289558.6	35563
97.65124	393.5	98.25	146.375	0.49554962	289558.6	35563
127.67212	349.5	117.0	131.125	0.49554962	289558.6	35563
81.87547	526.0	74.4375	167.125	0.49554962	289558.6	35563
141.70786	506.5	49.6875	163.625	-0.49554962	289558.6	35563
158.5799	238.75	40.25	76.1875	0.49554962	289558.6	35563
71.12388	296.0	136.125	122.0	-0.49554962	289558.6	35563
89.59722	216.75	98.25	83.6875	-0.49554962	289558.6	35563
175.65495	621.5	92.3125	0.7397461	-0.49554962	289558.6	35563
73.95208	361.75	59.625	115.0625	0.49554962	289558.6	35563
239.58919	399.0	153.25	169.625	0.49554962	289558.6	35563
341.72415	454.0	121.875	180.375	-0.49554962	289558.6	35563
146.1087	280.25	46.3125	80.3125	0.49554962	289558.6	35563
198.1937	371.0	147.75	139.375	0.49554962	289558.6	35563
160.99268	506.5	131.875	184.125	0.49554962	289558.6	35563
136.7056	690.0	104.6875	144.0	0.49554962	289558.6	35563
449.7109	493.25	80.25	155.0	0.49554962	289558.6	35563
143.15689	552.5	66.5	100.375	0.49554962	289558.6	35563
208.99231	209.0	78.125	93.125	-0.49554962	289558.6	35563
86.15572	335.5	96.6875	100.5	0.49554962	289558.6	35563
142.8449	443.25	35.09375	166.0	0.49554962	289558.6	35563
62.34367	325.75	56.375	139.75	0.49554962	289558.6	35563
263.21677	280.25	39.46875	79.6875	-0.49554962	289558.6	35563
217.91083	248.5	85.1875	122.125	0.49554962	289558.6	35563
200.9381	484.5	163.75	214.125	-0.49554962	289558.6	35563
393.37546	686.5	141.5	185.625	0.49554962	289558.6	35563
68.693794	200.375	81.0	90.3125	0.49554962	289558.6	35563
167.43741	369.75	101.0625	162.375	-0.49554962	289558.6	35563
301.2954	453.0	95.625	154.625	0.49554962	289558.6	35563
157.56009	318.75	46.6875	155.125	-0.49554962	289558.6	35563
531.6888	482.25	86.75	206.375	0.49554962	289558.6	35563
152.88487	254.125	88.0625	95.375	0.49554962	289558.6	35563
398.36658	567.0	95.3125	154.5	0.49554962	289558.6	35563
43.46308	385.75	60.125	7.8945312	0.49554962	289558.6	35563
196.92354	343.75	113.3125	142.125	0.49554962	289558.6	35563
192.84467	514.0	105.6875	177.0	-0.49554962	289558.6	35563
134.28432	291.5	74.375	110.75	0.49554962	289558.6	35563
307.03256	657.5	108.25	110.9375	0.49554962	289558.6	35563
230.8415	486.25	135.5	132.25	0.49554962	289558.6	35563
