lep_pt	AK8_pt	AK4_pt	M_sd	genWeights	sumWeight	N_exp
203.35551	288.25	51.25	106.125	-0.49554962	209915.81	35563
80.543365	358.75	162.0	169.5	0.49554962	209915.81	35563
122.40092	383.5	46.875	163.625	-0.49554962	209915.81	35563
102.95012	255.875	78.5625	88.5625	0.49554962	209915.81	35563
362.37964	405.5	76.875	137.0	0.49554962	209915.81	35563
271.33383	353.0	106.6875	145.5	0.49554962	209915.81	35563
101.454185	320.5	46.9375	3.5058594	0.49554962	209915.81	35563
66.217224	553.5	70.0625	192.875	0.49554962	209915.81	35563
181.19629	408.0	81.0625	166.0	0.49554962	209915.81	35563
71.75665	319.0	55.21875	129.125	0.49554962	209915.81	35563
260.0905	496.25	101.4375	176.0	0.49554962	209915.81	35563
200.31395	361.5	37.90625	157.0	-0.49554962	209915.81	35563
100.27791	250.625	61.625	110.0625	0.49554962	209915.81	35563
117.10622	450.5	131.125	153.375	0.49554962	209915.81	35563
82.0683	257.75	100.4375	107.625	-0.49554962	209915.81	35563
126.21282	445.75	158.5	180.625	0.49554962	209915.81	35563
172.89642	399.0	133.375	192.25	0.49554962	209915.81	35563
147.12398	386.25	124.625	112.1875	0.49554962	209915.81	35563
224.47743	279.75	72.6875	95.9375	0.49554962	209915.81	35563
108.01547	355.75	157.375	148.625	0.49554962	209915.81	35563
220.0925	307.25	26.453125	126.25	0.49554962	209915.81	35563
204.53036	245.75	29.21875	75.3125	0.49554962	209915.81	35563
101.42621	352.25	86.1875	132.125	0.49554962	209915.81	35563
211.97227	436.5	75.0	122.0	0.49554962	209915.81	35563
279.88687	223.5	83.4375	74.5625	0.49554962	209915.81	35563
170.48438	290.75	140.0	119.875	-0.49554962	209915.81	35563
104.903	443.75	94.25	126.1875	-0.49554962	209915.81	35563
220.47826	542.0	27.515625	167.875	0.49554962	209915.81	35563
333.7859	583.0	153.0	186.5	0.49554962	209915.81	35563
118.66489	307.5	89.125	139.75	0.49554962	209915.81	35563
220.19382	291.5	40.125	114.375	0.49554962	209915.81	35563
86.43774	257.5	29.265625	90.75	-0.49554962	209915.81	35563
212.7325	301.5	43.9375	104.125	0.49554962	209915.81	35563
220.53012	209.25	165.375	49.9375	-0.49554962	209915.81	35563
219.35634	352.25	40.875	175.25	0.49554962	209915.81	35563
218.56053	475.25	46.03125	87.5	-0.49554962	209915.81	35563
240.84798	377.75	131.375	170.375	0.49554962	209915.81	35563
175.1837	371.0	81.25	113.75	0.49554962	209915.81	35563
83.93038	411.5	77.5625	173.375	-0.49554962	209915.81	35563
285.08768	637.5	77.1875	199.125	0.49554962	209915.81	35563
214.79518	410.0	112.625	164.25	0.49554962	209915.81	35563
109.53789	495.5	31.6875	173.625	-0.49554962	209915.81	35563
328.99866	350.0	39.40625	64.25	0.49554962	209915.81	35563
111.31033	399.75	34.5625	88.625	-0.49554962	209915.81	35563
200.94118	315.0	111.1875	118.8125	-0.49554962	209915.81	35563
141.18279	243.625	79.125	116.3125	0.49554962	209915.81	35563
105.83312	255.625	157.125	86.3125	0.49554962	209915.81	35563
218.02788	475.5	121.6875	145.5	0.49554962	209915.81	35563
123.28479	470.25	95.9375	179.5	0.49554962	209915.81	35563
257.61008	364.75	138.375	170.25	0.49554962	209915.81	35563
146.5881	427.25	43.5625	101.75	0.49554962	209915.81	35563
92.505905	397.5	106.3125	164.0	0.49554962	209915.81	35563
142.65459	390.0	123.0	120.875	0.49554962	209915.81	35563
123.615776	297.25	161.125	122.875	-0.49554962	209915.81	35563
174.3853	541.5	104.8125	220.5	-0.49554962	209915.81	35563
122.576126	431.75	106.6875	170.0	0.49554962	209915.81	35563
168.45	340.75	127.5625	137.375	0.49554962	209915.81	35563
175.69234	364.75	56.15625	146.625	-0.49554962	209915.81	35563
343.39087	339.25	85.0625	122.0625	0.49554962	209915.81	35563
173.55162	340.5	71.125	145.875	0.49554962	209915.81	35563
222.4314	393.25	93.625	151.75	-0.49554962	209915.81	35563
105.500984	428.0	155.0	132.625	0.49554962	209915.81	35563
234.81715	249.0	99.375	114.625	0.49554962	209915.81	35563
190.13622	438.75	63.59375	141.0	0.49554962	209915.81	35563
327.3967	563.5	112.5	205.875	0.49554962	209915.81	35563
126.093765	437.75	145.75	195.25	0.49554962	209915.81	35563
150.75453	428.5	65.5625	159.5	0.49554962	209915.81	35563
309.94385	358.75	191.5	152.25	0.49554962	209915.81	35563
203.79077	435.0	139.75	180.25	-0.49554962	209915.81	35563
176.84068	533.5	80.4375	183.75	0.49554962	209915.81	35563
324.87436	402.75	128.0	196.0	-0.49554962	209915.81	35563
69.12469	300.5	25.875	122.375	0.49554962	209915.81	35563
202.74213	352.75	58.0	95.9375	0.49554962	209915.81	35563
419.70657	659.5	74.625	175.5	0.49554962	209915.81	35563
64.15815	207.5	91.75	99.125	-0.49554962	209915.81	35563
199.59122	445.5	118.5625	172.625	0.49554962	209915.81	35563
107.045364	368.25	141.875	137.5	0.49554962	209915.81	35563
106.857124	380.75	42.375	105.125	0.49554962	209915.81	35563
20.26565	321.25	111.8125	117.375	0.49554962	209915.81	35563
96.64715	289.5	133.625	121.1875	-0.49554962	209915.81	35563
151.45935	431.75	208.375	167.0	-0.49554962	209915.81	35563
233.15964	725.5	35.4375	80.625	0.49554962	209915.81	35563
53.717224	361.25	27.796875	97.0	-0.49554962	209915.81	35563
502.06686	327.5	95.5	104.0	-0.49554962	209915.81	35563
302.6106	537.5	140.25	141.375	0.49554962	209915.81	35563
146.93747	754.5	58.4375	80.875	0.49554962	209915.81	35563
105.7666	206.625	87.4375	84.75	-0.49554962	209915.81	35563
377.2909	585.5	57.71875	92.9375	-0.49554962	209915.81	35563
160.63885	486.25	214.125	222.0	0.49554962	209915.81	35563
407.6753	878.5	61.5	181.75	-0.49554962	209915.81	35563
213.18088	534.0	104.0625	131.5	0.49554962	209915.81	35563
422.5044	371.0	131.25	109.8125	0.49554962	209915.81	35563
128.51001	278.0	125.4375	67.9375	-0.49554962	209915.81	35563
240.2835	460.25	98.1875	163.0	0.49554962	209915.81	35563
388.91516	597.5	121.5	4.8203125	-0.49554962	209915.81	35563
126.88517	225.125	28.203125	79.375	0.49554962	209915.81	35563
98.575775	345.25	40.21875	11.3671875	0.49554962	209915.81	35563
207.81969	449.75	30.0625	82.5	0.49554962	209915.81	35563
63.95885	374.5	91.125	145.25	0.49554962	209915.81	35563
172.85677	511.5	93.5625	181.625	0.49554962	209915.81	35563
112.910995	291.0	32.15625	116.375	0.49554962	209915.81	35563
181.5682	439.75	83.5	182.25	0.49554962	209915.81	35563
244.46782	318.5	57.21875	127.4375	0.49554962	209915.81	35563
55.219826	254.625	150.75	106.0625	-0.49554962	209915.81	35563
302.46774	202.5	99.9375	86.3125	-0.49554962	209915.81	35563
256.1963	387.0	34.5625	132.5	0.49554962	209915.81	35563
144.84404	285.25	147.25	119.75	0.49554962	209915.81	35563
224.57562	437.5	99.1875	181.0	0.49554962	209915.81	35563
236.60556	437.5	56.75	165.875	0.49554962	209915.81	35563
71.72071	449.5	123.75	137.75	0.49554962	209915.81	35563
278.90793	490.75	98.25	165.125	0.49554962	209915.81	35563
264.79227	450.75	184.375	159.0	0.49554962	209915.81	35563
351.05246	649.0	76.9375	184.375	-0.49554962	209915.81	35563
165.3452	588.0	87.75	145.625	0.49554962	209915.81	35563
325.8809	477.25	91.5625	156.75	-0.49554962	209915.81	35563
209.85243	216.5	104.5625	75.6875	0.49554962	209915.81	35563
236.57196	399.5	56.46875	153.5	0.49554962	209915.81	35563
127.53909	302.0	41.9375	151.125	0.49554962	209915.81	35563
70.90692	356.25	67.6875	114.9375	0.49554962	209915.81	35563
123.14885	400.25	35.6875	93.1875	0.49554962	209915.81	35563
70.89899	330.0	43.625	140.25	0.49554962	209915.81	35563
71.19074	323.75	95.0	167.25	0.49554962	209915.81	35563
115.23503	628.0	76.9375	195.75	0.49554962	209915.81	35563
483.999	465.25	119.875	187.625	-0.49554962	209915.81	35563
239.70508	420.75	85.9375	163.375	0.49554962	209915.81	35563
240.82341	574.5	186.875	189.125	0.49554962	209915.81	35563
45.23425	402.25	100.8125	147.375	0.49554962	209915.81	35563
109.377716	277.0	159.375	113.0	0.49554962	209915.81	35563
90.42405	464.5	224.875	167.75	0.49554962	209915.81	35563
170.88425	451.75	33.21875	141.625	0.49554962	209915.81	35563
247.8625	201.5	66.1875	109.0625	0.49554962	209915.81	35563
166.96065	670.5	98.8125	215.0	-0.49554962	209915.81	35563
110.65233	518.5	54.5625	146.75	0.49554962	209915.81	35563
314.23285	478.25	99.8125	198.5	0.49554962	209915.81	35563
60.515026	431.75	84.75	157.5	-0.49554962	209915.81	35563
76.48238	263.5	120.3125	108.1875	0.49554962	209915.81	35563
128.9397	333.75	29.1875	100.375	-0.49554962	209915.81	35563
114.10957	427.0	155.75	119.75	0.49554962	209915.81	35563
320.01538	599.0	71.6875	155.0	-0.49554962	209915.81	35563
67.256775	377.5	35.65625	98.625	0.49554962	209915.81	35563
93.47983	343.0	125.5	124.0	0.49554962	209915.81	35563
318.77	876.5	25.34375	174.375	0.49554962	209915.81	35563
352.5937	538.5	46.625	157.625	-0.49554962	209915.81	35563
56.60873	286.75	32.96875	115.125	-0.49554962	209915.81	35563
319.20016	322.75	58.90625	95.375	0.49554962	209915.81	35563
679.8771	364.5	143.5	133.25	0.49554962	209915.81	35563
259.04443	472.0	51.0	100.5	0.49554962	209915.81	35563
89.842766	411.0	72.75	90.625	0.49554962	209915.81	35563
65.77588	509.5	68.5	75.625	0.49554962	209915.81	35563
222.80527	411.5	34.25	121.0	0.49554962	209915.81	35563
150.90332	249.75	64.1875	65.8125	0.49554962	209915.81	35563
427.56598	414.5	72.375	171.25	0.49554962	209915.81	35563
102.20951	250.75	74.1875	121.125	0.49554962	209915.81	35563
134.87427	276.25	101.3125	117.3125	-0.49554962	209915.81	35563
205.35803	251.125	83.875	101.125	-0.49554962	209915.81	35563
147.33643	364.75	114.9375	129.125	0.49554962	209915.81	35563
94.683685	240.375	51.0625	98.5625	0.49554962	209915.81	35563
140.31386	495.0	106.125	180.875	0.49554962	209915.81	35563
205.33379	561.5	129.125	172.625	-0.49554962	209915.81	35563
283.7786	486.5	41.96875	105.4375	-0.49554962	209915.81	35563
408.53195	458.75	76.5	152.0	0.49554962	209915.81	35563
254.94315	208.0	140.75	87.125	0.49554962	209915.81	35563
208.6404	448.25	139.75	195.875	0.49554962	209915.81	35563
211.42284	439.25	142.375	125.0625	-0.49554962	209915.81	35563
271.65024	258.5	25.421875	74.3125	0.49554962	209915.81	35563
74.814865	468.0	87.5625	172.125	-0.49554962	209915.81	35563
153.58577	385.75	83.8125	157.75	0.49554962	209915.81	35563
283.995	340.5	88.8125	148.0	0.49554962	209915.81	35563
337.43536	507.5	84.75	245.0	0.49554962	209915.81	35563
500.61435	661.5	92.625	136.0	0.49554962	209915.81	35563
298.3141	343.5	60.59375	142.0	-0.49554962	209915.81	35563
71.44446	369.25	153.375	151.375	0.49554962	209915.81	35563
327.52304	641.0	205.25	142.375	0.49554962	209915.81	35563
125.75157	238.5	59.53125	90.625	0.49554962	209915.81	35563
143.03505	415.25	90.875	145.375	0.49554962	209915.81	35563
169.82803	412.75	141.125	194.625	0.49554962	209915.81	35563
134.11476	467.25	141.375	198.875	0.49554962	209915.81	35563
586.5158	697.5	114.5	96.1875	-0.49554962	209915.81	35563
118.3729	582.0	56.875	178.625	0.49554962	209915.81	35563
260.4137	447.5	28.96875	126.0625	-0.49554962	209915.81	35563
217.97781	302.0	48.46875	104.875	-0.49554962	209915.81	35563
266.86902	415.0	29.71875	137.125	0.49554962	209915.81	35563
109.734505	462.5	86.9375	150.0	0.49554962	209915.81	35563
356.6143	297.75	70.75	123.4375	-0.49554962	209915.81	35563
204.16167	433.25	165.125	185.0	0.49554962	209915.81	35563
54.735878	236.875	25.90625	104.8125	0.49554962	209915.81	35563
329.08188	684.0	116.8125	175.5	0.49554962	209915.81	35563
70.891304	291.75	37.5625	114.9375	-0.49554962	209915.81	35563
100.633995	304.0	25.28125	147.625	0.49554962	209915.81	35563
209.72527	506.0	119.1875	178.125	0.49554962	209915.81	35563
207.25095	283.75	78.4375	101.625	-0.49554962	209915.81	35563
73.06365	412.0	109.125	135.0	0.49554962	209915.81	35563
66.50815	291.5	113.875	119.375	-0.49554962	209915.81	35563
166.97867	423.75	142.5	167.5	0.49554962	209915.81	35563
468.21036	478.25	103.25	180.375	0.49554962	209915.81	35563
135.51138	354.75	54.3125	131.375	0.49554962	209915.81	35563
135.75302	620.5	123.625	7.3789062	0.49554962	209915.81	35563
90.744606	219.625	85.8125	81.0625	-0.49554962	209915.81	35563
251.91565	336.0	110.0	119.6875	0.49554962	209915.81	35563
76.45286	486.5	36.15625	84.125	0.49554962	209915.81	35563
121.59471	474.25	74.375	87.375	0.49554962	209915.81	35563
167.97337	287.5	53.03125	123.3125	0.49554962	209915.81	35563
61.372517	384.0	91.5625	165.625	0.49554962	209915.81	35563
256.5723	390.0	81.375	159.25	0.49554962	209915.81	35563
364.85513	390.5	73.5625	119.0625	-0.49554962	209915.81	35563
228.13345	322.0	107.0	146.875	0.49554962	209915.81	35563
195.48782	403.5	113.5625	166.125	0.49554962	209915.81	35563
99.12815	337.0	45.46875	121.75	-0.49554962	209915.81	35563
185.76064	299.25	99.0625	142.5	-0.49554962	209915.81	35563
86.67348	225.625	76.25	76.25	0.49554962	209915.81	35563
413.5223	322.75	120.75	126.5625	-0.49554962	209915.81	35563
137.39769	291.25	36.15625	114.0625	0.49554962	209915.81	35563
115.29028	365.5	180.75	167.375	0.49554962	209915.81	35563
197.1915	373.5	66.1875	112.75	-0.49554962	209915.81	35563
113.44471	549.5	160.5	140.125	-0.49554962	209915.81	35563
153.92123	400.75	60.3125	116.5625	0.49554962	209915.81	35563
169.9127	446.25	130.25	199.75	0.49554962	209915.81	35563
239.27606	497.25	36.40625	109.8125	0.49554962	209915.81	35563
80.40884	350.75	139.0	148.0	0.49554962	209915.81	35563
154.05795	390.0	31.296875	144.125	-0.49554962	209915.81	35563
167.84706	294.25	34.28125	89.75	0.49554962	209915.81	35563
213.48969	382.25	88.625	111.6875	0.49554962	209915.81	35563
246.26573	328.0	69.3125	132.125	0.49554962	209915.81	35563
305.10266	254.625	62.40625	90.625	0.49554962	209915.81	35563
113.54374	328.25	120.375	114.5625	0.49554962	209915.81	35563
92.48194	388.0	111.0625	188.875	0.49554962	209915.81	35563
228.78522	345.0	80.3125	157.0	0.49554962	209915.81	35563
249.2993	305.0	84.8125	124.4375	0.49554962	209915.81	35563
268.90378	723.0	30.59375	186.0	-0.49554962	209915.81	35563
273.99347	263.75	50.46875	104.5625	-0.49554962	209915.81	35563
73.23657	439.5	95.5	135.0	0.49554962	209915.81	35563
444.00397	705.0	173.5	291.0	-0.49554962	209915.81	35563
199.45966	297.25	59.40625	106.1875	0.49554962	209915.81	35563
569.74133	482.25	129.0	172.5	0.49554962	209915.81	35563
190.97966	284.75	36.0	94.375	0.49554962	209915.81	35563
135.84647	333.25	67.875	116.4375	0.49554962	209915.81	35563
179.86275	611.5	31.859375	124.0	0.49554962	209915.81	35563
291.30145	398.5	126.8125	143.625	-0.49554962	209915.81	35563
118.642395	491.25	148.75	202.625	0.49554962	209915.81	35563
178.09558	225.625	55.40625	90.3125	0.49554962	209915.81	35563
107.37504	342.5	82.3125	15.0	0.49554962	209915.81	35563
141.459	239.0	106.5	74.1875	-0.49554962	209915.81	35563
233.90495	527.0	34.8125	152.25	0.49554962	209915.81	35563
142.45818	454.75	179.625	190.0	-0.49554962	209915.81	35563
128.60345	386.25	27.25	145.625	-0.49554962	209915.81	35563
53.939697	413.5	138.375	186.25	-0.49554962	209915.81	35563
282.22156	287.0	80.75	112.75	0.49554962	209915.81	35563
364.13754	321.5	62.84375	0.06304932	-0.49554962	209915.81	35563
157.85051	492.5	120.9375	168.75	0.49554962	209915.81	35563
145.53932	500.75	85.3125	158.375	0.49554962	209915.81	35563
182.08789	380.0	195.0	177.375	0.49554962	209915.81	35563
75.85892	385.5	136.125	142.625	0.49554962	209915.81	35563
171.02025	370.25	104.75	188.75	0.49554962	209915.81	35563
62.028618	308.0	57.84375	127.0	0.49554962	209915.81	35563
243.48816	339.75	132.125	160.625	-0.49554962	209915.81	35563
139.14478	592.5	158.0	195.0	0.49554962	209915.81	35563
143.58363	274.5	56.84375	103.875	-0.49554962	209915.81	35563
87.62799	455.5	97.1875	94.1875	0.49554962	209915.81	35563
135.04503	409.25	30.328125	128.125	0.49554962	209915.81	35563
174.88043	289.25	82.9375	116.75	0.49554962	209915.81	35563
171.95088	431.75	64.3125	179.375	0.49554962	209915.81	35563
143.33931	320.75	85.125	120.1875	0.49554962	209915.81	35563
185.96442	249.75	40.84375	64.6875	0.49554962	209915.81	35563
141.49124	299.75	52.6875	96.9375	0.49554962	209915.81	35563
597.2001	335.25	47.9375	129.5	0.49554962	209915.81	35563
549.3729	691.5	123.25	207.75	0.49554962	209915.81	35563
115.62136	325.75	136.0	145.5	0.49554962	209915.81	35563
122.402	337.5	76.8125	123.0	0.49554962	209915.81	35563
162.38461	335.25	55.21875	101.875	-0.49554962	209915.81	35563
344.09827	298.75	130.625	139.5	0.49554962	209915.81	35563
183.55019	241.875	61.5	91.0625	0.49554962	209915.81	35563
166.24814	397.5	96.9375	134.375	-0.49554962	209915.81	35563
340.79446	211.25	26.171875	69.3125	0.49554962	209915.81	35563
70.375824	296.25	100.0	131.375	-0.49554962	209915.81	35563
120.75673	453.75	112.75	180.5	0.49554962	209915.81	35563
126.64339	301.75	127.125	77.3125	0.49554962	209915.81	35563
420.93085	563.0	203.125	223.125	0.49554962	209915.81	35563
175.15218	441.25	114.625	160.25	0.49554962	209915.81	35563
217.49425	516.5	76.5	81.4375	-0.49554962	209915.81	35563
101.822655	249.75	77.25	90.4375	0.49554962	209915.81	35563
86.58807	625.0	89.5	75.5	-0.49554962	209915.81	35563
208.25111	551.0	39.375	120.6875	0.49554962	209915.81	35563
66.26649	437.5	137.375	169.625	-0.49554962	209915.81	35563
153.77199	502.75	79.75	133.625	0.49554962	209915.81	35563
292.53995	227.25	76.875	101.125	-0.49554962	209915.81	35563
115.05253	341.25	138.375	147.25	0.49554962	209915.81	35563
409.95618	693.5	80.5625	200.25	0.49554962	209915.81	35563
284.8346	305.0	63.3125	119.25	0.49554962	209915.81	35563
273.86374	401.5	55.6875	137.0	0.49554962	209915.81	35563
92.14013	326.25	130.625	86.0	0.49554962	209915.81	35563
220.34348	675.5	51.21875	191.75	-0.49554962	209915.81	35563
72.45231	241.75	48.625	89.4375	0.49554962	209915.81	35563
1204.222	1030.0	60.4375	82.6875	0.49554962	209915.81	35563
414.06247	625.0	90.0625	250.625	0.49554962	209915.81	35563
150.42749	200.375	62.625	3.7871094	0.49554962	209915.81	35563
124.92585	291.0	27.421875	112.125	0.49554962	209915.81	35563
197.41164	241.0	58.6875	130.0	0.49554962	209915.81	35563
300.4206	549.5	109.375	126.3125	0.49554962	209915.81	35563
405.88205	284.5	57.0	73.375	-0.49554962	209915.81	35563
137.08809	273.25	109.875	84.625	-0.49554962	209915.81	35563
94.76139	577.0	25.9375	83.8125	0.49554962	209915.81	35563
65.633415	242.875	46.3125	92.75	0.49554962	209915.81	35563
250.91577	350.25	67.0625	129.125	-0.49554962	209915.81	35563
265.73016	356.75	94.625	127.875	0.49554962	209915.81	35563
240.67651	618.0	106.5625	198.625	0.49554962	209915.81	35563
78.275	341.25	65.625	109.1875	-0.49554962	209915.81	35563
45.593777	330.25	71.5	177.0	0.49554962	209915.81	35563
134.39058	483.5	75.125	183.25	-0.49554962	209915.81	35563
171.08893	415.5	192.625	191.875	0.49554962	209915.81	35563
70.16057	428.75	28.984375	120.5	0.49554962	209915.81	35563
197.70125	441.25	83.5625	185.0	0.49554962	209915.81	35563
170.37419	445.25	160.375	145.375	0.49554962	209915.81	35563
123.265144	515.5	110.875	180.5	0.49554962	209915.81	35563
226.73305	464.25	123.1875	188.375	0.49554962	209915.81	35563
96.46241	444.0	112.0625	148.0	0.49554962	209915.81	35563
385.75494	323.5	117.75	128.25	0.49554962	209915.81	35563
127.57804	456.75	136.625	224.25	0.49554962	209915.81	35563
322.8571	383.0	57.1875	168.375	0.49554962	209915.81	35563
96.38611	208.375	60.21875	101.5	-0.49554962	209915.81	35563
206.39651	617.0	48.375	206.0	-0.49554962	209915.81	35563
117.59959	286.0	72.625	113.75	-0.49554962	209915.81	35563
260.49454	509.0	145.25	279.0	-0.49554962	209915.81	35563
147.4208	674.0	105.625	173.5	0.49554962	209915.81	35563
107.482315	379.5	140.0	127.25	0.49554962	209915.81	35563
112.36616	341.75	58.375	75.875	-0.49554962	209915.81	35563
192.15097	264.75	114.375	112.6875	0.49554962	209915.81	35563
263.47968	349.75	56.28125	136.25	0.49554962	209915.81	35563
387.62552	620.5	132.5	213.375	0.49554962	209915.81	35563
449.9936	558.0	174.625	205.0	0.49554962	209915.81	35563
205.21498	298.25	148.875	128.375	0.49554962	209915.81	35563
213.88194	454.5	141.125	178.25	0.49554962	209915.81	35563
70.220955	302.25	25.15625	134.875	0.49554962	209915.81	35563
120.476715	459.75	74.8125	190.0	0.49554962	209915.81	35563
173.0643	296.75	66.875	117.5	0.49554962	209915.81	35563
77.895905	554.0	53.96875	190.5	0.49554962	209915.81	35563
262.52994	324.0	70.3125	91.0	0.49554962	209915.81	35563
74.69684	357.25	118.0625	123.875	-0.49554962	209915.81	35563
117.07429	556.5	28.5625	138.375	0.49554962	209915.81	35563
201.30804	367.75	123.375	123.5625	-0.49554962	209915.81	35563
336.0425	593.5	78.0625	185.75	-0.49554962	209915.81	35563
218.60852	277.75	65.5	139.375	0.49554962	209915.81	35563
64.92894	260.75	121.375	126.0	0.49554962	209915.81	35563
246.73242	245.375	71.4375	94.0625	-0.49554962	209915.81	35563
109.33717	279.0	113.5	115.6875	0.49554962	209915.81	35563
441.93097	481.75	142.625	155.5	0.49554962	209915.81	35563
278.20758	469.5	44.9375	167.25	0.49554962	209915.81	35563
180.68092	534.5	128.125	176.125	0.49554962	209915.81	35563
302.9134	306.75	40.375	123.75	0.49554962	209915.81	35563
122.562874	226.5	134.5	87.75	-0.49554962	209915.81	35563
112.72886	244.75	118.125	104.4375	0.49554962	209915.81	35563
117.48309	353.75	163.875	135.25	-0.49554962	209915.81	35563
127.31324	326.5	54.96875	133.25	-0.49554962	209915.81	35563
91.97953	612.5	46.65625	185.5	-0.49554962	209915.81	35563
120.306946	410.0	81.6875	70.875	0.49554962	209915.81	35563
126.90495	403.0	99.0625	183.625	0.49554962	209915.81	35563
104.16874	374.0	70.4375	107.8125	0.49554962	209915.81	35563
116.38216	460.25	161.5	186.25	0.49554962	209915.81	35563
329.72495	550.0	105.9375	185.5	0.49554962	209915.81	35563
358.85788	815.0	155.125	220.25	0.49554962	209915.81	35563
126.76855	245.875	83.3125	88.875	-0.49554962	209915.81	35563
304.4221	522.0	96.0625	189.25	0.49554962	209915.81	35563
276.25406	438.75	28.125	157.625	0.49554962	209915.81	35563
456.09915	622.5	218.625	238.125	0.49554962	209915.81	35563
170.46379	248.625	86.8125	117.25	0.49554962	209915.81	35563
66.62739	210.25	133.5	95.8125	-0.49554962	209915.81	35563
155.0847	576.5	47.375	89.9375	0.49554962	209915.81	35563
114.14009	290.25	101.6875	120.375	0.49554962	209915.81	35563
168.72018	259.5	108.8125	112.5625	0.49554962	209915.81	35563
157.62474	274.0	69.8125	121.6875	0.49554962	209915.81	35563
119.191895	391.75	91.75	197.25	0.49554962	209915.81	35563
69.91861	264.25	128.5	100.5625	0.49554962	209915.81	35563
161.65497	370.75	39.21875	126.5625	0.49554962	209915.81	35563
47.498238	263.5	70.0625	96.625	-0.49554962	209915.81	35563
205.3279	463.25	175.25	180.625	0.49554962	209915.81	35563
193.68161	544.5	94.8125	144.625	0.49554962	209915.81	35563
195.83435	608.0	134.625	150.5	-0.49554962	209915.81	35563
550.22894	381.75	44.3125	88.375	0.49554962	209915.81	35563
49.75838	243.5	108.25	64.1875	0.49554962	209915.81	35563
109.899185	338.5	44.1875	149.0	0.49554962	209915.81	35563
248.2096	356.5	82.625	136.125	-0.49554962	209915.81	35563
352.62912	432.75	67.25	147.75	0.49554962	209915.81	35563
112.89304	541.5	127.4375	197.75	0.49554962	209915.81	35563
233.9605	233.375	39.1875	102.625	0.49554962	209915.81	35563
246.31918	424.0	85.5625	119.9375	0.49554962	209915.81	35563
330.31827	611.5	150.25	241.875	-0.49554962	209915.81	35563
242.49107	423.0	33.4375	131.125	0.49554962	209915.81	35563
169.04294	311.75	94.0625	134.125	0.49554962	209915.81	35563
70.50956	339.5	78.25	114.5625	0.49554962	209915.81	35563
543.93805	627.0	101.1875	123.9375	0.49554962	209915.81	35563
124.092545	379.5	81.6875	109.0	0.49554962	209915.81	35563
249.38306	609.0	98.25	183.375	0.49554962	209915.81	35563
180.81169	390.5	143.875	142.625	0.49554962	209915.81	35563
50.76742	316.25	102.25	136.375	0.49554962	209915.81	35563
159.82808	445.0	114.875	159.125	0.49554962	209915.81	35563
287.87265	316.0	131.875	124.3125	0.49554962	209915.81	35563
168.34631	323.75	96.875	125.125	0.49554962	209915.81	35563
376.30743	282.0	86.5	125.375	0.49554962	209915.81	35563
433.3016	306.25	75.8125	119.5	-0.49554962	209915.81	35563
228.78543	266.75	111.875	96.875	0.49554962	209915.81	35563
372.6342	604.5	142.0	191.75	-0.49554962	209915.81	35563
317.15375	327.25	60.0	118.75	0.49554962	209915.81	35563
78.663414	490.5	128.625	142.5	0.49554962	209915.81	35563
92.195244	508.25	94.9375	132.0	0.49554962	209915.81	35563
116.7176	505.75	130.625	256.25	0.49554962	209915.81	35563
69.55128	258.25	38.125	94.75	0.49554962	209915.81	35563
205.2129	585.5	27.21875	139.5	0.49554962	209915.81	35563
323.21356	535.0	151.625	172.25	0.49554962	209915.81	35563
153.04512	419.0	77.6875	147.375	-0.49554962	209915.81	35563
200.58878	379.5	26.15625	99.6875	-0.49554962	209915.81	35563
68.62269	283.0	34.71875	112.9375	-0.49554962	209915.81	35563
308.2941	474.75	87.25	162.625	0.49554962	209915.81	35563
292.2485	519.5	122.1875	115.9375	0.49554962	209915.81	35563
294.04544	886.0	35.65625	135.375	0.49554962	209915.81	35563
174.89478	554.0	107.1875	3.7441406	0.49554962	209915.81	35563
132.45567	905.5	63.53125	193.125	0.49554962	209915.81	35563
232.57085	563.5	152.375	137.0	0.49554962	209915.81	35563
103.01885	451.0	59.4375	181.75	-0.49554962	209915.81	35563
145.16434	534.5	142.125	165.375	0.49554962	209915.81	35563
185.95428	377.5	54.25	145.25	-0.49554962	209915.81	35563
224.36766	247.5	61.78125	103.875	0.49554962	209915.81	35563
136.85213	393.0	208.5	200.25	0.49554962	209915.81	35563
270.6124	485.0	27.796875	166.625	0.49554962	209915.81	35563
135.92873	272.25	113.0625	88.625	0.49554962	209915.81	35563
113.71636	327.0	86.6875	73.3125	0.49554962	209915.81	35563
122.627975	409.5	129.75	161.625	0.49554962	209915.81	35563
112.356834	420.5	165.375	158.875	0.49554962	209915.81	35563
170.7044	325.0	33.375	138.25	0.49554962	209915.81	35563
232.05205	282.75	98.625	78.125	-0.49554962	209915.81	35563
205.81534	324.0	113.75	122.8125	0.49554962	209915.81	35563
66.7272	546.5	119.6875	176.625	0.49554962	209915.81	35563
185.06494	391.25	163.375	111.4375	0.49554962	209915.81	35563
331.83167	423.0	100.9375	155.625	0.49554962	209915.81	35563
217.83397	363.75	164.625	172.5	0.49554962	209915.81	35563
190.9703	243.5	123.3125	97.6875	0.49554962	209915.81	35563
214.13701	444.0	151.625	144.75	0.49554962	209915.81	35563
238.97112	468.75	162.125	127.75	-0.49554962	209915.81	35563
76.22224	502.25	53.34375	136.625	0.49554962	209915.81	35563
343.32312	573.5	126.375	129.125	-0.49554962	209915.81	35563
238.38513	279.25	59.375	95.0625	0.49554962	209915.81	35563
90.092476	399.25	26.109375	162.125	-0.49554962	209915.81	35563
246.1899	238.875	82.0625	76.5625	-0.49554962	209915.81	35563
142.87865	316.5	97.625	118.4375	0.49554962	209915.81	35563
85.01408	510.0	160.0	183.75	0.49554962	209915.81	35563
99.047935	309.75	81.1875	103.125	0.49554962	209915.81	35563
83.52411	421.25	74.4375	177.0	0.49554962	209915.81	35563
84.24526	315.5	126.8125	86.875	0.49554962	209915.81	35563
81.01005	544.0	127.1875	171.125	0.49554962	209915.81	35563
229.77054	456.75	94.125	168.625	0.49554962	209915.81	35563
47.264084	275.25	48.21875	119.5625	0.49554962	209915.81	35563
170.30107	239.125	59.84375	80.4375	0.49554962	209915.81	35563
254.37051	281.75	113.875	69.125	0.49554962	209915.81	35563
163.22682	320.25	129.375	147.625	0.49554962	209915.81	35563
145.96872	331.25	47.03125	106.4375	0.49554962	209915.81	35563
90.97919	328.0	149.25	108.6875	0.49554962	209915.81	35563
174.48967	361.5	151.5	146.0	0.49554962	209915.81	35563
115.265396	379.25	95.125	126.5625	0.49554962	209915.81	35563
177.57445	200.375	37.4375	69.5	-0.49554962	209915.81	35563
358.1268	550.0	143.125	189.125	-0.49554962	209915.81	35563
327.79623	506.25	37.125	149.5	0.49554962	209915.81	35563
70.80241	404.0	57.0	183.625	0.49554962	209915.81	35563
91.701225	224.875	81.125	75.0	0.49554962	209915.81	35563
175.73123	422.5	123.6875	91.125	-0.49554962	209915.81	35563
81.63176	455.75	132.125	166.125	0.49554962	209915.81	35563
123.27456	280.5	129.875	120.0	0.49554962	209915.81	35563
224.56776	322.5	62.53125	120.375	0.49554962	209915.81	35563
81.5763	330.5	75.125	160.5	-0.49554962	209915.81	35563
70.1827	208.75	38.15625	90.1875	0.49554962	209915.81	35563
131.01869	387.5	26.234375	141.25	0.49554962	209915.81	35563
363.3611	397.25	123.5	157.875	0.49554962	209915.81	35563
115.73422	384.25	94.125	182.125	0.49554962	209915.81	35563
112.41978	350.75	148.875	168.25	0.49554962	209915.81	35563
195.7551	474.0	52.1875	146.0	0.49554962	209915.81	35563
164.61937	362.25	94.125	145.625	-0.49554962	209915.81	35563
153.1029	232.25	79.6875	86.3125	-0.49554962	209915.81	35563
250.95207	331.5	139.375	129.25	0.49554962	209915.81	35563
112.89149	233.5	113.875	113.1875	-0.49554962	209915.81	35563
116.468735	490.25	117.375	230.375	0.49554962	209915.81	35563
90.48337	454.25	53.625	133.375	0.49554962	209915.81	35563
277.7315	424.0	72.875	95.1875	0.49554962	209915.81	35563
105.25289	260.5	41.46875	84.1875	0.49554962	209915.81	35563
158.51476	247.125	150.375	1.6962891	-0.49554962	209915.81	35563
106.32373	212.75	62.0	57.34375	-0.49554962	209915.81	35563
239.75531	333.25	100.9375	139.5	0.49554962	209915.81	35563
104.64018	253.5	98.1875	91.125	0.49554962	209915.81	35563
104.52669	263.75	88.0625	100.25	-0.49554962	209915.81	35563
236.1282	539.0	36.8125	114.5	0.49554962	209915.81	35563
156.10513	244.0	47.0625	82.3125	0.49554962	209915.81	35563
346.92648	658.0	66.3125	105.9375	0.49554962	209915.81	35563
340.68008	503.75	45.5	147.875	0.49554962	209915.81	35563
670.65906	821.5	60.0625	124.375	0.49554962	209915.81	35563
147.2335	358.5	147.75	92.6875	0.49554962	209915.81	35563
56.443855	278.25	83.9375	70.1875	0.49554962	209915.81	35563
131.6369	594.0	121.0625	48.8125	0.49554962	209915.81	35563
182.12611	494.75	147.25	196.875	-0.49554962	209915.81	35563
111.068474	606.0	116.4375	197.75	0.49554962	209915.81	35563
356.29333	345.25	67.125	133.25	0.49554962	209915.81	35563
253.83046	478.5	85.375	183.75	0.49554962	209915.81	35563
266.86435	1205.0	25.3125	189.875	0.49554962	209915.81	35563
109.146996	351.75	110.9375	179.375	0.49554962	209915.81	35563
279.40372	595.0	95.5	174.75	0.49554962	209915.81	35563
66.002075	262.5	57.15625	91.6875	0.49554962	209915.81	35563
202.36424	240.375	74.125	106.0	0.49554962	209915.81	35563
83.78423	384.75	26.15625	167.125	0.49554962	209915.81	35563
136.32967	283.75	50.46875	99.3125	0.49554962	209915.81	35563
85.12893	587.5	28.71875	179.25	-0.49554962	209915.81	35563
64.26748	365.0	60.5625	137.125	0.49554962	209915.81	35563
95.625244	369.5	110.875	108.9375	0.49554962	209915.81	35563
98.35506	231.125	30.40625	89.3125	0.49554962	209915.81	35563
101.65997	282.25	60.5625	119.0625	-0.49554962	209915.81	35563
49.650455	430.25	58.53125	158.0	0.49554962	209915.81	35563
149.49748	444.5	167.75	196.0	0.49554962	209915.81	35563
216.28207	390.5	90.25	79.4375	-0.49554962	209915.81	35563
186.30136	318.75	114.6875	156.375	-0.49554962	209915.81	35563
173.18802	474.0	187.5	190.125	0.49554962	209915.81	35563
456.24365	483.5	140.875	174.25	0.49554962	209915.81	35563
242.62053	438.25	60.0625	77.5	0.49554962	209915.81	35563
131.47401	350.0	154.125	145.625	-0.49554962	209915.81	35563
315.82428	444.5	108.875	173.875	-0.49554962	209915.81	35563
91.23707	297.25	26.328125	117.125	0.49554962	209915.81	35563
314.8034	348.0	106.3125	121.9375	0.49554962	209915.81	35563
83.7756	629.5	45.4375	179.75	0.49554962	209915.81	35563
135.78227	363.25	110.9375	155.125	0.49554962	209915.81	35563
100.4851	328.25	60.6875	148.75	0.49554962	209915.81	35563
198.65904	478.0	103.625	201.375	0.49554962	209915.81	35563
265.445	303.75	74.8125	93.6875	-0.49554962	209915.81	35563
102.25785	270.5	31.546875	69.125	0.49554962	209915.81	35563
559.1632	547.5	75.9375	168.25	0.49554962	209915.81	35563
127.293304	339.25	28.6875	96.6875	0.49554962	209915.81	35563
110.84447	867.0	83.4375	179.625	0.49554962	209915.81	35563
200.66994	213.5	105.75	55.125	0.49554962	209915.81	35563
156.58212	344.75	123.75	124.25	0.49554962	209915.81	35563
296.7333	728.0	41.9375	187.625	0.49554962	209915.81	35563
220.1692	394.5	83.625	153.125	0.49554962	209915.81	35563
124.992836	467.0	27.625	135.125	0.49554962	209915.81	35563
231.44809	428.75	38.125	175.5	0.49554962	209915.81	35563
51.112606	509.75	115.125	201.25	0.49554962	209915.81	35563
110.06304	396.75	136.375	120.9375	0.49554962	209915.81	35563
190.7049	306.0	110.5	116.25	-0.49554962	209915.81	35563
70.7722	257.5	114.3125	91.375	0.49554962	209915.81	35563
257.6131	379.5	120.875	174.25	0.49554962	209915.81	35563
142.72496	253.125	58.375	126.125	0.49554962	209915.81	35563
140.61314	284.0	118.5	131.0	-0.49554962	209915.81	35563
175.16301	373.5	51.0625	134.5	0.49554962	209915.81	35563
112.3401	366.0	55.8125	149.125	0.49554962	209915.81	35563
175.81682	370.0	137.625	132.25	-0.49554962	209915.81	35563
170.45193	461.5	108.3125	184.125	-0.49554962	209915.81	35563
66.12548	220.125	87.625	106.5	0.49554962	209915.81	35563
250.23161	545.5	187.5	242.375	0.49554962	209915.81	35563
172.32132	508.25	146.75	180.625	-0.49554962	209915.81	35563
166.85803	285.25	70.625	132.125	0.49554962	209915.81	35563
483.28076	439.5	110.0625	170.0	-0.49554962	209915.81	35563
231.10036	335.25	108.875	119.3125	0.49554962	209915.81	35563
72.92337	430.5	127.375	178.375	0.49554962	209915.81	35563
120.563385	520.5	36.1875	121.75	0.49554962	209915.81	35563
225.43262	748.0	75.6875	129.125	0.49554962	209915.81	35563
138.80937	373.25	103.8125	128.875	-0.49554962	209915.81	35563
174.73045	455.5	63.25	181.875	-0.49554962	209915.81	35563
350.8183	400.25	93.875	161.75	0.49554962	209915.81	35563
45.059406	293.75	121.25	98.3125	0.49554962	209915.81	35563
96.462906	480.75	93.0	178.25	-0.49554962	209915.81	35563
213.47096	558.0	128.875	181.125	0.49554962	209915.81	35563
396.34473	448.75	70.125	176.125	-0.49554962	209915.81	35563
87.7146	508.0	72.5625	171.875	0.49554962	209915.81	35563
209.82294	374.75	194.625	54.3125	0.49554962	209915.81	35563
380.9866	486.5	88.875	223.75	-0.49554962	209915.81	35563
152.59976	275.75	81.8125	123.5	-0.49554962	209915.81	35563
142.71274	373.75	95.3125	167.5	0.49554962	209915.81	35563
128.83893	242.75	94.25	86.9375	0.49554962	209915.81	35563
249.80292	397.75	170.625	186.5	-0.49554962	209915.81	35563
313.3755	507.0	99.3125	194.0	0.49554962	209915.81	35563
315.52127	440.0	31.734375	68.75	-0.49554962	209915.81	35563
155.81079	641.5	177.75	152.875	-0.49554962	209915.81	35563
164.9863	551.5	33.75	81.8125	0.49554962	209915.81	35563
68.18016	243.125	64.25	94.375	0.49554962	209915.81	35563
55.963387	377.75	151.5	162.0	0.49554962	209915.81	35563
263.61343	450.25	59.84375	155.5	0.49554962	209915.81	35563
355.3736	381.0	43.65625	111.625	-0.49554962	209915.81	35563
108.653564	355.0	67.8125	121.8125	0.49554962	209915.81	35563
239.84564	758.0	37.15625	205.0	0.49554962	209915.81	35563
141.1851	360.0	95.375	159.125	0.49554962	209915.81	35563
188.99593	423.25	107.75	165.625	-0.49554962	209915.81	35563
127.442856	240.75	47.28125	117.875	0.49554962	209915.81	35563
100.57951	209.25	61.90625	37.71875	0.49554962	209915.81	35563
46.750763	271.0	71.875	113.9375	0.49554962	209915.81	35563
129.0249	414.75	144.375	128.375	0.49554962	209915.81	35563
314.24136	293.5	81.5	123.375	0.49554962	209915.81	35563
58.917725	420.25	66.6875	133.625	0.49554962	209915.81	35563
429.66406	287.0	93.5625	92.4375	-0.49554962	209915.81	35563
130.67537	262.5	125.1875	114.8125	0.49554962	209915.81	35563
142.31851	393.0	112.5	147.25	0.49554962	209915.81	35563
124.59315	463.0	69.5625	6.4765625	0.49554962	209915.81	35563
185.1445	393.75	30.828125	136.125	0.49554962	209915.81	35563
155.7323	441.75	103.4375	158.125	0.49554962	209915.81	35563
188.8178	334.5	64.1875	88.375	0.49554962	209915.81	35563
189.10277	505.0	31.140625	228.75	0.49554962	209915.81	35563
204.00824	397.5	92.125	106.9375	0.49554962	209915.81	35563
189.83102	410.0	26.484375	188.625	0.49554962	209915.81	35563
159.11713	388.25	115.375	153.0	0.49554962	209915.81	35563
114.54572	660.5	60.59375	159.5	0.49554962	209915.81	35563
282.14142	701.0	130.875	203.0	0.49554962	209915.81	35563
87.01828	205.625	60.0	95.125	-0.49554962	209915.81	35563
184.19246	330.0	111.625	144.75	0.49554962	209915.81	35563
100.19517	371.5	37.0625	125.5625	0.49554962	209915.81	35563
505.60004	488.25	205.375	201.25	0.49554962	209915.81	35563
199.89221	491.75	137.375	172.375	0.49554962	209915.81	35563
202.05742	599.0	90.4375	117.25	0.49554962	209915.81	35563
82.848854	280.25	133.375	125.9375	0.49554962	209915.81	35563
150.638	393.25	99.875	154.25	0.49554962	209915.81	35563
192.51564	433.5	65.1875	12.3203125	0.49554962	209915.81	35563
176.70645	318.75	47.21875	102.125	0.49554962	209915.81	35563
90.56609	364.0	83.75	112.0	0.49554962	209915.81	35563
144.35466	351.0	96.6875	87.1875	0.49554962	209915.81	35563
685.6919	717.0	61.8125	161.0	0.49554962	209915.81	35563
197.88211	523.5	96.625	165.5	0.49554962	209915.81	35563
135.80045	658.5	44.59375	87.9375	0.49554962	209915.81	35563
289.53546	282.25	90.3125	86.25	0.49554962	209915.81	35563
38.147713	284.5	49.8125	112.125	0.49554962	209915.81	35563
116.634476	418.0	128.5	176.5	-0.49554962	209915.81	35563
77.78483	254.875	30.875	99.5625	0.49554962	209915.81	35563
86.65116	250.5	144.875	93.8125	0.49554962	209915.81	35563
128.17535	471.25	135.125	183.625	0.49554962	209915.81	35563
144.58177	313.25	46.03125	103.5	0.49554962	209915.81	35563
297.20618	451.25	40.53125	117.875	0.49554962	209915.81	35563
175.6371	431.5	62.1875	162.375	0.49554962	209915.81	35563
92.42797	357.75	100.5	139.125	0.49554962	209915.81	35563
78.13092	235.875	74.6875	83.5625	0.49554962	209915.81	35563
166.81467	234.5	125.625	91.75	0.49554962	209915.81	35563
337.0012	586.0	107.75	192.375	0.49554962	209915.81	35563
189.00363	336.75	49.59375	130.25	0.49554962	209915.81	35563
116.50067	283.0	86.1875	94.9375	0.49554962	209915.81	35563
172.38426	222.875	34.21875	79.9375	-0.49554962	209915.81	35563
243.19824	271.75	75.3125	90.0625	-0.49554962	209915.81	35563
206.68199	323.0	138.375	77.625	0.49554962	209915.81	35563
213.28151	411.75	139.25	184.25	0.49554962	209915.81	35563
226.69398	660.5	101.875	186.125	-0.49554962	209915.81	35563
153.26746	553.5	51.78125	180.0	-0.49554962	209915.81	35563
156.56563	500.25	162.25	185.625	0.49554962	209915.81	35563
126.13782	384.75	32.71875	146.5	0.49554962	209915.81	35563
136.73366	281.5	57.75	114.5625	0.49554962	209915.81	35563
99.95443	263.25	118.1875	139.625	-0.49554962	209915.81	35563
205.65924	244.25	96.9375	111.875	0.49554962	209915.81	35563
223.48183	296.25	100.0625	12.109375	-0.49554962	209915.81	35563
199.83714	354.25	153.375	154.0	-0.49554962	209915.81	35563
110.50678	219.875	61.90625	95.375	-0.49554962	209915.81	35563
101.242775	487.5	37.09375	145.5	0.49554962	209915.81	35563
94.03909	230.25	46.65625	57.84375	0.49554962	209915.81	35563
139.97752	568.0	65.875	185.875	-0.49554962	209915.81	35563
173.15778	580.0	48.59375	106.375	0.49554962	209915.81	35563
435.37292	600.5	183.125	235.125	0.49554962	209915.81	35563
121.7498	442.75	26.40625	142.875	0.49554962	209915.81	35563
184.02136	408.5	66.875	115.6875	0.49554962	209915.81	35563
319.6137	421.25	124.0	187.125	0.49554962	209915.81	35563
236.40121	373.75	74.375	81.6875	0.49554962	209915.81	35563
111.84866	263.5	95.875	112.5	0.49554962	209915.81	35563
102.746025	288.0	132.5	123.3125	0.49554962	209915.81	35563
225.10664	431.75	60.46875	221.375	0.49554962	209915.81	35563
220.26096	465.75	105.875	181.625	0.49554962	209915.81	35563
161.67258	517.5	173.0	191.0	0.49554962	209915.81	35563
94.31567	308.5	108.1875	1.9130859	-0.49554962	209915.81	35563
221.10718	245.0	84.5	121.75	0.49554962	209915.81	35563
139.50046	289.25	67.75	125.125	-0.49554962	209915.81	35563
108.29088	332.25	96.3125	149.375	0.49554962	209915.81	35563
143.6516	549.5	103.75	4.5859375	0.49554962	209915.81	35563
222.41045	355.0	86.125	96.125	0.49554962	209915.81	35563
131.14127	490.75	105.8125	175.5	0.49554962	209915.81	35563
185.55957	357.5	60.875	137.125	0.49554962	209915.81	35563
249.78975	264.25	104.75	99.875	0.49554962	209915.81	35563
109.31268	433.5	94.625	112.1875	0.49554962	209915.81	35563
174.83255	257.5	76.25	108.875	-0.49554962	209915.81	35563
114.48286	280.25	107.6875	129.625	0.49554962	209915.81	35563
167.15157	344.0	25.953125	118.75	0.49554962	209915.81	35563
63.607292	317.25	83.8125	137.375	-0.49554962	209915.81	35563
225.19487	284.25	104.625	100.4375	0.49554962	209915.81	35563
143.79544	346.25	28.921875	94.6875	0.49554962	209915.81	35563
147.60153	414.75	101.25	118.4375	-0.49554962	209915.81	35563
183.06625	315.0	49.78125	131.75	0.49554962	209915.81	35563
218.40068	469.75	93.6875	178.25	0.49554962	209915.81	35563
128.58975	476.0	148.5	173.875	0.49554962	209915.81	35563
374.15262	664.0	57.6875	276.5	0.49554962	209915.81	35563
84.685936	243.5	118.875	106.5625	0.49554962	209915.81	35563
440.0969	330.0	82.8125	45.5625	0.49554962	209915.81	35563
127.87523	248.0	114.375	93.1875	-0.49554962	209915.81	35563
55.611248	390.5	99.625	152.0	0.49554962	209915.81	35563
74.877884	390.75	160.75	210.75	0.49554962	209915.81	35563
396.1055	327.0	48.875	67.5	0.49554962	209915.81	35563
312.29208	380.25	29.046875	155.5	-0.49554962	209915.81	35563
206.45497	471.75	25.65625	187.0	-0.49554962	209915.81	35563
72.03857	276.5	75.75	136.0	0.49554962	209915.81	35563
444.68262	913.0	44.59375	156.5	0.49554962	209915.81	35563
180.84578	288.25	123.5	130.625	0.49554962	209915.81	35563
148.06761	576.0	50.90625	167.375	0.49554962	209915.81	35563
177.67934	329.0	83.8125	130.25	-0.49554962	209915.81	35563
154.73105	354.0	25.296875	119.25	-0.49554962	209915.81	35563
278.15326	382.0	76.5625	153.375	-0.49554962	209915.81	35563
177.25092	304.0	163.125	131.25	0.49554962	209915.81	35563
235.25545	426.75	83.9375	124.0	0.49554962	209915.81	35563
142.88162	529.5	26.921875	51.6875	0.49554962	209915.81	35563
181.73381	590.0	114.875	174.0	0.49554962	209915.81	35563
293.28473	409.5	139.375	188.875	0.49554962	209915.81	35563
133.83777	361.25	59.1875	176.75	0.49554962	209915.81	35563
46.77252	217.375	73.25	95.375	0.49554962	209915.81	35563
89.98851	454.25	100.875	260.25	0.49554962	209915.81	35563
95.677086	398.75	60.25	143.5	0.49554962	209915.81	35563
195.24405	250.5	111.0625	119.625	-0.49554962	209915.81	35563
303.95905	429.5	42.34375	114.6875	0.49554962	209915.81	35563
135.65373	787.5	47.59375	204.25	0.49554962	209915.81	35563
179.65631	211.5	31.71875	80.9375	0.49554962	209915.81	35563
146.46288	384.75	193.875	128.75	0.49554962	209915.81	35563
454.83377	443.25	27.171875	133.25	0.49554962	209915.81	35563
191.09001	365.5	156.625	178.5	0.49554962	209915.81	35563
93.028114	265.25	106.25	91.125	0.49554962	209915.81	35563
397.51053	210.5	116.8125	79.0625	0.49554962	209915.81	35563
90.21328	605.0	122.0625	168.875	0.49554962	209915.81	35563
85.64219	274.75	112.875	118.9375	0.49554962	209915.81	35563
171.68361	452.75	147.625	185.125	0.49554962	209915.81	35563
197.94806	372.75	115.4375	152.125	0.49554962	209915.81	35563
392.63547	487.25	123.375	175.5	0.49554962	209915.81	35563
77.46201	625.5	26.078125	135.875	-0.49554962	209915.81	35563
187.82483	500.75	108.0	188.625	0.49554962	209915.81	35563
194.19315	316.5	162.375	148.125	0.49554962	209915.81	35563
162.51672	509.75	86.0	194.625	0.49554962	209915.81	35563
179.57178	210.375	75.375	82.0	-0.49554962	209915.81	35563
105.27151	480.0	115.3125	146.625	-0.49554962	209915.81	35563
84.13833	542.0	71.75	186.375	0.49554962	209915.81	35563
77.73641	351.25	75.6875	173.25	0.49554962	209915.81	35563
163.98283	521.0	47.84375	108.5	0.49554962	209915.81	35563
241.27266	595.0	126.0	175.0	0.49554962	209915.81	35563
68.48429	336.75	75.875	122.5625	0.49554962	209915.81	35563
333.36435	485.25	60.375	235.5	0.49554962	209915.81	35563
329.33597	225.0	41.4375	92.3125	-0.49554962	209915.81	35563
1060.4761	892.0	154.875	232.0	0.49554962	209915.81	35563
132.12698	700.0	82.875	173.625	0.49554962	209915.81	35563
79.25773	376.5	30.21875	95.1875	0.49554962	209915.81	35563
152.9234	345.0	93.25	162.375	0.49554962	209915.81	35563
200.25046	378.25	86.8125	175.75	0.49554962	209915.81	35563
186.74188	679.5	80.1875	134.75	-0.49554962	209915.81	35563
139.74086	376.25	171.25	180.75	0.49554962	209915.81	35563
90.22026	383.5	103.25	154.0	0.49554962	209915.81	35563
210.7069	331.5	137.875	177.875	0.49554962	209915.81	35563
75.05287	223.125	117.125	79.0625	0.49554962	209915.81	35563
152.65126	293.0	147.875	128.875	0.49554962	209915.81	35563
119.41276	333.5	118.25	177.875	0.49554962	209915.81	35563
167.66884	343.75	163.75	179.25	-0.49554962	209915.81	35563
168.31526	441.5	78.125	153.5	0.49554962	209915.81	35563
338.20755	280.5	47.3125	105.75	0.49554962	209915.81	35563
196.69403	401.0	127.125	171.875	0.49554962	209915.81	35563
138.32628	305.25	109.4375	100.0	0.49554962	209915.81	35563
97.295746	395.0	40.46875	146.125	-0.49554962	209915.81	35563
70.21026	263.75	119.1875	134.5	0.49554962	209915.81	35563
537.63434	926.0	96.375	197.5	0.49554962	209915.81	35563
160.22379	248.875	78.125	99.0625	-0.49554962	209915.81	35563
342.66513	762.0	53.5625	127.9375	0.49554962	209915.81	35563
285.9903	475.0	119.5625	192.5	-0.49554962	209915.81	35563
105.37559	391.75	117.0	174.875	0.49554962	209915.81	35563
115.11225	216.625	54.0625	95.9375	0.49554962	209915.81	35563
76.8181	998.0	56.90625	116.25	0.49554962	209915.81	35563
149.15149	415.0	144.75	175.5	0.49554962	209915.81	35563
97.083565	496.25	129.375	163.75	0.49554962	209915.81	35563
198.82999	256.25	93.25	106.0	0.49554962	209915.81	35563
164.30504	226.625	34.1875	109.8125	-0.49554962	209915.81	35563
77.39721	406.5	159.0	179.125	-0.49554962	209915.81	35563
79.85415	434.25	37.1875	4.0625	0.49554962	209915.81	35563
426.08945	695.0	130.25	185.5	0.49554962	209915.81	35563
115.68677	446.0	63.375	150.125	0.49554962	209915.81	35563
197.27748	490.0	68.0	158.75	-0.49554962	209915.81	35563
224.76442	323.75	28.625	117.8125	-0.49554962	209915.81	35563
333.34354	489.25	26.65625	178.375	0.49554962	209915.81	35563
125.024445	320.75	77.8125	138.125	0.49554962	209915.81	35563
237.02737	483.75	126.875	194.25	0.49554962	209915.81	35563
207.8081	560.5	55.65625	122.5625	-0.49554962	209915.81	35563
139.55727	582.0	121.875	180.375	-0.49554962	209915.81	35563
397.415	632.5	128.875	91.0	-0.49554962	209915.81	35563
325.79575	559.0	124.25	191.375	0.49554962	209915.81	35563
69.923515	286.0	25.171875	100.125	0.49554962	209915.81	35563
434.36096	343.5	74.375	137.375	0.49554962	209915.81	35563
333.13904	482.0	112.0	161.25	0.49554962	209915.81	35563
391.25012	521.5	113.3125	183.0	0.49554962	209915.81	35563
130.1225	342.25	25.6875	124.4375	0.49554962	209915.81	35563
385.5843	489.75	162.875	219.125	-0.49554962	209915.81	35563
436.90323	613.0	40.78125	148.5	-0.49554962	209915.81	35563
213.66315	233.0	174.0	4.4375	0.49554962	209915.81	35563
155.11134	355.0	110.75	164.75	0.49554962	209915.81	35563
165.80159	246.875	106.6875	115.3125	0.49554962	209915.81	35563
155.485	251.25	32.6875	102.4375	0.49554962	209915.81	35563
114.52939	241.875	58.34375	83.625	0.49554962	209915.81	35563
138.63618	281.5	68.1875	84.625	0.49554962	209915.81	35563
199.55167	559.0	28.046875	166.625	0.49554962	209915.81	35563
170.4154	322.5	119.5	147.375	0.49554962	209915.81	35563
425.9142	780.5	68.5	182.625	0.49554962	209915.81	35563
86.63313	415.5	46.375	132.5	0.49554962	209915.81	35563
143.02565	401.0	116.375	162.5	0.49554962	209915.81	35563
74.08002	300.0	51.6875	91.9375	0.49554962	209915.81	35563
243.40752	486.0	84.875	128.625	0.49554962	209915.81	35563
204.96434	533.0	106.75	190.5	-0.49554962	209915.81	35563
114.47318	337.25	45.15625	124.4375	-0.49554962	209915.81	35563
306.35876	546.0	69.25	166.5	0.49554962	209915.81	35563
190.70187	326.75	42.03125	113.5	0.49554962	209915.81	35563
56.600258	217.0	64.1875	95.75	0.49554962	209915.81	35563
311.88605	528.5	56.59375	142.75	-0.49554962	209915.81	35563
170.12326	207.5	74.9375	76.25	0.49554962	209915.81	35563
159.35489	297.25	81.25	45.3125	0.49554962	209915.81	35563
310.2572	511.25	90.1875	180.75	0.49554962	209915.81	35563
155.017	427.75	93.25	147.625	0.49554962	209915.81	35563
361.81992	245.75	95.25	97.5	0.49554962	209915.81	35563
71.047935	337.75	29.515625	152.125	0.49554962	209915.81	35563
129.359	642.0	35.5625	156.375	-0.49554962	209915.81	35563
465.49054	1035.0	32.40625	173.75	0.49554962	209915.81	35563
62.301712	244.75	84.625	4.9570312	-0.49554962	209915.81	35563
74.159874	399.75	65.0625	179.375	-0.49554962	209915.81	35563
161.84718	432.5	119.0	168.0	-0.49554962	209915.81	35563
143.17886	331.75	138.25	144.0	-0.49554962	209915.81	35563
128.49762	491.0	89.3125	176.0	0.49554962	209915.81	35563
348.43213	271.0	150.0	74.75	0.49554962	209915.81	35563
83.83489	204.25	31.296875	67.4375	0.49554962	209915.81	35563
61.30915	405.75	77.875	146.375	0.49554962	209915.81	35563
558.15564	525.5	153.5	143.375	-0.49554962	209915.81	35563
354.87393	544.5	47.53125	188.875	0.49554962	209915.81	35563
194.41226	492.75	25.234375	151.875	-0.49554962	209915.81	35563
128.76257	331.0	43.8125	112.75	0.49554962	209915.81	35563
58.455395	398.75	90.4375	137.0	0.49554962	209915.81	35563
277.3747	467.25	163.125	184.875	0.49554962	209915.81	35563
557.2431	1017.5	121.5625	68.625	-0.49554962	209915.81	35563
578.2074	676.0	280.25	273.75	-0.49554962	209915.81	35563
148.0857	258.25	33.71875	84.4375	0.49554962	209915.81	35563
541.9468	736.0	37.6875	93.8125	0.49554962	209915.81	35563
293.54477	386.75	93.375	125.0625	0.49554962	209915.81	35563
329.14087	406.5	50.625	161.75	0.49554962	209915.81	35563
397.7578	420.75	92.8125	173.0	-0.49554962	209915.81	35563
417.40372	307.75	78.75	108.0	0.49554962	209915.81	35563
115.16205	367.75	27.890625	123.25	0.49554962	209915.81	35563
131.68427	811.5	107.8125	164.25	0.49554962	209915.81	35563
395.1722	623.5	102.125	209.375	0.49554962	209915.81	35563
69.30807	290.75	163.0	122.75	0.49554962	209915.81	35563
207.59465	438.5	77.5	196.75	0.49554962	209915.81	35563
419.5668	461.75	60.375	159.375	0.49554962	209915.81	35563
182.61351	381.25	58.5625	136.375	0.49554962	209915.81	35563
98.71056	237.375	125.25	82.3125	-0.49554962	209915.81	35563
522.98285	612.5	110.75	166.25	0.49554962	209915.81	35563
161.60179	473.75	76.9375	153.0	0.49554962	209915.81	35563
132.24043	369.5	141.75	170.375	0.49554962	209915.81	35563
246.26831	257.0	44.625	85.625	0.49554962	209915.81	35563
281.90497	623.0	61.46875	115.75	0.49554962	209915.81	35563
147.44153	392.75	136.125	143.125	0.49554962	209915.81	35563
337.35107	432.5	61.25	99.875	0.49554962	209915.81	35563
110.639206	454.0	85.0	164.25	0.49554962	209915.81	35563
115.03431	323.0	141.25	107.75	0.49554962	209915.81	35563
65.01273	381.75	36.4375	111.5625	-0.49554962	209915.81	35563
130.87558	204.25	65.125	66.25	0.49554962	209915.81	35563
296.21237	517.0	112.6875	170.125	-0.49554962	209915.81	35563
334.00342	587.0	48.1875	111.75	-0.49554962	209915.81	35563
284.86426	544.5	109.1875	125.75	0.49554962	209915.81	35563
259.3438	450.75	85.125	138.875	-0.49554962	209915.81	35563
134.54065	384.5	59.3125	65.875	0.49554962	209915.81	35563
293.1909	275.25	52.78125	87.3125	0.49554962	209915.81	35563
54.59999	427.0	37.625	162.375	0.49554962	209915.81	35563
244.0296	455.25	89.125	206.75	0.49554962	209915.81	35563
163.27296	293.75	63.0	130.5	0.49554962	209915.81	35563
438.73032	524.0	69.875	146.625	-0.49554962	209915.81	35563
112.96327	362.25	103.5625	154.5	-0.49554962	209915.81	35563
120.323265	226.5	122.0	108.25	0.49554962	209915.81	35563
277.4226	414.75	60.0	127.75	-0.49554962	209915.81	35563
188.24448	499.5	185.25	189.75	0.49554962	209915.81	35563
75.801025	210.875	115.125	97.4375	0.49554962	209915.81	35563
265.36493	628.5	200.125	211.75	0.49554962	209915.81	35563
162.40118	330.5	50.84375	115.625	0.49554962	209915.81	35563
346.9742	814.0	152.25	199.5	0.49554962	209915.81	35563
318.36426	432.0	186.125	204.0	-0.49554962	209915.81	35563
69.6598	342.75	123.0	155.0	0.49554962	209915.81	35563
93.98404	301.75	59.40625	61.96875	0.49554962	209915.81	35563
296.28867	663.0	80.1875	228.625	0.49554962	209915.81	35563
232.39168	370.0	72.5625	141.625	0.49554962	209915.81	35563
293.60318	639.5	32.4375	172.0	0.49554962	209915.81	35563
150.63733	511.5	63.75	70.0	0.49554962	209915.81	35563
168.94301	373.5	79.625	158.5	0.49554962	209915.81	35563
144.09616	358.25	107.3125	168.5	-0.49554962	209915.81	35563
132.29396	330.5	70.0	131.25	-0.49554962	209915.81	35563
223.76201	300.0	46.34375	104.625	0.49554962	209915.81	35563
208.7804	276.25	90.4375	127.0625	0.49554962	209915.81	35563
69.58134	334.0	142.5	156.25	0.49554962	209915.81	35563
289.159	846.0	70.25	135.5	0.49554962	209915.81	35563
337.51108	338.25	37.90625	87.5625	0.49554962	209915.81	35563
85.8002	375.5	130.375	111.5625	0.49554962	209915.81	35563
208.04208	316.5	77.125	124.375	0.49554962	209915.81	35563
140.66476	633.0	62.09375	3.9199219	-0.49554962	209915.81	35563
136.68567	390.5	122.0	182.75	0.49554962	209915.81	35563
263.84943	590.5	137.125	198.625	0.49554962	209915.81	35563
274.49893	345.5	73.8125	125.75	0.49554962	209915.81	35563
58.6659	351.75	57.75	80.125	0.49554962	209915.81	35563
121.59039	238.5	77.3125	98.8125	0.49554962	209915.81	35563
123.36137	444.75	92.8125	173.625	0.49554962	209915.81	35563
109.611855	620.5	99.125	185.125	0.49554962	209915.81	35563
137.0456	353.75	53.125	73.5625	0.49554962	209915.81	35563
153.48056	368.25	147.5	164.625	0.49554962	209915.81	35563
104.945145	241.0	112.0625	104.4375	-0.49554962	209915.81	35563
394.0149	431.75	69.75	156.5	0.49554962	209915.81	35563
83.53875	299.5	136.375	87.5	-0.49554962	209915.81	35563
108.64073	516.5	119.375	184.125	0.49554962	209915.81	35563
189.10971	270.5	108.75	103.3125	0.49554962	209915.81	35563
121.67281	486.5	55.75	174.5	0.49554962	209915.81	35563
106.43449	485.5	95.875	179.125	-0.49554962	209915.81	35563
118.39631	210.75	105.9375	108.6875	0.49554962	209915.81	35563
84.335335	315.25	98.5	84.5625	0.49554962	209915.81	35563
392.63266	962.5	80.3125	3.171875	0.49554962	209915.81	35563
87.26952	347.0	97.375	64.0625	0.49554962	209915.81	35563
431.0096	324.75	100.4375	119.125	0.49554962	209915.81	35563
161.93585	498.25	59.59375	82.0625	-0.49554962	209915.81	35563
162.46017	585.0	102.4375	181.5	0.49554962	209915.81	35563
155.17537	323.25	146.5	123.625	0.49554962	209915.81	35563
79.176674	611.0	46.78125	142.5	0.49554962	209915.81	35563
248.92119	316.25	134.5	96.0625	0.49554962	209915.81	35563
97.53644	371.25	127.0625	137.75	0.49554962	209915.81	35563
376.1695	688.0	68.1875	155.125	0.49554962	209915.81	35563
206.25552	719.5	120.625	137.375	0.49554962	209915.81	35563
186.76027	456.0	141.75	158.125	0.49554962	209915.81	35563
90.41117	290.0	88.5	115.1875	-0.49554962	209915.81	35563
88.13984	328.0	46.03125	85.0	0.49554962	209915.81	35563
267.9755	439.25	54.78125	156.125	0.49554962	209915.81	35563
506.83673	313.0	109.0	2.8808594	0.49554962	209915.81	35563
327.0123	423.75	86.5625	147.375	0.49554962	209915.81	35563
99.813354	265.25	132.875	104.0	-0.49554962	209915.81	35563
118.98003	813.5	27.296875	206.625	0.49554962	209915.81	35563
95.754486	459.5	95.9375	176.0	-0.49554962	209915.81	35563
152.50606	327.5	83.75	125.9375	0.49554962	209915.81	35563
96.19595	207.25	40.375	76.4375	0.49554962	209915.81	35563
356.5728	416.75	106.6875	165.375	-0.49554962	209915.81	35563
94.62311	327.25	129.625	152.0	0.49554962	209915.81	35563
192.33969	653.0	93.625	72.0	-0.49554962	209915.81	35563
155.09853	356.0	33.84375	126.8125	0.49554962	209915.81	35563
286.29678	372.5	142.5	182.875	0.49554962	209915.81	35563
161.69322	438.25	149.125	180.0	0.49554962	209915.81	35563
60.441315	401.25	97.1875	203.375	0.49554962	209915.81	35563
101.80656	395.5	158.5	140.625	0.49554962	209915.81	35563
179.28545	651.5	26.84375	173.75	0.49554962	209915.81	35563
84.66131	256.25	49.3125	96.375	0.49554962	209915.81	35563
111.30858	317.5	62.0625	84.25	0.49554962	209915.81	35563
541.60944	464.75	67.0625	162.125	-0.49554962	209915.81	35563
90.56273	310.0	98.8125	151.375	0.49554962	209915.81	35563
206.13991	305.75	36.28125	116.3125	0.49554962	209915.81	35563
172.72137	312.0	163.5	145.375	0.49554962	209915.81	35563
115.124466	235.5	28.9375	69.75	0.49554962	209915.81	35563
105.748215	274.0	112.125	111.375	-0.49554962	209915.81	35563
137.78609	375.5	49.5625	3.640625	0.49554962	209915.81	35563
154.30368	473.25	101.9375	177.875	-0.49554962	209915.81	35563
153.65565	335.5	145.0	147.0	0.49554962	209915.81	35563
391.27435	474.5	76.125	145.0	0.49554962	209915.81	35563
80.94789	231.375	37.21875	104.6875	0.49554962	209915.81	35563
306.5936	263.5	85.625	95.3125	-0.49554962	209915.81	35563
261.9936	237.5	50.625	95.5625	0.49554962	209915.81	35563
209.74857	518.5	130.625	221.75	0.49554962	209915.81	35563
337.50858	501.75	83.625	111.3125	0.49554962	209915.81	35563
77.91038	289.0	30.625	115.6875	0.49554962	209915.81	35563
293.31018	284.5	122.5	91.25	0.49554962	209915.81	35563
94.75648	376.5	129.125	106.25	-0.49554962	209915.81	35563
79.40483	301.0	115.0	122.375	0.49554962	209915.81	35563
151.41574	244.375	66.8125	98.125	-0.49554962	209915.81	35563
105.30168	347.0	127.75	152.0	0.49554962	209915.81	35563
181.4928	361.25	115.125	130.875	-0.49554962	209915.81	35563
278.8084	263.0	94.1875	73.9375	0.49554962	209915.81	35563
103.16943	372.75	53.375	182.625	0.49554962	209915.81	35563
133.18379	454.5	131.125	189.875	0.49554962	209915.81	35563
95.474205	585.0	52.90625	169.75	0.49554962	209915.81	35563
198.27074	439.25	162.875	148.25	0.49554962	209915.81	35563
126.73386	268.0	85.125	111.8125	0.49554962	209915.81	35563
398.91385	533.5	127.8125	186.875	0.49554962	209915.81	35563
144.80154	432.75	27.1875	148.625	-0.49554962	209915.81	35563
266.20938	575.5	25.46875	129.0	0.49554962	209915.81	35563
130.50293	505.75	190.625	240.125	-0.49554962	209915.81	35563
89.49041	327.25	61.875	104.5	-0.49554962	209915.81	35563
225.86926	340.75	73.625	137.875	0.49554962	209915.81	35563
150.99086	271.25	94.8125	91.5	0.49554962	209915.81	35563
291.0612	279.5	88.9375	96.625	0.49554962	209915.81	35563
233.14024	379.0	101.1875	136.125	0.49554962	209915.81	35563
133.06046	303.25	159.125	132.625	0.49554962	209915.81	35563
143.2955	734.5	74.4375	266.25	0.49554962	209915.81	35563
87.993004	553.5	144.75	200.625	0.49554962	209915.81	35563
231.56108	304.25	40.84375	116.4375	0.49554962	209915.81	35563
183.945	411.0	78.5625	123.0	0.49554962	209915.81	35563
65.58806	567.5	185.25	187.875	0.49554962	209915.81	35563
452.50388	424.5	157.375	155.375	0.49554962	209915.81	35563
224.28967	429.0	79.8125	165.625	0.49554962	209915.81	35563
175.61879	618.0	88.25	175.125	0.49554962	209915.81	35563
474.13324	346.0	62.96875	117.25	0.49554962	209915.81	35563
228.5793	662.0	75.0	142.0	0.49554962	209915.81	35563
152.48161	359.5	108.1875	172.0	0.49554962	209915.81	35563
129.15726	352.75	116.875	124.4375	0.49554962	209915.81	35563
60.20986	390.0	49.875	121.875	0.49554962	209915.81	35563
180.40294	293.0	116.8125	127.4375	0.49554962	209915.81	35563
190.27104	389.75	27.609375	74.875	-0.49554962	209915.81	35563
371.80182	362.0	68.25	117.8125	0.49554962	209915.81	35563
64.87377	432.5	27.296875	80.0625	-0.49554962	209915.81	35563
473.97516	732.5	132.25	109.4375	0.49554962	209915.81	35563
259.91064	464.25	55.1875	150.0	0.49554962	209915.81	35563
219.87744	329.75	72.1875	115.375	0.49554962	209915.81	35563
121.38381	374.0	71.6875	152.75	0.49554962	209915.81	35563
149.39742	307.0	62.25	111.375	0.49554962	209915.81	35563
82.7594	422.75	96.4375	173.0	0.49554962	209915.81	35563
66.766594	407.0	66.625	161.625	0.49554962	209915.81	35563
67.601395	570.0	123.75	189.75	-0.49554962	209915.81	35563
140.41734	280.0	103.3125	88.3125	0.49554962	209915.81	35563
326.76926	598.5	91.6875	148.125	0.49554962	209915.81	35563
68.09012	509.25	169.125	100.0	0.49554962	209915.81	35563
189.55573	372.0	153.125	139.375	0.49554962	209915.81	35563
131.1607	501.0	119.5625	156.875	0.49554962	209915.81	35563
106.91666	269.0	36.0	112.0	0.49554962	209915.81	35563
246.60133	428.75	146.25	170.0	0.49554962	209915.81	35563
66.46931	243.125	65.8125	8.328125	0.49554962	209915.81	35563
178.806	219.5	81.0625	93.375	0.49554962	209915.81	35563
114.21298	295.0	26.28125	133.625	0.49554962	209915.81	35563
256.4579	218.125	82.125	81.5	0.49554962	209915.81	35563
148.07127	397.0	82.8125	153.25	-0.49554962	209915.81	35563
252.10379	403.25	55.875	168.375	0.49554962	209915.81	35563
210.35641	435.75	160.25	153.25	0.49554962	209915.81	35563
284.97687	371.0	123.9375	161.75	0.49554962	209915.81	35563
316.29703	517.5	31.484375	108.0	0.49554962	209915.81	35563
171.22836	579.0	168.25	177.25	0.49554962	209915.81	35563
134.01315	335.0	123.25	162.75	-0.49554962	209915.81	35563
342.59567	438.25	134.875	197.5	0.49554962	209915.81	35563
127.70678	417.25	149.5	177.375	0.49554962	209915.81	35563
94.730675	315.0	131.375	143.375	-0.49554962	209915.81	35563
140.07266	473.5	55.65625	149.875	-0.49554962	209915.81	35563
119.47812	420.0	90.625	111.375	0.49554962	209915.81	35563
112.55082	530.0	87.5625	198.75	0.49554962	209915.81	35563
410.93164	647.0	155.0	193.375	-0.49554962	209915.81	35563
193.97092	273.75	141.125	83.5625	-0.49554962	209915.81	35563
67.30723	564.5	82.375	182.875	0.49554962	209915.81	35563
200.28633	570.0	41.5	137.0	0.49554962	209915.81	35563
132.67563	415.0	90.0625	187.0	0.49554962	209915.81	35563
178.66402	406.5	77.125	151.25	-0.49554962	209915.81	35563
133.98436	334.5	110.75	128.625	0.49554962	209915.81	35563
132.91241	339.0	36.5	129.375	0.49554962	209915.81	35563
119.51609	268.75	29.171875	131.625	-0.49554962	209915.81	35563
114.4892	432.0	88.0625	165.375	0.49554962	209915.81	35563
121.740654	442.5	88.125	132.25	0.49554962	209915.81	35563
416.22192	230.5	93.125	57.90625	0.49554962	209915.81	35563
415.7019	809.0	109.125	180.0	-0.49554962	209915.81	35563
122.71306	325.25	83.25	149.625	-0.49554962	209915.81	35563
199.87257	530.5	102.1875	166.5	0.49554962	209915.81	35563
178.05794	277.5	82.0625	96.3125	-0.49554962	209915.81	35563
