lep_pt	AK4_pt	genWeights	sumWeight	N_exp
51.985508	63.3125	72.6983	52361520.0	12199200
43.35333	49.5	72.6983	52361520.0	12199200
60.46083	123.4375	72.6983	52361520.0	12199200
147.79254	61.0625	72.6983	52361520.0	12199200
130.8918	152.0	72.6983	52361520.0	12199200
64.09636	93.5	72.6983	52361520.0	12199200
116.68179	46.4375	72.6983	52361520.0	12199200
55.700424	101.4375	72.6983	52361520.0	12199200
68.91708	137.75	72.6983	52361520.0	12199200
36.91818	146.375	72.6983	52361520.0	12199200
35.62653	65.0	72.6983	52361520.0	12199200
72.20138	80.3125	72.6983	52361520.0	12199200
70.06712	108.6875	72.6983	52361520.0	12199200
83.63744	137.5	72.6983	52361520.0	12199200
99.50812	90.125	72.6983	52361520.0	12199200
55.961292	55.96875	72.6983	52361520.0	12199200
73.563705	72.0	72.6983	52361520.0	12199200
51.117832	150.875	72.6983	52361520.0	12199200
176.70415	139.875	72.6983	52361520.0	12199200
95.797844	115.875	72.6983	52361520.0	12199200
53.90384	83.375	72.6983	52361520.0	12199200
62.257572	148.625	72.6983	52361520.0	12199200
72.0474	141.5	72.6983	52361520.0	12199200
97.14148	50.5	72.6983	52361520.0	12199200
29.982018	67.0625	72.6983	52361520.0	12199200
130.21796	46.71875	72.6983	52361520.0	12199200
137.97353	38.8125	72.6983	52361520.0	12199200
120.096214	73.5	72.6983	52361520.0	12199200
50.832485	96.625	72.6983	52361520.0	12199200
38.4166	139.625	72.6983	52361520.0	12199200
32.209156	108.5	72.6983	52361520.0	12199200
97.9671	98.6875	72.6983	52361520.0	12199200
64.43456	119.125	72.6983	52361520.0	12199200
69.49826	61.15625	72.6983	52361520.0	12199200
54.957848	75.9375	72.6983	52361520.0	12199200
205.09526	44.78125	72.6983	52361520.0	12199200
125.28828	104.5625	72.6983	52361520.0	12199200
136.51588	64.0	72.6983	52361520.0	12199200
47.00561	92.5625	72.6983	52361520.0	12199200
40.039413	86.9375	72.6983	52361520.0	12199200
47.7414	91.25	72.6983	52361520.0	12199200
96.71472	99.8125	72.6983	52361520.0	12199200
51.048523	96.6875	72.6983	52361520.0	12199200
88.59622	79.0625	72.6983	52361520.0	12199200
105.47651	122.5625	72.6983	52361520.0	12199200
89.702034	30.875	72.6983	52361520.0	12199200
150.27985	51.75	72.6983	52361520.0	12199200
54.12328	104.8125	72.6983	52361520.0	12199200
94.3036	126.125	72.6983	52361520.0	12199200
33.487995	70.8125	72.6983	52361520.0	12199200
66.79728	131.25	72.6983	52361520.0	12199200
57.58869	144.625	72.6983	52361520.0	12199200
60.639977	129.375	72.6983	52361520.0	12199200
35.417137	124.875	72.6983	52361520.0	12199200
52.44464	140.375	72.6983	52361520.0	12199200
41.34511	93.5625	72.6983	52361520.0	12199200
52.102043	100.25	72.6983	52361520.0	12199200
52.73345	126.9375	72.6983	52361520.0	12199200
43.985977	35.375	72.6983	52361520.0	12199200
86.56422	68.625	72.6983	52361520.0	12199200
79.70337	89.3125	72.6983	52361520.0	12199200
151.19873	76.25	72.6983	52361520.0	12199200
57.212765	64.5625	72.6983	52361520.0	12199200
152.82649	73.875	72.6983	52361520.0	12199200
61.132526	124.875	72.6983	52361520.0	12199200
152.93718	136.375	72.6983	52361520.0	12199200
44.30704	143.625	72.6983	52361520.0	12199200
177.27089	129.0	72.6983	52361520.0	12199200
73.89709	128.25	72.6983	52361520.0	12199200
115.98638	129.5	72.6983	52361520.0	12199200
33.428753	122.3125	72.6983	52361520.0	12199200
103.51176	63.625	72.6983	52361520.0	12199200
49.406612	106.625	72.6983	52361520.0	12199200
53.604332	76.3125	72.6983	52361520.0	12199200
98.132706	130.625	72.6983	52361520.0	12199200
58.85934	67.1875	72.6983	52361520.0	12199200
55.332394	44.25	72.6983	52361520.0	12199200
96.04509	119.0	72.6983	52361520.0	12199200
49.54508	151.5	72.6983	52361520.0	12199200
113.41393	78.125	72.6983	52361520.0	12199200
49.27778	62.5625	72.6983	52361520.0	12199200
62.4616	67.625	72.6983	52361520.0	12199200
42.368687	104.5	72.6983	52361520.0	12199200
55.69392	136.5	72.6983	52361520.0	12199200
56.71391	113.5625	72.6983	52361520.0	12199200
77.00326	87.6875	72.6983	52361520.0	12199200
121.379456	62.53125	72.6983	52361520.0	12199200
153.89867	99.5	72.6983	52361520.0	12199200
106.47932	58.15625	72.6983	52361520.0	12199200
134.28246	133.0	72.6983	52361520.0	12199200
49.805428	93.1875	72.6983	52361520.0	12199200
69.84851	57.84375	72.6983	52361520.0	12199200
90.81752	139.125	72.6983	52361520.0	12199200
147.32344	159.125	72.6983	52361520.0	12199200
51.461758	65.875	72.6983	52361520.0	12199200
35.998104	118.8125	72.6983	52361520.0	12199200
40.251144	72.25	72.6983	52361520.0	12199200
131.60928	107.0	72.6983	52361520.0	12199200
68.43192	89.75	72.6983	52361520.0	12199200
143.02022	91.875	72.6983	52361520.0	12199200
67.47525	56.84375	72.6983	52361520.0	12199200
65.871735	98.4375	72.6983	52361520.0	12199200
119.041916	136.375	72.6983	52361520.0	12199200
47.683575	88.5625	72.6983	52361520.0	12199200
110.95957	57.09375	72.6983	52361520.0	12199200
152.01582	116.4375	72.6983	52361520.0	12199200
138.7522	121.375	72.6983	52361520.0	12199200
115.85293	61.25	72.6983	52361520.0	12199200
166.88379	67.0625	72.6983	52361520.0	12199200
65.94976	64.0	72.6983	52361520.0	12199200
82.38557	38.6875	72.6983	52361520.0	12199200
122.646286	70.4375	72.6983	52361520.0	12199200
50.07912	76.75	72.6983	52361520.0	12199200
117.41424	73.375	72.6983	52361520.0	12199200
66.408066	142.5	72.6983	52361520.0	12199200
114.09407	109.375	72.6983	52361520.0	12199200
59.17362	87.0	72.6983	52361520.0	12199200
68.566414	62.15625	72.6983	52361520.0	12199200
161.44214	82.5	72.6983	52361520.0	12199200
80.14052	124.25	72.6983	52361520.0	12199200
54.81458	63.65625	72.6983	52361520.0	12199200
73.42848	130.25	72.6983	52361520.0	12199200
55.251804	99.625	72.6983	52361520.0	12199200
157.66298	127.875	72.6983	52361520.0	12199200
61.752663	87.3125	72.6983	52361520.0	12199200
28.92452	59.3125	72.6983	52361520.0	12199200
73.950516	65.5	72.6983	52361520.0	12199200
48.44956	79.625	72.6983	52361520.0	12199200
70.96442	63.40625	72.6983	52361520.0	12199200
58.557785	85.8125	72.6983	52361520.0	12199200
72.13467	100.8125	72.6983	52361520.0	12199200
50.69254	74.0625	72.6983	52361520.0	12199200
74.86851	80.875	72.6983	52361520.0	12199200
79.81409	104.75	72.6983	52361520.0	12199200
57.160812	73.125	72.6983	52361520.0	12199200
108.8314	106.9375	72.6983	52361520.0	12199200
48.17877	72.4375	72.6983	52361520.0	12199200
41.073563	84.3125	72.6983	52361520.0	12199200
64.96259	128.125	72.6983	52361520.0	12199200
48.582897	105.0625	72.6983	52361520.0	12199200
61.350822	112.5	72.6983	52361520.0	12199200
162.49495	95.625	72.6983	52361520.0	12199200
148.82164	69.875	72.6983	52361520.0	12199200
53.340485	82.3125	72.6983	52361520.0	12199200
122.37472	82.125	72.6983	52361520.0	12199200
100.278824	101.6875	72.6983	52361520.0	12199200
56.743984	91.125	72.6983	52361520.0	12199200
79.99453	115.4375	72.6983	52361520.0	12199200
77.52542	147.875	72.6983	52361520.0	12199200
49.03094	92.5	72.6983	52361520.0	12199200
217.14024	146.125	72.6983	52361520.0	12199200
49.081272	78.125	72.6983	52361520.0	12199200
214.60156	147.375	72.6983	52361520.0	12199200
65.59875	107.375	72.6983	52361520.0	12199200
54.775417	71.9375	72.6983	52361520.0	12199200
37.14413	71.5625	72.6983	52361520.0	12199200
65.19601	82.0625	72.6983	52361520.0	12199200
74.5834	77.5	72.6983	52361520.0	12199200
94.35242	103.9375	72.6983	52361520.0	12199200
69.19813	69.8125	72.6983	52361520.0	12199200
51.329174	103.3125	72.6983	52361520.0	12199200
104.83138	137.75	72.6983	52361520.0	12199200
149.54617	84.625	72.6983	52361520.0	12199200
102.49804	118.5	72.6983	52361520.0	12199200
136.55699	83.0	72.6983	52361520.0	12199200
135.19173	127.3125	72.6983	52361520.0	12199200
59.625534	142.875	72.6983	52361520.0	12199200
126.57286	113.625	72.6983	52361520.0	12199200
65.95175	154.875	72.6983	52361520.0	12199200
67.819534	147.0	72.6983	52361520.0	12199200
89.55275	60.0	72.6983	52361520.0	12199200
39.86731	93.4375	72.6983	52361520.0	12199200
80.31598	115.25	72.6983	52361520.0	12199200
99.290375	127.75	72.6983	52361520.0	12199200
82.47274	84.9375	72.6983	52361520.0	12199200
69.32758	138.875	72.6983	52361520.0	12199200
94.469246	168.125	72.6983	52361520.0	12199200
81.77481	94.625	72.6983	52361520.0	12199200
51.593338	157.125	72.6983	52361520.0	12199200
29.843027	55.875	72.6983	52361520.0	12199200
91.78768	103.75	72.6983	52361520.0	12199200
76.69196	95.4375	72.6983	52361520.0	12199200
40.128105	96.8125	72.6983	52361520.0	12199200
57.050365	106.5	72.6983	52361520.0	12199200
42.319824	86.5625	72.6983	52361520.0	12199200
196.85405	163.625	72.6983	52361520.0	12199200
144.94106	66.0	72.6983	52361520.0	12199200
109.557304	70.4375	72.6983	52361520.0	12199200
53.05139	74.6875	72.6983	52361520.0	12199200
47.508698	142.0	72.6983	52361520.0	12199200
66.77705	104.0	72.6983	52361520.0	12199200
51.754913	130.375	72.6983	52361520.0	12199200
56.51708	138.25	72.6983	52361520.0	12199200
118.976685	60.65625	72.6983	52361520.0	12199200
177.18053	138.125	72.6983	52361520.0	12199200
109.226364	67.4375	72.6983	52361520.0	12199200
56.63841	77.125	72.6983	52361520.0	12199200
90.28219	120.8125	72.6983	52361520.0	12199200
65.41813	71.9375	72.6983	52361520.0	12199200
98.03779	148.875	72.6983	52361520.0	12199200
211.86201	75.375	72.6983	52361520.0	12199200
87.85756	53.25	72.6983	52361520.0	12199200
133.12547	136.125	72.6983	52361520.0	12199200
190.1497	110.9375	72.6983	52361520.0	12199200
95.6507	116.3125	72.6983	52361520.0	12199200
127.6581	116.5625	72.6983	52361520.0	12199200
113.65	88.3125	72.6983	52361520.0	12199200
69.1414	52.40625	72.6983	52361520.0	12199200
57.415314	139.5	72.6983	52361520.0	12199200
56.689896	129.25	72.6983	52361520.0	12199200
93.172615	104.5	72.6983	52361520.0	12199200
66.13423	137.875	72.6983	52361520.0	12199200
123.53865	99.3125	72.6983	52361520.0	12199200
161.58133	69.0	72.6983	52361520.0	12199200
82.76218	81.875	72.6983	52361520.0	12199200
50.53172	113.0625	72.6983	52361520.0	12199200
47.063496	72.875	72.6983	52361520.0	12199200
95.47194	120.3125	72.6983	52361520.0	12199200
48.013844	66.625	72.6983	52361520.0	12199200
154.81004	132.625	72.6983	52361520.0	12199200
65.8504	116.5625	72.6983	52361520.0	12199200
118.562225	100.125	72.6983	52361520.0	12199200
125.35282	74.25	72.6983	52361520.0	12199200
54.702908	70.875	72.6983	52361520.0	12199200
199.2091	118.5625	72.6983	52361520.0	12199200
57.53624	154.0	72.6983	52361520.0	12199200
63.863804	93.0625	72.6983	52361520.0	12199200
57.222446	70.8125	72.6983	52361520.0	12199200
70.15626	66.5	72.6983	52361520.0	12199200
51.658577	81.25	72.6983	52361520.0	12199200
93.44669	107.25	72.6983	52361520.0	12199200
133.31082	110.0	72.6983	52361520.0	12199200
46.044056	127.75	72.6983	52361520.0	12199200
62.70952	141.625	72.6983	52361520.0	12199200
39.25269	132.0	72.6983	52361520.0	12199200
70.91321	71.6875	72.6983	52361520.0	12199200
62.309155	110.3125	72.6983	52361520.0	12199200
55.03519	71.875	72.6983	52361520.0	12199200
204.99152	99.625	72.6983	52361520.0	12199200
132.54852	37.6875	72.6983	52361520.0	12199200
40.800297	66.75	72.6983	52361520.0	12199200
55.485504	117.75	72.6983	52361520.0	12199200
87.985245	57.875	72.6983	52361520.0	12199200
80.08053	51.59375	72.6983	52361520.0	12199200
65.851166	98.125	72.6983	52361520.0	12199200
159.98773	107.9375	72.6983	52361520.0	12199200
89.63964	70.6875	72.6983	52361520.0	12199200
70.01812	125.9375	72.6983	52361520.0	12199200
92.495445	137.75	72.6983	52361520.0	12199200
103.5806	84.5	72.6983	52361520.0	12199200
50.022648	113.3125	72.6983	52361520.0	12199200
69.26477	73.4375	72.6983	52361520.0	12199200
45.147438	70.5	72.6983	52361520.0	12199200
98.92459	81.0625	72.6983	52361520.0	12199200
62.27527	67.8125	72.6983	52361520.0	12199200
87.85637	74.875	72.6983	52361520.0	12199200
50.080624	60.09375	72.6983	52361520.0	12199200
59.67739	126.0625	72.6983	52361520.0	12199200
70.41577	102.8125	72.6983	52361520.0	12199200
51.997948	77.375	72.6983	52361520.0	12199200
61.636116	109.5	72.6983	52361520.0	12199200
102.04433	188.375	72.6983	52361520.0	12199200
43.843407	140.375	72.6983	52361520.0	12199200
128.52052	72.4375	72.6983	52361520.0	12199200
45.013145	85.0625	72.6983	52361520.0	12199200
103.269516	112.25	72.6983	52361520.0	12199200
48.06857	99.125	72.6983	52361520.0	12199200
125.80893	102.4375	72.6983	52361520.0	12199200
69.893425	118.875	72.6983	52361520.0	12199200
99.62852	66.0625	72.6983	52361520.0	12199200
175.6718	95.75	72.6983	52361520.0	12199200
170.6251	130.5	72.6983	52361520.0	12199200
192.18272	92.9375	72.6983	52361520.0	12199200
64.864174	61.75	72.6983	52361520.0	12199200
45.50477	68.125	72.6983	52361520.0	12199200
69.5531	161.875	72.6983	52361520.0	12199200
62.50568	60.46875	72.6983	52361520.0	12199200
63.791046	76.5625	72.6983	52361520.0	12199200
61.937046	75.375	72.6983	52361520.0	12199200
143.2379	145.375	72.6983	52361520.0	12199200
63.06479	75.5625	72.6983	52361520.0	12199200
60.405838	106.75	72.6983	52361520.0	12199200
74.95802	116.9375	72.6983	52361520.0	12199200
44.183887	56.59375	72.6983	52361520.0	12199200
39.22933	101.0	72.6983	52361520.0	12199200
78.682335	92.875	72.6983	52361520.0	12199200
60.201653	91.8125	72.6983	52361520.0	12199200
61.155552	119.75	72.6983	52361520.0	12199200
42.63968	45.9375	72.6983	52361520.0	12199200
140.00676	161.875	72.6983	52361520.0	12199200
57.89228	83.3125	72.6983	52361520.0	12199200
65.522255	92.625	72.6983	52361520.0	12199200
55.226677	66.1875	72.6983	52361520.0	12199200
63.252533	60.1875	72.6983	52361520.0	12199200
80.109764	92.25	72.6983	52361520.0	12199200
72.51837	62.75	72.6983	52361520.0	12199200
26.16184	72.9375	72.6983	52361520.0	12199200
88.31947	96.375	72.6983	52361520.0	12199200
111.3609	48.21875	72.6983	52361520.0	12199200
182.3561	77.3125	72.6983	52361520.0	12199200
98.34673	105.1875	72.6983	52361520.0	12199200
30.380978	89.1875	72.6983	52361520.0	12199200
90.89715	113.8125	72.6983	52361520.0	12199200
107.259384	57.71875	72.6983	52361520.0	12199200
59.714104	79.625	72.6983	52361520.0	12199200
75.026634	93.8125	72.6983	52361520.0	12199200
75.406166	95.625	72.6983	52361520.0	12199200
61.930214	78.125	72.6983	52361520.0	12199200
109.62272	29.265625	72.6983	52361520.0	12199200
64.887314	64.6875	72.6983	52361520.0	12199200
63.846752	151.125	72.6983	52361520.0	12199200
109.19361	101.875	72.6983	52361520.0	12199200
129.09253	126.8125	72.6983	52361520.0	12199200
54.699543	79.5625	72.6983	52361520.0	12199200
69.96236	137.125	72.6983	52361520.0	12199200
56.15118	73.625	72.6983	52361520.0	12199200
41.02186	55.4375	72.6983	52361520.0	12199200
57.94198	141.375	72.6983	52361520.0	12199200
85.13005	108.5	72.6983	52361520.0	12199200
86.81557	93.125	72.6983	52361520.0	12199200
68.74563	127.875	72.6983	52361520.0	12199200
162.54114	63.4375	72.6983	52361520.0	12199200
48.139774	127.8125	72.6983	52361520.0	12199200
129.09575	74.125	72.6983	52361520.0	12199200
55.28712	58.5	72.6983	52361520.0	12199200
135.56259	114.4375	72.6983	52361520.0	12199200
47.52037	60.5	72.6983	52361520.0	12199200
63.18286	49.09375	72.6983	52361520.0	12199200
76.43745	66.3125	72.6983	52361520.0	12199200
34.621536	67.375	72.6983	52361520.0	12199200
43.500404	54.28125	72.6983	52361520.0	12199200
102.555786	68.375	72.6983	52361520.0	12199200
71.38492	44.34375	72.6983	52361520.0	12199200
56.449116	71.125	72.6983	52361520.0	12199200
85.52955	150.375	72.6983	52361520.0	12199200
86.94766	104.375	72.6983	52361520.0	12199200
102.268845	39.3125	72.6983	52361520.0	12199200
66.81857	71.0	72.6983	52361520.0	12199200
80.35909	78.1875	72.6983	52361520.0	12199200
72.84082	56.625	72.6983	52361520.0	12199200
151.659	55.9375	72.6983	52361520.0	12199200
145.36324	94.1875	72.6983	52361520.0	12199200
58.737663	112.9375	-72.6983	52361520.0	12199200
153.66614	59.65625	72.6983	52361520.0	12199200
122.367294	112.9375	72.6983	52361520.0	12199200
38.063107	85.875	72.6983	52361520.0	12199200
76.41322	34.875	72.6983	52361520.0	12199200
49.9237	95.25	72.6983	52361520.0	12199200
113.14615	75.3125	72.6983	52361520.0	12199200
55.000023	106.75	72.6983	52361520.0	12199200
53.25015	78.625	72.6983	52361520.0	12199200
105.3936	107.125	72.6983	52361520.0	12199200
54.505486	94.0	72.6983	52361520.0	12199200
45.794518	58.59375	72.6983	52361520.0	12199200
100.58619	53.53125	72.6983	52361520.0	12199200
170.53029	33.625	72.6983	52361520.0	12199200
67.12382	87.125	72.6983	52361520.0	12199200
157.81358	133.875	72.6983	52361520.0	12199200
63.41605	70.5625	72.6983	52361520.0	12199200
78.43333	83.4375	72.6983	52361520.0	12199200
41.662846	99.3125	72.6983	52361520.0	12199200
61.083645	58.875	72.6983	52361520.0	12199200
76.08211	152.875	72.6983	52361520.0	12199200
81.19355	75.9375	72.6983	52361520.0	12199200
62.741547	109.0	72.6983	52361520.0	12199200
134.8489	58.34375	72.6983	52361520.0	12199200
56.836914	111.125	72.6983	52361520.0	12199200
68.428375	105.125	72.6983	52361520.0	12199200
65.03577	80.4375	72.6983	52361520.0	12199200
42.407894	65.125	72.6983	52361520.0	12199200
59.68542	61.0	72.6983	52361520.0	12199200
39.09468	93.125	72.6983	52361520.0	12199200
149.28299	84.125	72.6983	52361520.0	12199200
59.28764	84.75	72.6983	52361520.0	12199200
102.853165	28.328125	72.6983	52361520.0	12199200
60.41878	98.5	72.6983	52361520.0	12199200
49.582565	144.0	72.6983	52361520.0	12199200
54.760334	54.1875	72.6983	52361520.0	12199200
71.79855	85.25	72.6983	52361520.0	12199200
55.71032	93.3125	72.6983	52361520.0	12199200
138.57812	69.5	72.6983	52361520.0	12199200
81.65187	93.4375	72.6983	52361520.0	12199200
122.97597	105.6875	72.6983	52361520.0	12199200
52.687744	78.8125	72.6983	52361520.0	12199200
75.9409	62.75	72.6983	52361520.0	12199200
51.31962	46.59375	72.6983	52361520.0	12199200
56.10607	64.8125	72.6983	52361520.0	12199200
144.37498	124.0625	72.6983	52361520.0	12199200
59.01449	117.6875	72.6983	52361520.0	12199200
69.91028	77.375	72.6983	52361520.0	12199200
75.07143	65.875	72.6983	52361520.0	12199200
64.21457	67.9375	72.6983	52361520.0	12199200
60.709896	48.375	72.6983	52361520.0	12199200
69.89938	45.1875	72.6983	52361520.0	12199200
106.75432	132.875	72.6983	52361520.0	12199200
98.68676	61.25	72.6983	52361520.0	12199200
99.56789	80.3125	72.6983	52361520.0	12199200
36.70261	95.0625	72.6983	52361520.0	12199200
41.86944	39.25	72.6983	52361520.0	12199200
173.55098	61.21875	72.6983	52361520.0	12199200
103.58588	101.0625	72.6983	52361520.0	12199200
72.28057	125.9375	72.6983	52361520.0	12199200
82.9652	114.0625	72.6983	52361520.0	12199200
68.70355	59.375	72.6983	52361520.0	12199200
63.97441	87.8125	72.6983	52361520.0	12199200
61.868946	82.75	72.6983	52361520.0	12199200
40.564133	101.0	72.6983	52361520.0	12199200
170.38048	97.0	72.6983	52361520.0	12199200
76.77117	132.75	72.6983	52361520.0	12199200
73.4208	67.0	72.6983	52361520.0	12199200
46.006535	66.75	72.6983	52361520.0	12199200
21.143085	85.0625	72.6983	52361520.0	12199200
151.68843	124.1875	72.6983	52361520.0	12199200
113.0887	73.9375	72.6983	52361520.0	12199200
24.785717	60.0625	72.6983	52361520.0	12199200
51.98764	63.8125	72.6983	52361520.0	12199200
49.313976	56.09375	72.6983	52361520.0	12199200
88.84248	83.6875	72.6983	52361520.0	12199200
64.988335	73.75	72.6983	52361520.0	12199200
65.032745	133.75	72.6983	52361520.0	12199200
76.241486	99.25	72.6983	52361520.0	12199200
59.785313	89.9375	72.6983	52361520.0	12199200
98.69187	119.6875	72.6983	52361520.0	12199200
174.02007	154.625	72.6983	52361520.0	12199200
57.587166	75.125	72.6983	52361520.0	12199200
208.4571	74.5	72.6983	52361520.0	12199200
104.94256	121.125	72.6983	52361520.0	12199200
121.319214	102.5625	72.6983	52361520.0	12199200
69.596725	137.875	72.6983	52361520.0	12199200
152.5771	81.0	72.6983	52361520.0	12199200
54.011997	132.625	72.6983	52361520.0	12199200
51.907776	63.28125	72.6983	52361520.0	12199200
32.523182	102.0	72.6983	52361520.0	12199200
158.9142	87.1875	72.6983	52361520.0	12199200
60.664253	84.9375	72.6983	52361520.0	12199200
49.377636	61.5	72.6983	52361520.0	12199200
85.895424	88.125	72.6983	52361520.0	12199200
79.11397	152.875	72.6983	52361520.0	12199200
71.03925	138.375	72.6983	52361520.0	12199200
79.01405	77.625	72.6983	52361520.0	12199200
47.122543	91.8125	72.6983	52361520.0	12199200
94.5222	84.1875	72.6983	52361520.0	12199200
82.38624	145.75	72.6983	52361520.0	12199200
78.64676	33.53125	72.6983	52361520.0	12199200
124.40406	91.6875	72.6983	52361520.0	12199200
85.600395	68.9375	72.6983	52361520.0	12199200
91.597565	128.75	72.6983	52361520.0	12199200
50.557476	80.9375	72.6983	52361520.0	12199200
50.976364	82.5	72.6983	52361520.0	12199200
99.50573	139.125	72.6983	52361520.0	12199200
51.765297	106.5625	72.6983	52361520.0	12199200
69.6437	66.0625	72.6983	52361520.0	12199200
174.65685	140.625	72.6983	52361520.0	12199200
74.72102	132.625	72.6983	52361520.0	12199200
39.339104	110.4375	72.6983	52361520.0	12199200
114.155556	117.375	72.6983	52361520.0	12199200
24.392769	91.0	72.6983	52361520.0	12199200
133.25883	84.4375	72.6983	52361520.0	12199200
39.93183	66.25	72.6983	52361520.0	12199200
64.986084	99.0625	72.6983	52361520.0	12199200
139.26424	114.5625	72.6983	52361520.0	12199200
77.64227	58.46875	72.6983	52361520.0	12199200
158.81268	35.53125	72.6983	52361520.0	12199200
48.17933	146.875	72.6983	52361520.0	12199200
39.25062	80.375	72.6983	52361520.0	12199200
29.315262	57.96875	72.6983	52361520.0	12199200
99.77	97.125	72.6983	52361520.0	12199200
81.93167	67.625	72.6983	52361520.0	12199200
84.653244	121.1875	72.6983	52361520.0	12199200
191.53381	72.9375	72.6983	52361520.0	12199200
81.49464	74.3125	72.6983	52361520.0	12199200
37.712006	94.25	72.6983	52361520.0	12199200
50.785294	71.5625	72.6983	52361520.0	12199200
155.98222	99.0	72.6983	52361520.0	12199200
48.895782	76.0625	72.6983	52361520.0	12199200
139.30136	86.4375	72.6983	52361520.0	12199200
187.83073	67.875	72.6983	52361520.0	12199200
61.368958	65.1875	72.6983	52361520.0	12199200
104.07141	100.0625	72.6983	52361520.0	12199200
83.74273	55.09375	72.6983	52361520.0	12199200
51.02248	108.25	72.6983	52361520.0	12199200
43.536964	146.875	72.6983	52361520.0	12199200
78.802	138.5	72.6983	52361520.0	12199200
79.130905	115.25	72.6983	52361520.0	12199200
48.133175	102.0625	72.6983	52361520.0	12199200
58.361137	107.875	72.6983	52361520.0	12199200
177.50584	62.90625	72.6983	52361520.0	12199200
237.02777	102.5	72.6983	52361520.0	12199200
36.70747	76.75	72.6983	52361520.0	12199200
73.8901	50.4375	72.6983	52361520.0	12199200
60.27542	105.625	72.6983	52361520.0	12199200
55.644028	126.1875	72.6983	52361520.0	12199200
163.39789	59.34375	72.6983	52361520.0	12199200
38.32267	70.5	72.6983	52361520.0	12199200
76.649864	91.375	72.6983	52361520.0	12199200
138.1484	59.40625	72.6983	52361520.0	12199200
125.762566	63.03125	72.6983	52361520.0	12199200
123.38007	113.3125	72.6983	52361520.0	12199200
72.245346	158.5	72.6983	52361520.0	12199200
82.26447	97.0625	72.6983	52361520.0	12199200
77.59264	78.5625	72.6983	52361520.0	12199200
58.73309	78.25	72.6983	52361520.0	12199200
70.93346	63.0	72.6983	52361520.0	12199200
60.157925	77.4375	72.6983	52361520.0	12199200
54.81231	152.5	72.6983	52361520.0	12199200
32.18498	148.25	72.6983	52361520.0	12199200
93.06737	59.75	72.6983	52361520.0	12199200
48.91902	148.5	72.6983	52361520.0	12199200
119.64819	103.0	72.6983	52361520.0	12199200
142.10902	93.375	72.6983	52361520.0	12199200
59.860977	154.25	72.6983	52361520.0	12199200
59.16658	44.5	72.6983	52361520.0	12199200
133.55093	118.5	72.6983	52361520.0	12199200
150.24194	64.9375	72.6983	52361520.0	12199200
128.69473	63.78125	72.6983	52361520.0	12199200
78.55552	144.375	72.6983	52361520.0	12199200
93.26202	76.4375	72.6983	52361520.0	12199200
113.36351	109.3125	72.6983	52361520.0	12199200
53.500652	79.375	72.6983	52361520.0	12199200
152.4542	70.375	72.6983	52361520.0	12199200
58.284336	144.375	72.6983	52361520.0	12199200
69.58979	93.125	72.6983	52361520.0	12199200
73.99032	78.625	72.6983	52361520.0	12199200
100.33379	67.5625	72.6983	52361520.0	12199200
70.94287	90.6875	72.6983	52361520.0	12199200
154.74948	79.25	72.6983	52361520.0	12199200
81.892654	94.1875	72.6983	52361520.0	12199200
66.78489	122.375	72.6983	52361520.0	12199200
72.19379	141.375	72.6983	52361520.0	12199200
82.41561	90.0	72.6983	52361520.0	12199200
80.810646	138.375	72.6983	52361520.0	12199200
61.833347	141.5	72.6983	52361520.0	12199200
101.610855	38.96875	72.6983	52361520.0	12199200
69.980095	78.5	72.6983	52361520.0	12199200
186.53145	111.9375	72.6983	52361520.0	12199200
152.5507	82.75	72.6983	52361520.0	12199200
186.77547	55.1875	72.6983	52361520.0	12199200
35.053307	112.625	72.6983	52361520.0	12199200
47.110737	70.125	72.6983	52361520.0	12199200
108.02101	133.125	72.6983	52361520.0	12199200
100.61794	92.25	72.6983	52361520.0	12199200
54.219643	79.0	72.6983	52361520.0	12199200
63.988255	61.53125	72.6983	52361520.0	12199200
39.96227	58.96875	72.6983	52361520.0	12199200
86.46313	104.5	72.6983	52361520.0	12199200
53.787987	77.0625	72.6983	52361520.0	12199200
57.604923	91.0	72.6983	52361520.0	12199200
103.94559	99.125	72.6983	52361520.0	12199200
95.072174	52.1875	72.6983	52361520.0	12199200
213.07877	82.75	72.6983	52361520.0	12199200
119.41041	113.6875	72.6983	52361520.0	12199200
107.69826	109.0625	72.6983	52361520.0	12199200
53.6187	162.875	72.6983	52361520.0	12199200
72.36714	74.0	72.6983	52361520.0	12199200
54.771324	122.3125	72.6983	52361520.0	12199200
69.224754	80.875	72.6983	52361520.0	12199200
161.25288	84.0625	72.6983	52361520.0	12199200
62.297413	83.75	72.6983	52361520.0	12199200
133.50839	64.9375	72.6983	52361520.0	12199200
148.60738	101.0625	72.6983	52361520.0	12199200
69.740616	64.5625	72.6983	52361520.0	12199200
45.229443	159.75	72.6983	52361520.0	12199200
53.873436	144.5	72.6983	52361520.0	12199200
68.053375	127.875	72.6983	52361520.0	12199200
74.41837	47.125	72.6983	52361520.0	12199200
56.602093	88.4375	72.6983	52361520.0	12199200
70.58007	97.8125	72.6983	52361520.0	12199200
96.92496	100.8125	72.6983	52361520.0	12199200
42.86438	120.3125	72.6983	52361520.0	12199200
145.90186	112.25	72.6983	52361520.0	12199200
132.87827	152.875	72.6983	52361520.0	12199200
69.71215	71.3125	72.6983	52361520.0	12199200
43.98991	78.3125	72.6983	52361520.0	12199200
72.89043	91.75	72.6983	52361520.0	12199200
144.42842	81.75	72.6983	52361520.0	12199200
143.85896	111.9375	72.6983	52361520.0	12199200
55.22416	133.5	72.6983	52361520.0	12199200
74.45563	115.5625	72.6983	52361520.0	12199200
69.4485	70.6875	72.6983	52361520.0	12199200
80.24008	129.375	72.6983	52361520.0	12199200
90.71215	116.1875	72.6983	52361520.0	12199200
126.24744	106.5625	72.6983	52361520.0	12199200
58.86026	96.75	72.6983	52361520.0	12199200
80.171135	126.625	72.6983	52361520.0	12199200
70.46332	123.4375	72.6983	52361520.0	12199200
41.119312	125.4375	72.6983	52361520.0	12199200
119.49255	113.1875	72.6983	52361520.0	12199200
57.655083	148.875	72.6983	52361520.0	12199200
44.07098	93.0	72.6983	52361520.0	12199200
66.549416	108.4375	72.6983	52361520.0	12199200
67.52222	69.5625	72.6983	52361520.0	12199200
96.96067	117.4375	72.6983	52361520.0	12199200
107.35895	52.8125	72.6983	52361520.0	12199200
44.115906	111.0	72.6983	52361520.0	12199200
84.698944	129.75	72.6983	52361520.0	12199200
160.26085	58.375	72.6983	52361520.0	12199200
53.05314	70.9375	72.6983	52361520.0	12199200
78.40429	94.75	72.6983	52361520.0	12199200
43.575752	164.125	72.6983	52361520.0	12199200
170.0755	43.90625	72.6983	52361520.0	12199200
82.014786	80.875	72.6983	52361520.0	12199200
56.72313	126.875	72.6983	52361520.0	12199200
68.23304	68.9375	72.6983	52361520.0	12199200
102.839	65.5	72.6983	52361520.0	12199200
104.26834	129.125	72.6983	52361520.0	12199200
145.19002	152.75	72.6983	52361520.0	12199200
92.734566	59.375	72.6983	52361520.0	12199200
43.057228	126.25	72.6983	52361520.0	12199200
58.31879	113.625	72.6983	52361520.0	12199200
39.904774	66.125	72.6983	52361520.0	12199200
46.988934	45.1875	72.6983	52361520.0	12199200
86.16297	99.0625	72.6983	52361520.0	12199200
72.82523	39.15625	72.6983	52361520.0	12199200
53.52999	74.0625	72.6983	52361520.0	12199200
64.092926	111.8125	72.6983	52361520.0	12199200
56.69164	127.3125	72.6983	52361520.0	12199200
51.07069	67.9375	72.6983	52361520.0	12199200
68.63993	77.25	72.6983	52361520.0	12199200
56.476322	134.25	72.6983	52361520.0	12199200
30.68949	119.875	72.6983	52361520.0	12199200
55.70975	146.25	72.6983	52361520.0	12199200
32.461445	112.0	72.6983	52361520.0	12199200
181.78018	64.625	72.6983	52361520.0	12199200
48.201237	77.9375	72.6983	52361520.0	12199200
35.08747	103.4375	72.6983	52361520.0	12199200
56.87455	101.125	72.6983	52361520.0	12199200
77.58033	153.375	72.6983	52361520.0	12199200
73.623184	119.5	72.6983	52361520.0	12199200
142.04683	103.125	72.6983	52361520.0	12199200
42.621796	51.0	72.6983	52361520.0	12199200
55.01442	118.1875	72.6983	52361520.0	12199200
56.057446	114.3125	72.6983	52361520.0	12199200
77.18471	145.625	72.6983	52361520.0	12199200
46.192368	58.5625	72.6983	52361520.0	12199200
67.64459	122.75	72.6983	52361520.0	12199200
130.71545	66.0625	72.6983	52361520.0	12199200
72.605835	134.125	72.6983	52361520.0	12199200
242.9835	46.71875	72.6983	52361520.0	12199200
40.296158	124.625	72.6983	52361520.0	12199200
37.76768	60.09375	-72.6983	52361520.0	12199200
56.53058	54.25	72.6983	52361520.0	12199200
142.27502	66.0625	72.6983	52361520.0	12199200
58.725887	49.25	72.6983	52361520.0	12199200
59.560123	80.3125	72.6983	52361520.0	12199200
151.63844	141.375	72.6983	52361520.0	12199200
52.165237	83.6875	72.6983	52361520.0	12199200
105.22762	99.6875	72.6983	52361520.0	12199200
118.4871	52.34375	72.6983	52361520.0	12199200
69.11186	65.1875	72.6983	52361520.0	12199200
52.226017	79.6875	72.6983	52361520.0	12199200
97.13908	129.5	72.6983	52361520.0	12199200
35.300488	87.875	72.6983	52361520.0	12199200
77.50755	95.25	72.6983	52361520.0	12199200
186.76054	58.15625	72.6983	52361520.0	12199200
50.22037	135.5	72.6983	52361520.0	12199200
76.152275	124.75	72.6983	52361520.0	12199200
34.23529	139.5	72.6983	52361520.0	12199200
91.20087	63.84375	72.6983	52361520.0	12199200
64.82341	64.4375	72.6983	52361520.0	12199200
71.41042	40.125	72.6983	52361520.0	12199200
74.606544	44.4375	72.6983	52361520.0	12199200
113.86832	137.0	72.6983	52361520.0	12199200
63.783787	80.75	72.6983	52361520.0	12199200
101.749115	83.4375	72.6983	52361520.0	12199200
77.72402	100.9375	72.6983	52361520.0	12199200
145.42163	76.5625	72.6983	52361520.0	12199200
56.845795	103.0	72.6983	52361520.0	12199200
72.13806	121.3125	72.6983	52361520.0	12199200
91.66572	58.25	72.6983	52361520.0	12199200
79.1411	115.5	72.6983	52361520.0	12199200
145.14854	113.4375	72.6983	52361520.0	12199200
67.72012	67.3125	72.6983	52361520.0	12199200
58.25931	110.25	72.6983	52361520.0	12199200
74.71356	72.125	72.6983	52361520.0	12199200
95.34533	36.6875	72.6983	52361520.0	12199200
55.69164	31.390625	72.6983	52361520.0	12199200
41.684273	118.625	72.6983	52361520.0	12199200
35.038628	96.125	72.6983	52361520.0	12199200
58.94287	41.78125	72.6983	52361520.0	12199200
131.54373	149.5	72.6983	52361520.0	12199200
93.14894	115.8125	72.6983	52361520.0	12199200
72.8122	51.46875	72.6983	52361520.0	12199200
73.67595	93.3125	72.6983	52361520.0	12199200
84.39448	133.375	72.6983	52361520.0	12199200
55.488472	91.9375	72.6983	52361520.0	12199200
167.3946	90.0625	72.6983	52361520.0	12199200
98.07542	133.25	72.6983	52361520.0	12199200
74.7077	112.9375	72.6983	52361520.0	12199200
90.891106	107.25	72.6983	52361520.0	12199200
129.30066	138.25	72.6983	52361520.0	12199200
78.3822	100.25	72.6983	52361520.0	12199200
73.04461	57.34375	72.6983	52361520.0	12199200
58.190453	95.25	72.6983	52361520.0	12199200
54.801647	87.3125	72.6983	52361520.0	12199200
124.35616	142.75	72.6983	52361520.0	12199200
82.65327	90.5	72.6983	52361520.0	12199200
96.90705	98.0625	72.6983	52361520.0	12199200
60.763622	74.625	72.6983	52361520.0	12199200
102.92359	63.28125	72.6983	52361520.0	12199200
64.030334	70.0	72.6983	52361520.0	12199200
32.37114	80.5	72.6983	52361520.0	12199200
41.04542	139.25	72.6983	52361520.0	12199200
60.24539	104.375	72.6983	52361520.0	12199200
95.74794	118.5625	72.6983	52361520.0	12199200
74.198715	99.25	72.6983	52361520.0	12199200
54.073017	65.875	72.6983	52361520.0	12199200
82.37886	123.8125	72.6983	52361520.0	12199200
66.379105	134.75	72.6983	52361520.0	12199200
46.540657	124.375	72.6983	52361520.0	12199200
40.186436	126.1875	72.6983	52361520.0	12199200
55.823498	89.1875	72.6983	52361520.0	12199200
59.0549	89.6875	72.6983	52361520.0	12199200
49.828915	59.375	72.6983	52361520.0	12199200
67.40417	99.5	72.6983	52361520.0	12199200
50.391174	143.5	72.6983	52361520.0	12199200
52.795246	77.1875	72.6983	52361520.0	12199200
124.057045	141.5	72.6983	52361520.0	12199200
67.39907	91.8125	72.6983	52361520.0	12199200
43.602386	90.1875	72.6983	52361520.0	12199200
49.000164	100.5625	72.6983	52361520.0	12199200
56.97393	96.375	72.6983	52361520.0	12199200
101.474594	72.0625	72.6983	52361520.0	12199200
92.28571	149.625	72.6983	52361520.0	12199200
68.04993	134.625	72.6983	52361520.0	12199200
48.98039	80.5	72.6983	52361520.0	12199200
65.67285	59.65625	72.6983	52361520.0	12199200
65.13718	61.9375	72.6983	52361520.0	12199200
42.303032	93.5	72.6983	52361520.0	12199200
49.979164	64.4375	72.6983	52361520.0	12199200
85.10033	103.6875	72.6983	52361520.0	12199200
117.77915	114.375	72.6983	52361520.0	12199200
81.71612	55.03125	72.6983	52361520.0	12199200
81.068634	62.6875	72.6983	52361520.0	12199200
86.53837	142.75	72.6983	52361520.0	12199200
58.499023	70.0625	72.6983	52361520.0	12199200
49.07489	85.9375	72.6983	52361520.0	12199200
78.46371	103.8125	72.6983	52361520.0	12199200
71.86314	66.375	72.6983	52361520.0	12199200
59.25804	148.0	72.6983	52361520.0	12199200
51.912766	108.1875	72.6983	52361520.0	12199200
105.27714	69.375	72.6983	52361520.0	12199200
42.756695	69.125	72.6983	52361520.0	12199200
59.751274	55.25	72.6983	52361520.0	12199200
41.508015	48.96875	72.6983	52361520.0	12199200
63.072525	117.625	72.6983	52361520.0	12199200
43.7351	99.625	72.6983	52361520.0	12199200
95.61347	113.875	72.6983	52361520.0	12199200
152.1727	83.875	72.6983	52361520.0	12199200
65.92641	109.5625	72.6983	52361520.0	12199200
59.167984	112.3125	72.6983	52361520.0	12199200
68.58734	73.25	72.6983	52361520.0	12199200
41.72385	110.4375	72.6983	52361520.0	12199200
41.1289	119.8125	72.6983	52361520.0	12199200
94.31885	138.875	72.6983	52361520.0	12199200
91.02213	131.0	72.6983	52361520.0	12199200
80.56242	71.8125	72.6983	52361520.0	12199200
65.85833	93.1875	72.6983	52361520.0	12199200
132.21906	48.03125	72.6983	52361520.0	12199200
54.325317	102.9375	72.6983	52361520.0	12199200
97.833565	60.3125	72.6983	52361520.0	12199200
92.60868	115.875	72.6983	52361520.0	12199200
46.722786	69.9375	72.6983	52361520.0	12199200
117.05744	60.75	72.6983	52361520.0	12199200
42.0512	127.9375	72.6983	52361520.0	12199200
77.70515	99.25	72.6983	52361520.0	12199200
96.30752	86.625	72.6983	52361520.0	12199200
64.58281	106.375	72.6983	52361520.0	12199200
71.63797	70.1875	72.6983	52361520.0	12199200
38.563618	70.125	72.6983	52361520.0	12199200
24.343332	109.5625	72.6983	52361520.0	12199200
165.47745	139.125	72.6983	52361520.0	12199200
90.00177	40.90625	72.6983	52361520.0	12199200
111.18932	115.625	72.6983	52361520.0	12199200
74.97605	57.46875	72.6983	52361520.0	12199200
68.0434	79.5	72.6983	52361520.0	12199200
67.131096	56.40625	72.6983	52361520.0	12199200
37.078075	123.4375	72.6983	52361520.0	12199200
86.96074	55.9375	72.6983	52361520.0	12199200
140.08072	63.53125	72.6983	52361520.0	12199200
33.92023	130.625	72.6983	52361520.0	12199200
97.95304	79.1875	72.6983	52361520.0	12199200
50.13662	56.125	72.6983	52361520.0	12199200
55.202717	48.125	72.6983	52361520.0	12199200
162.53252	66.6875	72.6983	52361520.0	12199200
47.423992	59.875	72.6983	52361520.0	12199200
51.979008	83.5625	72.6983	52361520.0	12199200
163.02884	109.3125	72.6983	52361520.0	12199200
61.661453	122.1875	72.6983	52361520.0	12199200
77.04295	116.4375	72.6983	52361520.0	12199200
49.18414	59.375	72.6983	52361520.0	12199200
102.90854	148.0	72.6983	52361520.0	12199200
59.902737	81.375	72.6983	52361520.0	12199200
65.78013	152.125	72.6983	52361520.0	12199200
50.342354	120.75	72.6983	52361520.0	12199200
75.99935	123.0625	72.6983	52361520.0	12199200
48.748203	93.8125	72.6983	52361520.0	12199200
37.809612	79.625	72.6983	52361520.0	12199200
51.38563	81.25	72.6983	52361520.0	12199200
70.75667	33.28125	72.6983	52361520.0	12199200
64.19599	74.75	72.6983	52361520.0	12199200
117.59947	79.375	72.6983	52361520.0	12199200
40.722393	155.25	72.6983	52361520.0	12199200
70.4201	98.6875	72.6983	52361520.0	12199200
124.5342	55.9375	72.6983	52361520.0	12199200
88.2676	55.625	72.6983	52361520.0	12199200
56.703728	99.3125	72.6983	52361520.0	12199200
50.934196	58.40625	72.6983	52361520.0	12199200
53.356133	76.875	72.6983	52361520.0	12199200
33.850376	122.625	72.6983	52361520.0	12199200
133.41112	78.0625	72.6983	52361520.0	12199200
66.16289	57.65625	72.6983	52361520.0	12199200
55.291668	117.0	72.6983	52361520.0	12199200
145.36383	32.28125	72.6983	52361520.0	12199200
149.2878	65.0625	72.6983	52361520.0	12199200
55.596794	63.9375	72.6983	52361520.0	12199200
47.90059	129.0	72.6983	52361520.0	12199200
70.29802	84.3125	72.6983	52361520.0	12199200
52.93997	57.59375	72.6983	52361520.0	12199200
77.783875	124.9375	72.6983	52361520.0	12199200
146.85909	83.75	72.6983	52361520.0	12199200
121.1612	126.5	72.6983	52361520.0	12199200
81.82189	58.96875	72.6983	52361520.0	12199200
74.64273	94.8125	72.6983	52361520.0	12199200
52.382774	98.9375	72.6983	52361520.0	12199200
45.567223	106.4375	72.6983	52361520.0	12199200
193.70506	111.875	72.6983	52361520.0	12199200
106.92461	66.25	72.6983	52361520.0	12199200
79.84583	71.5625	72.6983	52361520.0	12199200
57.3179	115.625	72.6983	52361520.0	12199200
54.970207	70.9375	72.6983	52361520.0	12199200
179.10173	111.6875	72.6983	52361520.0	12199200
75.20782	87.8125	72.6983	52361520.0	12199200
46.901966	79.5625	72.6983	52361520.0	12199200
55.163483	142.5	72.6983	52361520.0	12199200
49.78517	83.4375	72.6983	52361520.0	12199200
167.17487	62.5625	72.6983	52361520.0	12199200
77.085434	67.125	72.6983	52361520.0	12199200
92.1263	139.375	72.6983	52361520.0	12199200
61.844135	100.9375	72.6983	52361520.0	12199200
72.52761	126.125	72.6983	52361520.0	12199200
66.84837	64.0625	72.6983	52361520.0	12199200
53.473675	83.25	72.6983	52361520.0	12199200
103.012566	55.625	72.6983	52361520.0	12199200
57.472885	89.625	72.6983	52361520.0	12199200
156.89961	146.875	72.6983	52361520.0	12199200
40.422485	57.75	72.6983	52361520.0	12199200
99.57301	105.125	72.6983	52361520.0	12199200
69.7762	70.8125	72.6983	52361520.0	12199200
82.58725	70.8125	72.6983	52361520.0	12199200
62.887905	39.21875	72.6983	52361520.0	12199200
69.43406	55.96875	72.6983	52361520.0	12199200
38.05829	63.8125	72.6983	52361520.0	12199200
69.25082	98.375	72.6983	52361520.0	12199200
98.7083	239.125	72.6983	52361520.0	12199200
46.88081	109.75	72.6983	52361520.0	12199200
77.39496	56.375	72.6983	52361520.0	12199200
48.576504	117.9375	72.6983	52361520.0	12199200
37.831593	56.53125	72.6983	52361520.0	12199200
91.76391	79.1875	72.6983	52361520.0	12199200
64.58048	142.0	72.6983	52361520.0	12199200
84.966835	149.25	72.6983	52361520.0	12199200
77.39404	93.4375	72.6983	52361520.0	12199200
69.4813	31.5	72.6983	52361520.0	12199200
208.05827	63.09375	72.6983	52361520.0	12199200
63.52011	89.25	72.6983	52361520.0	12199200
105.335304	29.796875	72.6983	52361520.0	12199200
117.46262	80.125	72.6983	52361520.0	12199200
67.8308	150.125	72.6983	52361520.0	12199200
54.86389	120.1875	72.6983	52361520.0	12199200
132.69997	47.125	72.6983	52361520.0	12199200
88.333595	61.5	72.6983	52361520.0	12199200
41.327934	98.0	72.6983	52361520.0	12199200
176.51926	78.9375	72.6983	52361520.0	12199200
89.252365	68.4375	72.6983	52361520.0	12199200
81.732376	152.375	72.6983	52361520.0	12199200
46.192627	107.125	72.6983	52361520.0	12199200
65.23517	74.6875	72.6983	52361520.0	12199200
155.03398	77.5	72.6983	52361520.0	12199200
58.073437	79.9375	72.6983	52361520.0	12199200
83.89888	78.125	72.6983	52361520.0	12199200
145.3974	58.625	72.6983	52361520.0	12199200
127.47263	73.8125	72.6983	52361520.0	12199200
79.14309	93.9375	72.6983	52361520.0	12199200
124.032616	56.125	72.6983	52361520.0	12199200
40.40922	56.0625	72.6983	52361520.0	12199200
125.83924	70.625	72.6983	52361520.0	12199200
64.48818	60.21875	72.6983	52361520.0	12199200
71.59377	107.875	72.6983	52361520.0	12199200
79.779785	30.890625	72.6983	52361520.0	12199200
93.92063	64.5	72.6983	52361520.0	12199200
49.551098	94.625	72.6983	52361520.0	12199200
128.492	76.9375	72.6983	52361520.0	12199200
70.16944	161.625	72.6983	52361520.0	12199200
66.11583	73.875	72.6983	52361520.0	12199200
474.3353	63.1875	72.6983	52361520.0	12199200
49.083763	80.0	72.6983	52361520.0	12199200
127.16379	90.625	72.6983	52361520.0	12199200
81.93621	76.375	72.6983	52361520.0	12199200
68.594315	67.6875	72.6983	52361520.0	12199200
61.14998	72.5625	72.6983	52361520.0	12199200
48.867256	105.125	72.6983	52361520.0	12199200
156.08041	96.8125	72.6983	52361520.0	12199200
32.022762	73.5625	72.6983	52361520.0	12199200
51.30605	100.1875	72.6983	52361520.0	12199200
75.0837	119.3125	72.6983	52361520.0	12199200
42.45971	141.0	72.6983	52361520.0	12199200
63.865658	106.9375	72.6983	52361520.0	12199200
40.07653	140.75	72.6983	52361520.0	12199200
45.34317	130.125	72.6983	52361520.0	12199200
100.494705	71.6875	72.6983	52361520.0	12199200
52.629852	146.75	72.6983	52361520.0	12199200
120.33988	58.0	72.6983	52361520.0	12199200
68.38502	146.75	72.6983	52361520.0	12199200
31.653887	103.6875	72.6983	52361520.0	12199200
65.19071	137.5	72.6983	52361520.0	12199200
85.81012	81.75	72.6983	52361520.0	12199200
53.674034	131.0	72.6983	52361520.0	12199200
86.67736	87.1875	72.6983	52361520.0	12199200
89.87009	41.28125	72.6983	52361520.0	12199200
46.164986	55.96875	72.6983	52361520.0	12199200
95.979095	153.5	72.6983	52361520.0	12199200
40.05453	86.125	72.6983	52361520.0	12199200
83.11251	156.875	72.6983	52361520.0	12199200
57.52892	111.625	72.6983	52361520.0	12199200
30.326185	93.8125	72.6983	52361520.0	12199200
98.07288	77.25	72.6983	52361520.0	12199200
61.003006	75.875	72.6983	52361520.0	12199200
55.445095	81.375	72.6983	52361520.0	12199200
112.08572	59.8125	72.6983	52361520.0	12199200
86.73566	99.125	72.6983	52361520.0	12199200
66.4965	116.125	72.6983	52361520.0	12199200
26.689127	124.4375	72.6983	52361520.0	12199200
104.5586	50.1875	72.6983	52361520.0	12199200
193.32771	66.875	72.6983	52361520.0	12199200
32.801983	66.5625	72.6983	52361520.0	12199200
66.6128	157.125	72.6983	52361520.0	12199200
81.18832	81.125	72.6983	52361520.0	12199200
73.06584	76.4375	72.6983	52361520.0	12199200
158.36407	55.5625	-72.6983	52361520.0	12199200
39.417065	92.1875	72.6983	52361520.0	12199200
96.68628	74.4375	72.6983	52361520.0	12199200
55.67955	72.875	72.6983	52361520.0	12199200
21.403112	128.875	72.6983	52361520.0	12199200
56.20817	110.875	72.6983	52361520.0	12199200
66.876945	79.625	72.6983	52361520.0	12199200
60.87807	53.5	72.6983	52361520.0	12199200
70.06381	59.0625	72.6983	52361520.0	12199200
31.999788	100.1875	72.6983	52361520.0	12199200
89.37428	129.625	72.6983	52361520.0	12199200
52.797234	67.6875	72.6983	52361520.0	12199200
84.33436	112.0625	72.6983	52361520.0	12199200
78.71469	107.0625	72.6983	52361520.0	12199200
53.53608	127.8125	72.6983	52361520.0	12199200
169.59314	132.5	72.6983	52361520.0	12199200
56.335033	77.75	72.6983	52361520.0	12199200
54.89891	78.375	72.6983	52361520.0	12199200
81.515915	65.625	72.6983	52361520.0	12199200
65.28049	80.25	72.6983	52361520.0	12199200
102.12689	125.1875	72.6983	52361520.0	12199200
132.3205	145.0	72.6983	52361520.0	12199200
90.54408	79.25	72.6983	52361520.0	12199200
75.46524	112.0	72.6983	52361520.0	12199200
117.62733	73.125	72.6983	52361520.0	12199200
113.56662	100.75	72.6983	52361520.0	12199200
75.84614	144.25	72.6983	52361520.0	12199200
60.057644	51.84375	72.6983	52361520.0	12199200
55.90043	91.5	72.6983	52361520.0	12199200
261.7374	133.125	72.6983	52361520.0	12199200
57.49868	93.625	72.6983	52361520.0	12199200
137.85611	75.875	72.6983	52361520.0	12199200
115.03824	67.0625	72.6983	52361520.0	12199200
49.16933	135.625	72.6983	52361520.0	12199200
57.868034	69.625	72.6983	52361520.0	12199200
77.21834	95.25	-72.6983	52361520.0	12199200
100.38837	93.375	72.6983	52361520.0	12199200
19.996513	115.625	72.6983	52361520.0	12199200
156.97414	138.625	72.6983	52361520.0	12199200
75.482475	68.875	72.6983	52361520.0	12199200
52.412903	113.0625	72.6983	52361520.0	12199200
49.45752	92.625	72.6983	52361520.0	12199200
69.83068	146.5	72.6983	52361520.0	12199200
115.10379	76.3125	72.6983	52361520.0	12199200
45.630196	75.0	72.6983	52361520.0	12199200
64.405464	59.375	72.6983	52361520.0	12199200
92.3995	111.125	72.6983	52361520.0	12199200
168.93997	101.1875	72.6983	52361520.0	12199200
73.38352	110.6875	72.6983	52361520.0	12199200
53.316044	105.25	72.6983	52361520.0	12199200
152.60251	118.3125	72.6983	52361520.0	12199200
71.52431	66.625	72.6983	52361520.0	12199200
51.352448	78.0	72.6983	52361520.0	12199200
93.79449	122.8125	72.6983	52361520.0	12199200
137.3659	89.25	72.6983	52361520.0	12199200
54.45581	63.875	72.6983	52361520.0	12199200
68.74388	58.15625	72.6983	52361520.0	12199200
102.54442	82.125	72.6983	52361520.0	12199200
93.1515	84.6875	72.6983	52361520.0	12199200
76.876495	92.0	72.6983	52361520.0	12199200
52.988445	108.25	72.6983	52361520.0	12199200
108.68438	82.6875	72.6983	52361520.0	12199200
75.15721	104.0	72.6983	52361520.0	12199200
54.253063	144.125	72.6983	52361520.0	12199200
80.384926	127.0	72.6983	52361520.0	12199200
59.464878	67.0	72.6983	52361520.0	12199200
62.259502	107.375	72.6983	52361520.0	12199200
91.70047	112.6875	72.6983	52361520.0	12199200
49.86908	71.8125	72.6983	52361520.0	12199200
50.41862	66.6875	72.6983	52361520.0	12199200
92.9827	66.0625	72.6983	52361520.0	12199200
119.13625	114.1875	72.6983	52361520.0	12199200
188.3356	154.0	72.6983	52361520.0	12199200
125.504776	37.8125	72.6983	52361520.0	12199200
41.96374	29.703125	72.6983	52361520.0	12199200
87.42111	63.0	72.6983	52361520.0	12199200
47.508987	103.1875	72.6983	52361520.0	12199200
49.103504	130.375	72.6983	52361520.0	12199200
54.465824	48.71875	72.6983	52361520.0	12199200
105.00913	150.5	72.6983	52361520.0	12199200
42.83357	77.875	72.6983	52361520.0	12199200
42.79835	50.5	72.6983	52361520.0	12199200
95.96769	59.15625	72.6983	52361520.0	12199200
39.536552	80.75	72.6983	52361520.0	12199200
59.005768	85.875	72.6983	52361520.0	12199200
44.622738	63.25	72.6983	52361520.0	12199200
64.94892	132.375	72.6983	52361520.0	12199200
98.58187	69.625	72.6983	52361520.0	12199200
82.33998	100.4375	72.6983	52361520.0	12199200
117.05102	132.875	72.6983	52361520.0	12199200
46.213978	61.0	72.6983	52361520.0	12199200
56.171856	103.3125	72.6983	52361520.0	12199200
44.396515	117.9375	72.6983	52361520.0	12199200
50.842342	108.625	72.6983	52361520.0	12199200
115.00902	59.03125	72.6983	52361520.0	12199200
124.61927	40.75	72.6983	52361520.0	12199200
60.815556	73.8125	72.6983	52361520.0	12199200
31.739443	76.0625	72.6983	52361520.0	12199200
54.40197	122.125	72.6983	52361520.0	12199200
32.041595	100.75	72.6983	52361520.0	12199200
72.18257	76.3125	72.6983	52361520.0	12199200
68.56939	51.28125	72.6983	52361520.0	12199200
99.937355	111.9375	72.6983	52361520.0	12199200
51.696888	88.3125	72.6983	52361520.0	12199200
72.116714	57.0625	72.6983	52361520.0	12199200
105.76202	156.625	72.6983	52361520.0	12199200
65.94988	112.375	72.6983	52361520.0	12199200
31.557482	111.625	72.6983	52361520.0	12199200
48.62012	107.75	72.6983	52361520.0	12199200
158.36899	67.75	72.6983	52361520.0	12199200
80.417305	133.375	72.6983	52361520.0	12199200
67.85055	73.8125	72.6983	52361520.0	12199200
58.88748	69.25	72.6983	52361520.0	12199200
60.042812	54.84375	72.6983	52361520.0	12199200
68.83383	155.5	72.6983	52361520.0	12199200
117.94823	90.875	72.6983	52361520.0	12199200
80.832794	130.5	72.6983	52361520.0	12199200
47.726776	82.6875	72.6983	52361520.0	12199200
45.39735	90.6875	72.6983	52361520.0	12199200
96.98007	63.90625	72.6983	52361520.0	12199200
60.1404	59.65625	72.6983	52361520.0	12199200
120.34246	70.75	72.6983	52361520.0	12199200
39.55375	112.375	72.6983	52361520.0	12199200
128.22148	35.125	72.6983	52361520.0	12199200
73.00483	71.4375	72.6983	52361520.0	12199200
64.14098	116.375	72.6983	52361520.0	12199200
71.22794	77.8125	72.6983	52361520.0	12199200
118.66274	50.1875	72.6983	52361520.0	12199200
64.06273	123.5	72.6983	52361520.0	12199200
31.102938	70.75	72.6983	52361520.0	12199200
108.076706	71.625	72.6983	52361520.0	12199200
120.3371	49.625	72.6983	52361520.0	12199200
113.75487	73.375	72.6983	52361520.0	12199200
51.848755	71.1875	72.6983	52361520.0	12199200
62.489048	90.625	72.6983	52361520.0	12199200
68.08527	67.8125	72.6983	52361520.0	12199200
43.132256	90.5625	72.6983	52361520.0	12199200
96.67355	60.8125	72.6983	52361520.0	12199200
238.56136	142.75	72.6983	52361520.0	12199200
50.761894	38.9375	72.6983	52361520.0	12199200
32.022243	146.0	72.6983	52361520.0	12199200
58.48083	55.9375	72.6983	52361520.0	12199200
52.214523	60.0625	72.6983	52361520.0	12199200
50.289722	75.875	72.6983	52361520.0	12199200
78.06647	111.25	72.6983	52361520.0	12199200
70.9294	65.375	72.6983	52361520.0	12199200
118.069565	97.0	72.6983	52361520.0	12199200
103.17953	95.125	72.6983	52361520.0	12199200
116.88283	153.375	72.6983	52361520.0	12199200
271.442	78.25	72.6983	52361520.0	12199200
41.826202	98.0625	72.6983	52361520.0	12199200
68.538635	108.4375	72.6983	52361520.0	12199200
56.4844	79.4375	72.6983	52361520.0	12199200
70.27091	134.125	72.6983	52361520.0	12199200
68.18486	149.5	72.6983	52361520.0	12199200
73.35774	89.0	72.6983	52361520.0	12199200
57.968513	81.75	72.6983	52361520.0	12199200
65.65865	56.09375	72.6983	52361520.0	12199200
173.69249	107.5625	72.6983	52361520.0	12199200
55.290653	81.25	72.6983	52361520.0	12199200
87.54177	101.6875	72.6983	52361520.0	12199200
61.855766	103.9375	72.6983	52361520.0	12199200
55.907017	60.03125	72.6983	52361520.0	12199200
86.14885	63.1875	72.6983	52361520.0	12199200
106.3346	154.25	72.6983	52361520.0	12199200
140.68692	66.0	72.6983	52361520.0	12199200
108.52894	73.8125	72.6983	52361520.0	12199200
57.419975	136.875	72.6983	52361520.0	12199200
79.78066	111.3125	72.6983	52361520.0	12199200
50.625435	64.875	72.6983	52361520.0	12199200
135.02966	58.71875	72.6983	52361520.0	12199200
35.833336	58.5625	72.6983	52361520.0	12199200
57.203255	122.625	72.6983	52361520.0	12199200
97.64542	65.75	72.6983	52361520.0	12199200
85.687584	131.0	72.6983	52361520.0	12199200
55.3412	71.625	72.6983	52361520.0	12199200
74.40647	65.8125	72.6983	52361520.0	12199200
67.60183	134.0	72.6983	52361520.0	12199200
191.2992	71.5	72.6983	52361520.0	12199200
76.88338	84.5625	72.6983	52361520.0	12199200
92.69035	104.9375	72.6983	52361520.0	12199200
107.26122	100.0625	72.6983	52361520.0	12199200
109.7739	136.75	72.6983	52361520.0	12199200
73.904915	101.375	72.6983	52361520.0	12199200
86.373535	83.25	72.6983	52361520.0	12199200
69.68017	88.125	72.6983	52361520.0	12199200
63.15457	101.1875	72.6983	52361520.0	12199200
48.928917	110.0625	72.6983	52361520.0	12199200
86.77232	108.5	72.6983	52361520.0	12199200
112.65964	66.5	72.6983	52361520.0	12199200
113.48968	58.125	72.6983	52361520.0	12199200
68.18459	77.5625	72.6983	52361520.0	12199200
50.274113	75.25	72.6983	52361520.0	12199200
39.149258	57.0625	72.6983	52361520.0	12199200
149.17604	48.9375	72.6983	52361520.0	12199200
45.618843	43.4375	72.6983	52361520.0	12199200
49.873295	48.0	72.6983	52361520.0	12199200
63.067047	65.5625	72.6983	52361520.0	12199200
65.28388	72.125	72.6983	52361520.0	12199200
72.218254	67.8125	72.6983	52361520.0	12199200
173.91846	85.0	72.6983	52361520.0	12199200
79.50539	89.875	72.6983	52361520.0	12199200
42.51835	103.375	72.6983	52361520.0	12199200
51.99243	69.75	72.6983	52361520.0	12199200
56.105824	70.1875	72.6983	52361520.0	12199200
18.760004	94.625	72.6983	52361520.0	12199200
160.64934	62.90625	72.6983	52361520.0	12199200
54.38353	106.6875	72.6983	52361520.0	12199200
54.600277	77.4375	72.6983	52361520.0	12199200
77.281906	111.0625	72.6983	52361520.0	12199200
66.276344	85.3125	72.6983	52361520.0	12199200
165.26263	67.125	72.6983	52361520.0	12199200
83.22024	72.0625	72.6983	52361520.0	12199200
48.569687	56.3125	72.6983	52361520.0	12199200
124.73633	74.375	72.6983	52361520.0	12199200
102.97908	78.125	72.6983	52361520.0	12199200
49.756058	62.3125	72.6983	52361520.0	12199200
115.88779	93.125	72.6983	52361520.0	12199200
54.225773	64.9375	72.6983	52361520.0	12199200
66.15044	77.5	72.6983	52361520.0	12199200
90.355286	106.3125	72.6983	52361520.0	12199200
41.793392	146.125	72.6983	52361520.0	12199200
66.923386	99.75	72.6983	52361520.0	12199200
53.51813	156.375	72.6983	52361520.0	12199200
65.44438	101.25	72.6983	52361520.0	12199200
63.906185	145.125	72.6983	52361520.0	12199200
96.097435	55.59375	72.6983	52361520.0	12199200
88.95057	87.25	72.6983	52361520.0	12199200
84.026436	127.625	72.6983	52361520.0	12199200
124.15619	118.125	72.6983	52361520.0	12199200
57.650246	127.0625	72.6983	52361520.0	12199200
77.09867	42.90625	72.6983	52361520.0	12199200
54.85942	116.875	72.6983	52361520.0	12199200
69.54609	74.375	72.6983	52361520.0	12199200
142.33798	154.875	72.6983	52361520.0	12199200
62.34203	90.25	72.6983	52361520.0	12199200
53.743176	69.8125	72.6983	52361520.0	12199200
48.800426	95.375	72.6983	52361520.0	12199200
55.648117	80.375	72.6983	52361520.0	12199200
76.81686	64.6875	72.6983	52361520.0	12199200
91.06906	54.9375	72.6983	52361520.0	12199200
84.19139	146.25	72.6983	52361520.0	12199200
107.81923	33.25	72.6983	52361520.0	12199200
66.09601	75.0625	72.6983	52361520.0	12199200
72.27517	67.875	72.6983	52361520.0	12199200
84.093414	153.625	72.6983	52361520.0	12199200
151.73853	110.5	72.6983	52361520.0	12199200
76.4689	96.625	72.6983	52361520.0	12199200
87.46212	74.25	72.6983	52361520.0	12199200
59.299377	121.625	72.6983	52361520.0	12199200
121.43465	128.375	72.6983	52361520.0	12199200
95.26659	60.34375	72.6983	52361520.0	12199200
42.535896	82.75	72.6983	52361520.0	12199200
41.52567	48.65625	72.6983	52361520.0	12199200
61.347523	79.6875	72.6983	52361520.0	12199200
138.09605	130.625	72.6983	52361520.0	12199200
56.68408	120.9375	72.6983	52361520.0	12199200
128.31924	106.0625	72.6983	52361520.0	12199200
88.35177	78.125	72.6983	52361520.0	12199200
29.484911	114.5	72.6983	52361520.0	12199200
94.366745	159.375	72.6983	52361520.0	12199200
91.07695	92.25	72.6983	52361520.0	12199200
58.540092	139.5	72.6983	52361520.0	12199200
152.09389	60.6875	72.6983	52361520.0	12199200
64.8419	100.1875	72.6983	52361520.0	12199200
52.114468	110.1875	72.6983	52361520.0	12199200
71.8447	113.0625	72.6983	52361520.0	12199200
86.25926	81.1875	72.6983	52361520.0	12199200
68.00915	77.4375	72.6983	52361520.0	12199200
55.273495	68.3125	72.6983	52361520.0	12199200
102.906624	68.0	72.6983	52361520.0	12199200
148.0991	83.6875	72.6983	52361520.0	12199200
73.82717	94.375	72.6983	52361520.0	12199200
73.62375	95.875	72.6983	52361520.0	12199200
40.749252	49.3125	72.6983	52361520.0	12199200
55.853092	145.75	72.6983	52361520.0	12199200
138.34215	120.9375	72.6983	52361520.0	12199200
50.431313	123.75	72.6983	52361520.0	12199200
62.941284	94.3125	72.6983	52361520.0	12199200
57.22608	145.25	72.6983	52361520.0	12199200
100.39471	141.25	72.6983	52361520.0	12199200
69.07715	83.8125	72.6983	52361520.0	12199200
75.56003	72.5	72.6983	52361520.0	12199200
123.69039	121.125	72.6983	52361520.0	12199200
177.42513	123.5	72.6983	52361520.0	12199200
37.472916	119.75	72.6983	52361520.0	12199200
48.099648	147.875	72.6983	52361520.0	12199200
50.95071	84.25	72.6983	52361520.0	12199200
86.21491	151.375	72.6983	52361520.0	12199200
56.532104	146.0	72.6983	52361520.0	12199200
46.425705	149.0	72.6983	52361520.0	12199200
47.248	109.75	72.6983	52361520.0	12199200
48.391575	130.125	72.6983	52361520.0	12199200
29.578033	69.1875	72.6983	52361520.0	12199200
72.00518	130.625	72.6983	52361520.0	12199200
199.283	102.0	72.6983	52361520.0	12199200
192.92093	157.5	72.6983	52361520.0	12199200
50.298786	109.375	72.6983	52361520.0	12199200
72.41698	77.5	72.6983	52361520.0	12199200
54.854507	85.4375	72.6983	52361520.0	12199200
227.57603	106.0625	72.6983	52361520.0	12199200
52.765938	107.8125	72.6983	52361520.0	12199200
153.01921	38.59375	72.6983	52361520.0	12199200
45.65833	105.5	72.6983	52361520.0	12199200
47.839237	67.75	72.6983	52361520.0	12199200
45.427216	95.9375	72.6983	52361520.0	12199200
106.32395	91.25	72.6983	52361520.0	12199200
80.28542	55.0625	72.6983	52361520.0	12199200
56.7524	74.8125	72.6983	52361520.0	12199200
48.622616	94.625	72.6983	52361520.0	12199200
59.86179	68.125	72.6983	52361520.0	12199200
51.671165	141.375	72.6983	52361520.0	12199200
79.36636	147.75	72.6983	52361520.0	12199200
85.799965	119.1875	72.6983	52361520.0	12199200
131.26443	58.375	72.6983	52361520.0	12199200
105.369	64.1875	72.6983	52361520.0	12199200
89.08978	73.125	72.6983	52361520.0	12199200
95.72917	147.75	72.6983	52361520.0	12199200
26.65487	140.25	72.6983	52361520.0	12199200
190.05342	43.90625	72.6983	52361520.0	12199200
94.312355	95.75	72.6983	52361520.0	12199200
48.944443	115.75	72.6983	52361520.0	12199200
49.53825	86.875	72.6983	52361520.0	12199200
57.093273	128.5	72.6983	52361520.0	12199200
33.523544	61.15625	72.6983	52361520.0	12199200
72.17321	56.0	72.6983	52361520.0	12199200
66.28349	47.15625	72.6983	52361520.0	12199200
57.366276	35.4375	72.6983	52361520.0	12199200
99.56299	57.03125	72.6983	52361520.0	12199200
50.16961	119.4375	72.6983	52361520.0	12199200
158.62836	53.0625	72.6983	52361520.0	12199200
26.917723	120.0625	72.6983	52361520.0	12199200
67.05539	106.375	72.6983	52361520.0	12199200
101.75204	89.3125	72.6983	52361520.0	12199200
263.4947	82.9375	72.6983	52361520.0	12199200
74.90745	79.0625	72.6983	52361520.0	12199200
57.668175	153.125	72.6983	52361520.0	12199200
54.00552	116.4375	72.6983	52361520.0	12199200
65.18597	133.5	72.6983	52361520.0	12199200
65.24422	136.5	72.6983	52361520.0	12199200
95.66422	76.125	72.6983	52361520.0	12199200
54.05723	95.4375	72.6983	52361520.0	12199200
53.73122	66.75	72.6983	52361520.0	12199200
73.69786	140.625	72.6983	52361520.0	12199200
96.00037	54.1875	72.6983	52361520.0	12199200
150.16296	119.4375	72.6983	52361520.0	12199200
79.285995	52.625	72.6983	52361520.0	12199200
56.92767	141.25	72.6983	52361520.0	12199200
111.57997	92.4375	72.6983	52361520.0	12199200
68.417206	82.8125	72.6983	52361520.0	12199200
62.857178	97.9375	72.6983	52361520.0	12199200
50.00529	76.6875	72.6983	52361520.0	12199200
46.80693	87.625	72.6983	52361520.0	12199200
49.60666	67.5	72.6983	52361520.0	12199200
36.681625	80.1875	72.6983	52361520.0	12199200
62.2129	97.875	72.6983	52361520.0	12199200
110.62401	63.46875	72.6983	52361520.0	12199200
73.716125	134.5	72.6983	52361520.0	12199200
44.20941	69.125	72.6983	52361520.0	12199200
104.86574	92.25	72.6983	52361520.0	12199200
58.024597	99.1875	72.6983	52361520.0	12199200
73.57264	57.03125	72.6983	52361520.0	12199200
161.85518	47.71875	72.6983	52361520.0	12199200
87.41888	56.40625	72.6983	52361520.0	12199200
76.05665	132.625	72.6983	52361520.0	12199200
38.444035	82.1875	72.6983	52361520.0	12199200
63.93869	78.125	72.6983	52361520.0	12199200
70.081856	98.125	72.6983	52361520.0	12199200
63.393932	155.5	72.6983	52361520.0	12199200
86.79816	53.25	72.6983	52361520.0	12199200
95.58154	44.21875	72.6983	52361520.0	12199200
73.25615	105.5	72.6983	52361520.0	12199200
42.63739	159.125	72.6983	52361520.0	12199200
78.24954	79.25	72.6983	52361520.0	12199200
81.34297	91.4375	72.6983	52361520.0	12199200
57.350304	148.0	72.6983	52361520.0	12199200
54.24241	105.8125	72.6983	52361520.0	12199200
49.000763	69.6875	72.6983	52361520.0	12199200
78.99136	115.0625	72.6983	52361520.0	12199200
58.7065	127.875	72.6983	52361520.0	12199200
34.01465	152.375	72.6983	52361520.0	12199200
29.383667	96.125	72.6983	52361520.0	12199200
83.84643	75.375	72.6983	52361520.0	12199200
70.71046	58.125	72.6983	52361520.0	12199200
50.86725	29.3125	72.6983	52361520.0	12199200
157.32443	133.625	72.6983	52361520.0	12199200
68.96612	56.90625	72.6983	52361520.0	12199200
48.76987	87.375	72.6983	52361520.0	12199200
41.340588	75.125	72.6983	52361520.0	12199200
94.63424	66.6875	72.6983	52361520.0	12199200
57.65482	146.875	72.6983	52361520.0	12199200
32.79566	80.6875	72.6983	52361520.0	12199200
57.613308	94.125	72.6983	52361520.0	12199200
118.86902	104.0625	72.6983	52361520.0	12199200
55.8532	76.625	72.6983	52361520.0	12199200
45.106712	55.3125	72.6983	52361520.0	12199200
173.42363	159.0	72.6983	52361520.0	12199200
35.596066	139.875	72.6983	52361520.0	12199200
84.06192	77.25	72.6983	52361520.0	12199200
75.11992	130.5	72.6983	52361520.0	12199200
140.4948	77.9375	72.6983	52361520.0	12199200
157.75574	111.0	72.6983	52361520.0	12199200
111.483574	118.0	72.6983	52361520.0	12199200
70.527664	137.375	72.6983	52361520.0	12199200
67.60973	78.5625	72.6983	52361520.0	12199200
135.19057	77.125	72.6983	52361520.0	12199200
90.736916	92.5625	72.6983	52361520.0	12199200
77.95918	56.25	72.6983	52361520.0	12199200
81.45133	86.375	72.6983	52361520.0	12199200
59.190838	59.09375	72.6983	52361520.0	12199200
38.98068	56.09375	72.6983	52361520.0	12199200
87.750435	72.0	72.6983	52361520.0	12199200
137.69444	146.5	72.6983	52361520.0	12199200
78.15245	95.5625	72.6983	52361520.0	12199200
145.07901	58.46875	72.6983	52361520.0	12199200
155.96455	121.0625	72.6983	52361520.0	12199200
81.949974	139.375	72.6983	52361520.0	12199200
47.373714	156.125	72.6983	52361520.0	12199200
70.22001	74.4375	72.6983	52361520.0	12199200
69.097336	59.78125	72.6983	52361520.0	12199200
146.43634	66.0625	72.6983	52361520.0	12199200
95.82931	71.75	72.6983	52361520.0	12199200
38.123238	144.5	72.6983	52361520.0	12199200
159.53345	113.875	72.6983	52361520.0	12199200
65.07653	93.0625	72.6983	52361520.0	12199200
58.294308	38.9375	72.6983	52361520.0	12199200
99.15028	76.4375	72.6983	52361520.0	12199200
63.955524	70.125	72.6983	52361520.0	12199200
103.65291	151.0	72.6983	52361520.0	12199200
99.27316	134.0	72.6983	52361520.0	12199200
73.643845	71.0	72.6983	52361520.0	12199200
45.488884	115.8125	72.6983	52361520.0	12199200
78.98054	60.65625	72.6983	52361520.0	12199200
42.87819	120.5625	72.6983	52361520.0	12199200
137.47922	147.75	72.6983	52361520.0	12199200
51.880867	94.5	72.6983	52361520.0	12199200
48.895473	86.8125	72.6983	52361520.0	12199200
57.810852	80.375	72.6983	52361520.0	12199200
97.66968	82.8125	72.6983	52361520.0	12199200
61.708622	95.8125	72.6983	52361520.0	12199200
151.95586	82.5625	72.6983	52361520.0	12199200
51.132175	101.5625	72.6983	52361520.0	12199200
117.162704	93.75	72.6983	52361520.0	12199200
109.13328	76.1875	72.6983	52361520.0	12199200
74.480965	56.15625	72.6983	52361520.0	12199200
56.43844	100.5625	72.6983	52361520.0	12199200
43.82671	128.625	72.6983	52361520.0	12199200
178.00145	70.25	72.6983	52361520.0	12199200
111.92835	93.125	72.6983	52361520.0	12199200
99.32853	62.25	72.6983	52361520.0	12199200
91.11947	94.75	72.6983	52361520.0	12199200
53.438572	78.625	72.6983	52361520.0	12199200
119.12763	73.1875	72.6983	52361520.0	12199200
69.48715	138.875	72.6983	52361520.0	12199200
101.09601	69.3125	72.6983	52361520.0	12199200
77.283195	45.21875	72.6983	52361520.0	12199200
211.06714	99.625	72.6983	52361520.0	12199200
43.799225	123.9375	72.6983	52361520.0	12199200
47.189217	61.875	72.6983	52361520.0	12199200
83.3959	85.1875	72.6983	52361520.0	12199200
79.82626	127.0625	72.6983	52361520.0	12199200
71.50238	88.625	72.6983	52361520.0	12199200
126.02361	121.8125	72.6983	52361520.0	12199200
90.65037	53.96875	72.6983	52361520.0	12199200
98.56549	71.25	72.6983	52361520.0	12199200
63.1832	59.375	72.6983	52361520.0	12199200
29.948622	125.25	72.6983	52361520.0	12199200
77.7248	164.125	72.6983	52361520.0	12199200
145.04192	113.75	72.6983	52361520.0	12199200
77.01971	83.4375	72.6983	52361520.0	12199200
62.272938	64.25	72.6983	52361520.0	12199200
90.10295	70.625	72.6983	52361520.0	12199200
135.24942	64.375	72.6983	52361520.0	12199200
59.922787	66.5	-72.6983	52361520.0	12199200
80.74718	38.6875	72.6983	52361520.0	12199200
132.11978	60.25	72.6983	52361520.0	12199200
36.46318	116.8125	72.6983	52361520.0	12199200
86.888626	54.5	72.6983	52361520.0	12199200
29.598135	102.9375	72.6983	52361520.0	12199200
63.779602	135.25	72.6983	52361520.0	12199200
186.77391	116.5625	72.6983	52361520.0	12199200
35.29806	115.125	72.6983	52361520.0	12199200
51.152252	112.625	72.6983	52361520.0	12199200
165.22333	76.1875	72.6983	52361520.0	12199200
33.10913	109.8125	72.6983	52361520.0	12199200
95.685646	74.3125	72.6983	52361520.0	12199200
91.00874	59.9375	72.6983	52361520.0	12199200
99.93702	150.125	72.6983	52361520.0	12199200
63.980255	71.25	72.6983	52361520.0	12199200
61.896687	79.0	72.6983	52361520.0	12199200
63.006947	73.375	72.6983	52361520.0	12199200
103.30355	52.75	72.6983	52361520.0	12199200
55.429947	52.46875	72.6983	52361520.0	12199200
57.963455	71.8125	72.6983	52361520.0	12199200
79.150856	56.1875	72.6983	52361520.0	12199200
82.36805	46.375	72.6983	52361520.0	12199200
134.29453	61.25	72.6983	52361520.0	12199200
64.54907	55.40625	72.6983	52361520.0	12199200
35.841736	126.125	72.6983	52361520.0	12199200
160.6621	106.0625	72.6983	52361520.0	12199200
51.890076	67.4375	72.6983	52361520.0	12199200
71.105576	159.75	72.6983	52361520.0	12199200
89.00022	58.09375	72.6983	52361520.0	12199200
53.499184	122.5625	72.6983	52361520.0	12199200
118.50162	135.625	72.6983	52361520.0	12199200
26.261942	88.625	72.6983	52361520.0	12199200
56.74281	104.8125	72.6983	52361520.0	12199200
61.073215	123.125	72.6983	52361520.0	12199200
94.0866	80.6875	72.6983	52361520.0	12199200
77.57405	70.5	72.6983	52361520.0	12199200
71.19272	122.9375	72.6983	52361520.0	12199200
53.36817	82.25	72.6983	52361520.0	12199200
35.71076	84.125	72.6983	52361520.0	12199200
83.69161	127.0625	72.6983	52361520.0	12199200
104.38005	100.0	72.6983	52361520.0	12199200
80.48742	81.3125	72.6983	52361520.0	12199200
54.180134	103.6875	72.6983	52361520.0	12199200
64.56081	110.125	72.6983	52361520.0	12199200
44.2169	89.375	72.6983	52361520.0	12199200
82.22382	73.0625	72.6983	52361520.0	12199200
62.135746	67.9375	72.6983	52361520.0	12199200
68.70036	82.3125	72.6983	52361520.0	12199200
159.86937	126.5625	72.6983	52361520.0	12199200
120.4301	76.25	72.6983	52361520.0	12199200
85.42233	80.8125	72.6983	52361520.0	12199200
55.690937	67.875	72.6983	52361520.0	12199200
63.741295	46.3125	72.6983	52361520.0	12199200
68.18102	148.625	72.6983	52361520.0	12199200
60.955193	57.25	72.6983	52361520.0	12199200
108.71213	81.4375	72.6983	52361520.0	12199200
101.95484	150.125	72.6983	52361520.0	12199200
240.21187	146.25	72.6983	52361520.0	12199200
170.34283	76.75	72.6983	52361520.0	12199200
179.14978	129.5	72.6983	52361520.0	12199200
68.513275	108.625	72.6983	52361520.0	12199200
51.208984	58.53125	72.6983	52361520.0	12199200
43.431725	146.125	72.6983	52361520.0	12199200
74.78571	125.0625	72.6983	52361520.0	12199200
184.06668	137.375	72.6983	52361520.0	12199200
56.82306	55.0625	72.6983	52361520.0	12199200
50.262405	84.1875	72.6983	52361520.0	12199200
63.32084	124.0625	72.6983	52361520.0	12199200
55.558346	79.4375	72.6983	52361520.0	12199200
138.41487	105.3125	72.6983	52361520.0	12199200
64.490616	80.0625	72.6983	52361520.0	12199200
65.27026	57.0625	72.6983	52361520.0	12199200
66.69442	107.375	72.6983	52361520.0	12199200
49.60542	34.59375	72.6983	52361520.0	12199200
101.88207	107.8125	72.6983	52361520.0	12199200
31.028378	61.0625	72.6983	52361520.0	12199200
62.94179	93.75	72.6983	52361520.0	12199200
112.65465	70.6875	72.6983	52361520.0	12199200
123.55181	78.1875	72.6983	52361520.0	12199200
67.63006	118.9375	72.6983	52361520.0	12199200
39.932663	78.8125	72.6983	52361520.0	12199200
41.682415	75.375	72.6983	52361520.0	12199200
183.78773	140.25	72.6983	52361520.0	12199200
204.33403	85.125	72.6983	52361520.0	12199200
202.69943	153.875	72.6983	52361520.0	12199200
52.320946	137.25	72.6983	52361520.0	12199200
131.08711	59.90625	72.6983	52361520.0	12199200
60.056496	78.375	72.6983	52361520.0	12199200
163.70335	153.0	72.6983	52361520.0	12199200
48.73987	98.4375	72.6983	52361520.0	12199200
84.23871	69.9375	72.6983	52361520.0	12199200
118.37279	137.0	72.6983	52361520.0	12199200
122.06315	144.375	72.6983	52361520.0	12199200
79.318054	115.3125	72.6983	52361520.0	12199200
158.26367	98.375	72.6983	52361520.0	12199200
68.560814	73.5	72.6983	52361520.0	12199200
21.101805	142.5	72.6983	52361520.0	12199200
70.31863	85.25	72.6983	52361520.0	12199200
145.41904	134.75	72.6983	52361520.0	12199200
60.31016	71.625	72.6983	52361520.0	12199200
97.33395	99.0625	72.6983	52361520.0	12199200
56.159794	117.875	72.6983	52361520.0	12199200
64.698	103.875	72.6983	52361520.0	12199200
47.08899	75.875	72.6983	52361520.0	12199200
35.228992	80.4375	72.6983	52361520.0	12199200
47.936203	83.875	72.6983	52361520.0	12199200
61.054108	65.75	72.6983	52361520.0	12199200
51.927845	119.625	72.6983	52361520.0	12199200
61.192383	121.4375	72.6983	52361520.0	12199200
83.52363	85.1875	72.6983	52361520.0	12199200
50.237663	113.8125	72.6983	52361520.0	12199200
71.63627	59.75	72.6983	52361520.0	12199200
85.76332	111.1875	72.6983	52361520.0	12199200
83.2639	89.875	72.6983	52361520.0	12199200
156.17111	129.375	72.6983	52361520.0	12199200
56.61327	102.6875	72.6983	52361520.0	12199200
37.69761	64.875	72.6983	52361520.0	12199200
52.879738	82.3125	72.6983	52361520.0	12199200
58.05323	120.3125	72.6983	52361520.0	12199200
32.31055	69.0	72.6983	52361520.0	12199200
24.172438	159.0	72.6983	52361520.0	12199200
36.080437	73.9375	72.6983	52361520.0	12199200
56.69181	81.75	72.6983	52361520.0	12199200
189.63841	124.125	72.6983	52361520.0	12199200
60.87204	140.5	72.6983	52361520.0	12199200
47.037605	140.5	72.6983	52361520.0	12199200
141.41885	148.875	72.6983	52361520.0	12199200
48.309242	57.5625	72.6983	52361520.0	12199200
34.22526	100.1875	72.6983	52361520.0	12199200
120.33469	42.90625	72.6983	52361520.0	12199200
49.89571	72.9375	72.6983	52361520.0	12199200
118.072975	78.9375	72.6983	52361520.0	12199200
106.77947	102.8125	72.6983	52361520.0	12199200
125.96997	69.375	72.6983	52361520.0	12199200
76.36484	116.0625	72.6983	52361520.0	12199200
55.79605	92.625	72.6983	52361520.0	12199200
62.87994	113.375	72.6983	52361520.0	12199200
88.61307	115.0625	72.6983	52361520.0	12199200
121.92859	115.0	72.6983	52361520.0	12199200
64.42026	73.125	72.6983	52361520.0	12199200
91.4785	150.5	72.6983	52361520.0	12199200
144.81975	31.296875	72.6983	52361520.0	12199200
97.851685	80.125	72.6983	52361520.0	12199200
64.21709	91.9375	72.6983	52361520.0	12199200
63.367207	92.625	72.6983	52361520.0	12199200
69.159325	54.875	72.6983	52361520.0	12199200
52.608063	56.53125	72.6983	52361520.0	12199200
51.866875	54.75	72.6983	52361520.0	12199200
106.209175	100.1875	72.6983	52361520.0	12199200
94.122025	85.75	72.6983	52361520.0	12199200
47.65999	86.4375	72.6983	52361520.0	12199200
47.84931	94.75	72.6983	52361520.0	12199200
52.761654	140.375	72.6983	52361520.0	12199200
68.75148	53.3125	72.6983	52361520.0	12199200
84.70527	74.3125	-72.6983	52361520.0	12199200
75.50029	123.6875	72.6983	52361520.0	12199200
59.04497	81.125	72.6983	52361520.0	12199200
63.335896	58.09375	72.6983	52361520.0	12199200
111.692314	56.75	72.6983	52361520.0	12199200
62.784397	83.5625	72.6983	52361520.0	12199200
169.47305	99.875	72.6983	52361520.0	12199200
49.58232	95.25	72.6983	52361520.0	12199200
61.452652	67.8125	72.6983	52361520.0	12199200
68.42945	122.25	72.6983	52361520.0	12199200
46.373722	70.875	72.6983	52361520.0	12199200
65.15781	100.8125	72.6983	52361520.0	12199200
79.047424	161.875	72.6983	52361520.0	12199200
58.438526	48.25	72.6983	52361520.0	12199200
80.678505	62.40625	72.6983	52361520.0	12199200
71.776436	96.3125	72.6983	52361520.0	12199200
128.21098	71.875	72.6983	52361520.0	12199200
112.67626	111.0625	72.6983	52361520.0	12199200
86.35972	95.9375	72.6983	52361520.0	12199200
84.19366	67.125	72.6983	52361520.0	12199200
170.98798	80.4375	72.6983	52361520.0	12199200
169.99217	79.9375	72.6983	52361520.0	12199200
37.35216	64.5	72.6983	52361520.0	12199200
