lep_pt	AK4_pt	genWeights	sumWeight	N_exp
91.7508	98.75	72.6983	57114710.0	12199200
52.841625	121.25	72.6983	57114710.0	12199200
50.10816	106.0	72.6983	57114710.0	12199200
57.002182	98.4375	72.6983	57114710.0	12199200
49.12999	70.5	72.6983	57114710.0	12199200
159.7919	71.6875	72.6983	57114710.0	12199200
114.884735	129.375	72.6983	57114710.0	12199200
79.20878	88.25	72.6983	57114710.0	12199200
49.32912	137.125	72.6983	57114710.0	12199200
150.19365	59.875	72.6983	57114710.0	12199200
37.840874	82.5	72.6983	57114710.0	12199200
37.229404	130.5	72.6983	57114710.0	12199200
64.43942	48.75	72.6983	57114710.0	12199200
219.45872	111.5625	72.6983	57114710.0	12199200
66.68308	77.4375	72.6983	57114710.0	12199200
117.37044	85.125	72.6983	57114710.0	12199200
75.15898	60.25	72.6983	57114710.0	12199200
230.2993	83.625	72.6983	57114710.0	12199200
88.61759	69.8125	72.6983	57114710.0	12199200
94.46889	155.0	72.6983	57114710.0	12199200
57.88167	104.625	72.6983	57114710.0	12199200
160.37607	57.25	72.6983	57114710.0	12199200
76.30525	97.0625	72.6983	57114710.0	12199200
88.90547	94.6875	72.6983	57114710.0	12199200
102.70221	155.5	72.6983	57114710.0	12199200
85.461174	109.875	72.6983	57114710.0	12199200
65.46358	62.375	72.6983	57114710.0	12199200
240.56676	127.5	72.6983	57114710.0	12199200
43.45924	83.9375	72.6983	57114710.0	12199200
19.939167	92.4375	72.6983	57114710.0	12199200
62.99765	62.125	72.6983	57114710.0	12199200
168.77405	94.5	72.6983	57114710.0	12199200
47.32845	62.59375	72.6983	57114710.0	12199200
54.281307	108.625	72.6983	57114710.0	12199200
79.27676	124.375	72.6983	57114710.0	12199200
112.9538	37.78125	72.6983	57114710.0	12199200
71.14864	125.0625	72.6983	57114710.0	12199200
50.838448	100.375	72.6983	57114710.0	12199200
134.13133	62.25	72.6983	57114710.0	12199200
67.89706	124.9375	72.6983	57114710.0	12199200
94.485054	147.5	72.6983	57114710.0	12199200
67.23064	71.1875	72.6983	57114710.0	12199200
39.029186	42.40625	72.6983	57114710.0	12199200
157.68198	55.375	72.6983	57114710.0	12199200
38.205883	79.375	72.6983	57114710.0	12199200
120.18556	109.5625	72.6983	57114710.0	12199200
175.38995	149.75	72.6983	57114710.0	12199200
154.15059	48.3125	72.6983	57114710.0	12199200
69.632935	64.4375	72.6983	57114710.0	12199200
47.67039	86.5625	72.6983	57114710.0	12199200
91.32175	55.59375	72.6983	57114710.0	12199200
40.17445	128.75	72.6983	57114710.0	12199200
71.35852	58.28125	72.6983	57114710.0	12199200
56.497158	119.1875	72.6983	57114710.0	12199200
40.367134	146.75	72.6983	57114710.0	12199200
36.558006	96.6875	72.6983	57114710.0	12199200
59.072186	138.875	72.6983	57114710.0	12199200
77.471794	71.875	72.6983	57114710.0	12199200
61.13998	135.75	72.6983	57114710.0	12199200
163.3227	149.75	72.6983	57114710.0	12199200
59.533337	96.125	72.6983	57114710.0	12199200
33.872757	108.75	72.6983	57114710.0	12199200
41.809517	98.125	72.6983	57114710.0	12199200
48.256176	102.3125	72.6983	57114710.0	12199200
115.42403	68.125	72.6983	57114710.0	12199200
91.29075	91.75	72.6983	57114710.0	12199200
50.25147	87.4375	72.6983	57114710.0	12199200
79.898254	91.9375	72.6983	57114710.0	12199200
71.20903	34.65625	72.6983	57114710.0	12199200
127.97424	42.0	72.6983	57114710.0	12199200
82.14394	42.5625	72.6983	57114710.0	12199200
43.059284	44.84375	72.6983	57114710.0	12199200
54.82483	97.75	72.6983	57114710.0	12199200
134.71742	43.71875	72.6983	57114710.0	12199200
158.52797	52.1875	72.6983	57114710.0	12199200
99.94627	61.09375	72.6983	57114710.0	12199200
48.82612	91.4375	72.6983	57114710.0	12199200
69.25768	70.3125	72.6983	57114710.0	12199200
104.5326	140.375	72.6983	57114710.0	12199200
152.38956	40.4375	72.6983	57114710.0	12199200
48.052364	83.4375	72.6983	57114710.0	12199200
64.5498	125.75	72.6983	57114710.0	12199200
63.645657	129.375	72.6983	57114710.0	12199200
71.34905	67.75	72.6983	57114710.0	12199200
98.84387	120.6875	72.6983	57114710.0	12199200
56.275803	57.59375	72.6983	57114710.0	12199200
139.16922	101.25	72.6983	57114710.0	12199200
64.857605	114.6875	72.6983	57114710.0	12199200
78.546165	61.90625	72.6983	57114710.0	12199200
151.29395	106.3125	72.6983	57114710.0	12199200
76.298775	134.5	72.6983	57114710.0	12199200
57.3294	89.875	72.6983	57114710.0	12199200
94.22262	60.5	72.6983	57114710.0	12199200
34.343052	100.6875	72.6983	57114710.0	12199200
117.95143	140.0	72.6983	57114710.0	12199200
59.337387	76.9375	72.6983	57114710.0	12199200
65.84315	159.75	72.6983	57114710.0	12199200
135.08641	133.75	72.6983	57114710.0	12199200
179.5076	42.96875	72.6983	57114710.0	12199200
49.80325	153.625	72.6983	57114710.0	12199200
55.95292	76.625	72.6983	57114710.0	12199200
146.60788	99.6875	72.6983	57114710.0	12199200
71.03691	69.375	72.6983	57114710.0	12199200
66.97544	63.125	72.6983	57114710.0	12199200
82.68613	105.0625	72.6983	57114710.0	12199200
58.47024	93.1875	72.6983	57114710.0	12199200
89.942795	47.65625	72.6983	57114710.0	12199200
66.92387	127.0	72.6983	57114710.0	12199200
93.7884	66.4375	72.6983	57114710.0	12199200
47.097958	184.75	72.6983	57114710.0	12199200
83.42712	86.6875	72.6983	57114710.0	12199200
92.432106	115.1875	72.6983	57114710.0	12199200
100.42634	85.5	72.6983	57114710.0	12199200
125.45781	75.0625	72.6983	57114710.0	12199200
135.7224	104.6875	72.6983	57114710.0	12199200
123.048965	89.875	72.6983	57114710.0	12199200
50.44264	100.4375	72.6983	57114710.0	12199200
61.22588	101.0625	72.6983	57114710.0	12199200
227.30876	114.6875	72.6983	57114710.0	12199200
57.865883	66.75	72.6983	57114710.0	12199200
159.55887	60.5625	72.6983	57114710.0	12199200
48.647423	71.875	72.6983	57114710.0	12199200
78.30092	55.0625	72.6983	57114710.0	12199200
52.135654	147.375	72.6983	57114710.0	12199200
51.82895	66.6875	72.6983	57114710.0	12199200
53.101856	135.875	72.6983	57114710.0	12199200
66.4503	123.5	72.6983	57114710.0	12199200
64.520996	143.125	72.6983	57114710.0	12199200
77.075966	137.375	72.6983	57114710.0	12199200
78.061035	65.0	72.6983	57114710.0	12199200
49.9558	63.28125	72.6983	57114710.0	12199200
62.46037	146.625	72.6983	57114710.0	12199200
57.876064	155.5	72.6983	57114710.0	12199200
60.92924	78.0	72.6983	57114710.0	12199200
39.266468	151.5	72.6983	57114710.0	12199200
147.8278	91.9375	72.6983	57114710.0	12199200
143.68329	141.875	72.6983	57114710.0	12199200
45.992626	108.625	72.6983	57114710.0	12199200
66.29915	84.9375	72.6983	57114710.0	12199200
96.89232	137.75	72.6983	57114710.0	12199200
99.32287	85.25	72.6983	57114710.0	12199200
75.649734	114.75	72.6983	57114710.0	12199200
79.18584	49.71875	72.6983	57114710.0	12199200
56.85651	57.75	72.6983	57114710.0	12199200
39.82814	107.25	72.6983	57114710.0	12199200
72.585106	61.90625	72.6983	57114710.0	12199200
73.45379	109.875	72.6983	57114710.0	12199200
156.81456	80.75	72.6983	57114710.0	12199200
46.263504	54.78125	72.6983	57114710.0	12199200
41.316387	79.4375	72.6983	57114710.0	12199200
123.5684	77.5	72.6983	57114710.0	12199200
65.583565	64.5	72.6983	57114710.0	12199200
64.07029	113.9375	72.6983	57114710.0	12199200
54.062386	105.0625	72.6983	57114710.0	12199200
129.92543	49.71875	72.6983	57114710.0	12199200
76.47148	94.6875	72.6983	57114710.0	12199200
92.11587	70.4375	72.6983	57114710.0	12199200
224.55566	61.875	72.6983	57114710.0	12199200
60.849297	106.5	72.6983	57114710.0	12199200
67.984566	98.375	72.6983	57114710.0	12199200
26.199295	58.34375	72.6983	57114710.0	12199200
57.98532	109.5625	72.6983	57114710.0	12199200
20.78814	146.75	72.6983	57114710.0	12199200
45.037167	117.8125	72.6983	57114710.0	12199200
30.553429	96.75	72.6983	57114710.0	12199200
72.506546	86.625	72.6983	57114710.0	12199200
50.78504	157.875	72.6983	57114710.0	12199200
47.55337	75.0625	72.6983	57114710.0	12199200
67.67009	83.75	72.6983	57114710.0	12199200
60.93505	125.5625	72.6983	57114710.0	12199200
155.6396	57.9375	72.6983	57114710.0	12199200
110.7643	56.78125	72.6983	57114710.0	12199200
69.27149	121.0625	72.6983	57114710.0	12199200
58.031815	120.0625	72.6983	57114710.0	12199200
30.703983	120.9375	72.6983	57114710.0	12199200
51.167004	93.1875	72.6983	57114710.0	12199200
81.51365	103.1875	72.6983	57114710.0	12199200
162.43723	48.5	72.6983	57114710.0	12199200
41.232933	56.125	72.6983	57114710.0	12199200
148.12332	41.0	72.6983	57114710.0	12199200
46.001026	59.25	72.6983	57114710.0	12199200
60.304306	95.0625	72.6983	57114710.0	12199200
34.27842	109.5	72.6983	57114710.0	12199200
35.52041	148.0	72.6983	57114710.0	12199200
44.544907	113.875	72.6983	57114710.0	12199200
70.74957	93.875	72.6983	57114710.0	12199200
70.10316	219.125	72.6983	57114710.0	12199200
55.04842	73.125	72.6983	57114710.0	12199200
59.61984	84.375	72.6983	57114710.0	12199200
48.711834	58.1875	72.6983	57114710.0	12199200
45.98722	67.125	72.6983	57114710.0	12199200
114.04809	106.375	72.6983	57114710.0	12199200
50.169624	53.4375	72.6983	57114710.0	12199200
118.85669	93.4375	72.6983	57114710.0	12199200
75.443504	55.96875	72.6983	57114710.0	12199200
106.30643	90.5625	72.6983	57114710.0	12199200
51.202118	159.125	72.6983	57114710.0	12199200
58.586105	85.0625	72.6983	57114710.0	12199200
152.68607	91.25	72.6983	57114710.0	12199200
75.98245	73.4375	72.6983	57114710.0	12199200
140.43532	106.25	72.6983	57114710.0	12199200
53.72515	70.0625	72.6983	57114710.0	12199200
75.73185	125.1875	72.6983	57114710.0	12199200
55.01146	95.3125	72.6983	57114710.0	12199200
114.44505	56.71875	72.6983	57114710.0	12199200
47.686134	109.6875	72.6983	57114710.0	12199200
140.75179	62.9375	72.6983	57114710.0	12199200
31.689602	152.625	72.6983	57114710.0	12199200
76.22441	144.375	72.6983	57114710.0	12199200
55.28956	72.1875	72.6983	57114710.0	12199200
85.610886	104.875	72.6983	57114710.0	12199200
156.4015	69.6875	72.6983	57114710.0	12199200
59.371105	165.625	72.6983	57114710.0	12199200
200.13338	98.0625	72.6983	57114710.0	12199200
28.752413	114.6875	72.6983	57114710.0	12199200
50.487816	47.84375	72.6983	57114710.0	12199200
87.22666	74.6875	72.6983	57114710.0	12199200
50.541977	77.375	72.6983	57114710.0	12199200
55.329758	75.375	72.6983	57114710.0	12199200
157.909	76.4375	72.6983	57114710.0	12199200
143.19707	63.09375	-72.6983	57114710.0	12199200
62.48158	91.8125	72.6983	57114710.0	12199200
321.79648	68.125	72.6983	57114710.0	12199200
197.48431	66.4375	72.6983	57114710.0	12199200
125.00567	126.3125	72.6983	57114710.0	12199200
65.853806	100.0	72.6983	57114710.0	12199200
34.112873	145.0	72.6983	57114710.0	12199200
56.513985	86.625	72.6983	57114710.0	12199200
85.97394	84.25	72.6983	57114710.0	12199200
44.904716	85.3125	72.6983	57114710.0	12199200
41.330708	115.0	72.6983	57114710.0	12199200
66.12517	47.71875	72.6983	57114710.0	12199200
126.36627	67.75	72.6983	57114710.0	12199200
48.279564	66.5625	72.6983	57114710.0	12199200
53.524845	88.75	72.6983	57114710.0	12199200
48.31725	82.5	72.6983	57114710.0	12199200
87.634445	68.5625	72.6983	57114710.0	12199200
72.09121	159.0	72.6983	57114710.0	12199200
162.01735	103.8125	72.6983	57114710.0	12199200
75.147995	93.0	72.6983	57114710.0	12199200
140.25424	49.625	72.6983	57114710.0	12199200
69.71336	70.9375	72.6983	57114710.0	12199200
43.6	73.5625	72.6983	57114710.0	12199200
172.79591	84.0	72.6983	57114710.0	12199200
57.375004	59.375	72.6983	57114710.0	12199200
81.92416	110.75	72.6983	57114710.0	12199200
105.60045	56.59375	72.6983	57114710.0	12199200
147.54916	122.125	72.6983	57114710.0	12199200
212.20274	131.25	72.6983	57114710.0	12199200
71.360054	85.25	72.6983	57114710.0	12199200
45.367435	91.375	72.6983	57114710.0	12199200
68.5315	134.0	72.6983	57114710.0	12199200
122.96058	79.6875	72.6983	57114710.0	12199200
39.723938	60.40625	72.6983	57114710.0	12199200
43.14759	52.78125	72.6983	57114710.0	12199200
75.79327	79.4375	72.6983	57114710.0	12199200
26.827	152.625	72.6983	57114710.0	12199200
37.030865	119.0	72.6983	57114710.0	12199200
37.026657	101.3125	72.6983	57114710.0	12199200
30.785341	74.375	72.6983	57114710.0	12199200
51.52326	103.125	72.6983	57114710.0	12199200
56.554317	93.9375	72.6983	57114710.0	12199200
52.635586	98.8125	72.6983	57114710.0	12199200
79.269	114.75	72.6983	57114710.0	12199200
82.94232	116.75	72.6983	57114710.0	12199200
40.305668	129.5	72.6983	57114710.0	12199200
122.345924	133.5	72.6983	57114710.0	12199200
66.416725	80.8125	72.6983	57114710.0	12199200
139.84811	56.46875	72.6983	57114710.0	12199200
120.21033	43.90625	72.6983	57114710.0	12199200
86.77016	64.1875	72.6983	57114710.0	12199200
156.61502	76.3125	72.6983	57114710.0	12199200
139.45479	95.9375	72.6983	57114710.0	12199200
131.62958	82.9375	72.6983	57114710.0	12199200
52.44324	162.75	72.6983	57114710.0	12199200
59.992046	96.375	72.6983	57114710.0	12199200
72.02523	110.125	72.6983	57114710.0	12199200
97.88112	91.5	72.6983	57114710.0	12199200
65.07772	57.375	72.6983	57114710.0	12199200
82.77288	87.125	72.6983	57114710.0	12199200
72.24555	89.875	72.6983	57114710.0	12199200
63.28386	71.1875	72.6983	57114710.0	12199200
51.156654	63.84375	72.6983	57114710.0	12199200
105.47486	39.90625	72.6983	57114710.0	12199200
59.98014	128.125	72.6983	57114710.0	12199200
176.51344	122.0625	72.6983	57114710.0	12199200
141.37714	78.1875	72.6983	57114710.0	12199200
36.247852	100.0	72.6983	57114710.0	12199200
108.98875	78.625	72.6983	57114710.0	12199200
44.747154	113.625	72.6983	57114710.0	12199200
95.66998	43.28125	72.6983	57114710.0	12199200
44.516205	130.375	72.6983	57114710.0	12199200
87.62816	58.0	72.6983	57114710.0	12199200
109.53351	77.125	72.6983	57114710.0	12199200
45.961876	88.625	72.6983	57114710.0	12199200
42.484417	73.8125	72.6983	57114710.0	12199200
58.2553	104.75	72.6983	57114710.0	12199200
109.155045	56.8125	72.6983	57114710.0	12199200
29.092722	69.8125	72.6983	57114710.0	12199200
65.261894	141.875	72.6983	57114710.0	12199200
128.86737	156.0	72.6983	57114710.0	12199200
82.65799	111.0625	72.6983	57114710.0	12199200
84.038376	81.9375	72.6983	57114710.0	12199200
59.142956	115.6875	72.6983	57114710.0	12199200
88.34711	128.75	72.6983	57114710.0	12199200
59.42567	72.5	72.6983	57114710.0	12199200
42.595642	42.46875	72.6983	57114710.0	12199200
44.00284	101.0625	72.6983	57114710.0	12199200
45.972225	93.6875	72.6983	57114710.0	12199200
54.996925	62.84375	72.6983	57114710.0	12199200
60.79187	118.75	72.6983	57114710.0	12199200
96.198	127.4375	72.6983	57114710.0	12199200
45.09979	87.625	72.6983	57114710.0	12199200
82.1222	72.0	72.6983	57114710.0	12199200
64.91315	129.375	72.6983	57114710.0	12199200
84.79335	79.9375	72.6983	57114710.0	12199200
213.86732	39.78125	72.6983	57114710.0	12199200
47.921253	134.0	72.6983	57114710.0	12199200
46.066227	128.875	72.6983	57114710.0	12199200
69.067055	47.34375	72.6983	57114710.0	12199200
83.77886	133.25	72.6983	57114710.0	12199200
69.82738	104.5625	72.6983	57114710.0	12199200
127.57138	44.03125	72.6983	57114710.0	12199200
84.10635	82.5	72.6983	57114710.0	12199200
85.59326	82.75	72.6983	57114710.0	12199200
86.874626	56.0625	72.6983	57114710.0	12199200
41.313084	85.9375	72.6983	57114710.0	12199200
47.924107	104.375	72.6983	57114710.0	12199200
83.39772	85.125	72.6983	57114710.0	12199200
69.41639	104.25	72.6983	57114710.0	12199200
44.617645	42.1875	72.6983	57114710.0	12199200
72.73244	130.625	72.6983	57114710.0	12199200
227.53639	58.1875	72.6983	57114710.0	12199200
48.930084	98.9375	72.6983	57114710.0	12199200
45.276608	141.875	72.6983	57114710.0	12199200
145.91663	86.75	72.6983	57114710.0	12199200
48.40894	99.875	72.6983	57114710.0	12199200
60.336506	143.875	72.6983	57114710.0	12199200
69.995476	111.25	72.6983	57114710.0	12199200
66.753784	133.375	72.6983	57114710.0	12199200
129.98401	83.0	72.6983	57114710.0	12199200
113.002144	69.0625	72.6983	57114710.0	12199200
48.011147	158.75	72.6983	57114710.0	12199200
88.565155	83.8125	72.6983	57114710.0	12199200
54.461166	139.75	72.6983	57114710.0	12199200
75.71244	150.875	72.6983	57114710.0	12199200
64.772484	60.53125	72.6983	57114710.0	12199200
122.80814	79.5625	72.6983	57114710.0	12199200
36.621048	52.1875	72.6983	57114710.0	12199200
112.13273	122.0	72.6983	57114710.0	12199200
74.31857	69.25	72.6983	57114710.0	12199200
75.110565	75.8125	72.6983	57114710.0	12199200
29.864702	129.75	72.6983	57114710.0	12199200
154.7182	97.8125	72.6983	57114710.0	12199200
52.461834	83.1875	72.6983	57114710.0	12199200
203.0262	87.3125	72.6983	57114710.0	12199200
70.88659	147.5	72.6983	57114710.0	12199200
105.13693	87.8125	72.6983	57114710.0	12199200
117.78316	100.25	72.6983	57114710.0	12199200
63.45336	91.3125	72.6983	57114710.0	12199200
63.574383	85.5	72.6983	57114710.0	12199200
40.933296	61.4375	72.6983	57114710.0	12199200
75.036865	117.75	72.6983	57114710.0	12199200
59.135494	149.5	72.6983	57114710.0	12199200
36.21811	90.875	72.6983	57114710.0	12199200
110.45644	111.75	72.6983	57114710.0	12199200
52.010212	80.0625	72.6983	57114710.0	12199200
57.65215	120.0625	72.6983	57114710.0	12199200
82.94505	96.125	72.6983	57114710.0	12199200
108.49543	90.9375	72.6983	57114710.0	12199200
53.56835	65.0	72.6983	57114710.0	12199200
73.178986	79.9375	72.6983	57114710.0	12199200
125.10187	71.6875	72.6983	57114710.0	12199200
183.76933	92.4375	72.6983	57114710.0	12199200
76.010605	99.0	72.6983	57114710.0	12199200
46.074295	113.625	72.6983	57114710.0	12199200
79.09604	84.125	72.6983	57114710.0	12199200
87.86219	62.59375	72.6983	57114710.0	12199200
82.64537	78.75	72.6983	57114710.0	12199200
73.92343	71.5625	72.6983	57114710.0	12199200
80.98817	118.0	72.6983	57114710.0	12199200
51.838993	110.4375	72.6983	57114710.0	12199200
73.09312	136.25	72.6983	57114710.0	12199200
118.08227	117.3125	72.6983	57114710.0	12199200
60.78044	69.125	72.6983	57114710.0	12199200
68.52547	69.9375	72.6983	57114710.0	12199200
64.41817	63.5	72.6983	57114710.0	12199200
53.50436	88.125	72.6983	57114710.0	12199200
43.26062	53.6875	72.6983	57114710.0	12199200
96.92701	99.0	72.6983	57114710.0	12199200
32.70038	69.375	72.6983	57114710.0	12199200
82.90544	74.6875	72.6983	57114710.0	12199200
45.25397	104.8125	72.6983	57114710.0	12199200
151.11975	105.1875	72.6983	57114710.0	12199200
60.08824	63.5	72.6983	57114710.0	12199200
97.760475	61.875	72.6983	57114710.0	12199200
51.833237	83.125	72.6983	57114710.0	12199200
68.46107	136.0	72.6983	57114710.0	12199200
56.98351	156.0	72.6983	57114710.0	12199200
61.463425	65.3125	72.6983	57114710.0	12199200
66.823524	112.0	72.6983	57114710.0	12199200
57.79714	56.90625	72.6983	57114710.0	12199200
82.17121	106.875	72.6983	57114710.0	12199200
68.51043	150.125	72.6983	57114710.0	12199200
70.93929	55.84375	72.6983	57114710.0	12199200
22.614666	89.0625	72.6983	57114710.0	12199200
52.146137	132.5	72.6983	57114710.0	12199200
72.487076	100.375	72.6983	57114710.0	12199200
66.169846	80.5625	72.6983	57114710.0	12199200
60.256084	106.8125	72.6983	57114710.0	12199200
157.1593	128.875	72.6983	57114710.0	12199200
285.4638	83.375	72.6983	57114710.0	12199200
35.67886	73.0625	72.6983	57114710.0	12199200
111.67919	144.875	72.6983	57114710.0	12199200
46.550167	57.90625	72.6983	57114710.0	12199200
48.27891	112.8125	72.6983	57114710.0	12199200
181.07623	86.125	72.6983	57114710.0	12199200
80.0774	47.21875	72.6983	57114710.0	12199200
43.841057	125.5625	72.6983	57114710.0	12199200
52.934376	56.59375	72.6983	57114710.0	12199200
36.438652	148.25	72.6983	57114710.0	12199200
46.126892	68.625	72.6983	57114710.0	12199200
64.280846	109.8125	72.6983	57114710.0	12199200
71.19671	67.375	72.6983	57114710.0	12199200
130.13358	71.375	72.6983	57114710.0	12199200
23.374828	117.8125	72.6983	57114710.0	12199200
65.43144	136.5	72.6983	57114710.0	12199200
73.75288	155.875	72.6983	57114710.0	12199200
129.20795	68.4375	72.6983	57114710.0	12199200
150.50052	121.4375	72.6983	57114710.0	12199200
108.41666	88.9375	72.6983	57114710.0	12199200
67.57927	111.0	72.6983	57114710.0	12199200
31.660873	103.3125	72.6983	57114710.0	12199200
109.94728	108.25	72.6983	57114710.0	12199200
47.75385	62.46875	72.6983	57114710.0	12199200
78.878654	122.75	72.6983	57114710.0	12199200
103.84588	111.6875	72.6983	57114710.0	12199200
159.33044	114.0	72.6983	57114710.0	12199200
28.519663	85.375	72.6983	57114710.0	12199200
136.77321	76.6875	72.6983	57114710.0	12199200
175.13629	82.1875	72.6983	57114710.0	12199200
61.455856	121.9375	72.6983	57114710.0	12199200
50.254143	117.6875	72.6983	57114710.0	12199200
156.37091	67.6875	72.6983	57114710.0	12199200
137.88092	79.375	72.6983	57114710.0	12199200
67.868706	70.0	72.6983	57114710.0	12199200
279.34995	90.9375	72.6983	57114710.0	12199200
42.90354	118.0	72.6983	57114710.0	12199200
66.40573	69.4375	72.6983	57114710.0	12199200
52.15984	72.25	72.6983	57114710.0	12199200
92.27634	110.75	72.6983	57114710.0	12199200
66.66572	38.09375	72.6983	57114710.0	12199200
140.30312	71.5	72.6983	57114710.0	12199200
185.2665	131.0	72.6983	57114710.0	12199200
69.04349	72.5	72.6983	57114710.0	12199200
55.58045	127.4375	72.6983	57114710.0	12199200
52.212147	98.5	72.6983	57114710.0	12199200
49.14546	130.125	72.6983	57114710.0	12199200
39.004417	64.125	72.6983	57114710.0	12199200
67.17199	62.375	72.6983	57114710.0	12199200
260.4722	36.78125	72.6983	57114710.0	12199200
46.505253	73.6875	72.6983	57114710.0	12199200
121.015045	77.0	72.6983	57114710.0	12199200
263.00537	101.6875	72.6983	57114710.0	12199200
63.66406	74.25	72.6983	57114710.0	12199200
41.154156	150.25	72.6983	57114710.0	12199200
89.99151	105.3125	72.6983	57114710.0	12199200
73.0919	108.5	72.6983	57114710.0	12199200
58.645306	110.1875	72.6983	57114710.0	12199200
141.60313	69.75	72.6983	57114710.0	12199200
68.997215	87.5625	72.6983	57114710.0	12199200
103.99138	41.40625	72.6983	57114710.0	12199200
49.610455	58.375	72.6983	57114710.0	12199200
75.87267	94.6875	72.6983	57114710.0	12199200
60.25102	113.3125	72.6983	57114710.0	12199200
134.69724	122.5	72.6983	57114710.0	12199200
42.720947	96.0	72.6983	57114710.0	12199200
111.25206	132.125	72.6983	57114710.0	12199200
100.28669	78.8125	72.6983	57114710.0	12199200
71.524765	63.8125	72.6983	57114710.0	12199200
159.6215	85.8125	72.6983	57114710.0	12199200
50.56248	102.875	72.6983	57114710.0	12199200
101.81229	136.75	72.6983	57114710.0	12199200
31.129217	68.4375	72.6983	57114710.0	12199200
81.60667	91.6875	72.6983	57114710.0	12199200
185.23654	155.625	72.6983	57114710.0	12199200
136.931	81.0625	72.6983	57114710.0	12199200
57.118942	41.71875	72.6983	57114710.0	12199200
57.470573	32.4375	72.6983	57114710.0	12199200
50.46787	53.46875	72.6983	57114710.0	12199200
107.41682	85.0625	72.6983	57114710.0	12199200
81.418564	46.65625	72.6983	57114710.0	12199200
73.89611	58.03125	72.6983	57114710.0	12199200
64.30658	113.25	72.6983	57114710.0	12199200
101.63577	79.1875	72.6983	57114710.0	12199200
77.02334	82.6875	72.6983	57114710.0	12199200
57.959396	118.0625	72.6983	57114710.0	12199200
81.47082	83.0	72.6983	57114710.0	12199200
150.06276	62.5625	72.6983	57114710.0	12199200
89.157455	75.9375	72.6983	57114710.0	12199200
91.66485	108.5625	72.6983	57114710.0	12199200
115.35504	56.875	72.6983	57114710.0	12199200
50.341637	135.375	72.6983	57114710.0	12199200
99.9847	75.6875	72.6983	57114710.0	12199200
98.63079	153.625	72.6983	57114710.0	12199200
118.500496	62.84375	72.6983	57114710.0	12199200
29.71848	63.6875	72.6983	57114710.0	12199200
65.4161	64.8125	72.6983	57114710.0	12199200
44.29365	113.9375	72.6983	57114710.0	12199200
126.431465	85.0625	72.6983	57114710.0	12199200
60.86243	87.4375	72.6983	57114710.0	12199200
31.418219	88.75	72.6983	57114710.0	12199200
23.01863	139.625	72.6983	57114710.0	12199200
211.37115	105.25	72.6983	57114710.0	12199200
88.587006	57.34375	72.6983	57114710.0	12199200
52.56643	95.6875	72.6983	57114710.0	12199200
151.21335	146.75	72.6983	57114710.0	12199200
107.01128	110.0	72.6983	57114710.0	12199200
71.60222	132.375	72.6983	57114710.0	12199200
56.595673	65.375	72.6983	57114710.0	12199200
144.91069	74.0625	72.6983	57114710.0	12199200
112.12713	63.8125	72.6983	57114710.0	12199200
26.83773	150.0	72.6983	57114710.0	12199200
104.15491	56.21875	72.6983	57114710.0	12199200
37.70647	52.0	72.6983	57114710.0	12199200
80.35118	106.5625	72.6983	57114710.0	12199200
70.26907	119.0625	72.6983	57114710.0	12199200
53.188953	87.3125	72.6983	57114710.0	12199200
106.89726	135.625	72.6983	57114710.0	12199200
159.64883	83.0	72.6983	57114710.0	12199200
134.02156	150.125	72.6983	57114710.0	12199200
72.21135	57.5625	72.6983	57114710.0	12199200
236.08635	96.5625	72.6983	57114710.0	12199200
38.64678	77.125	72.6983	57114710.0	12199200
53.266407	153.5	72.6983	57114710.0	12199200
76.99687	82.0625	72.6983	57114710.0	12199200
63.71872	160.375	72.6983	57114710.0	12199200
44.431152	107.1875	72.6983	57114710.0	12199200
73.62606	61.96875	72.6983	57114710.0	12199200
77.65342	54.8125	72.6983	57114710.0	12199200
98.45547	98.0	72.6983	57114710.0	12199200
52.842674	144.5	72.6983	57114710.0	12199200
47.9835	91.9375	72.6983	57114710.0	12199200
71.70523	126.375	72.6983	57114710.0	12199200
59.368286	70.6875	72.6983	57114710.0	12199200
65.214325	75.375	72.6983	57114710.0	12199200
160.61183	98.1875	72.6983	57114710.0	12199200
43.332237	132.125	72.6983	57114710.0	12199200
52.969036	78.1875	72.6983	57114710.0	12199200
50.17597	63.65625	72.6983	57114710.0	12199200
76.72177	126.4375	72.6983	57114710.0	12199200
64.36038	63.375	72.6983	57114710.0	12199200
109.50391	55.0	72.6983	57114710.0	12199200
67.63522	48.625	72.6983	57114710.0	12199200
76.46552	137.125	72.6983	57114710.0	12199200
51.832905	118.625	72.6983	57114710.0	12199200
145.93852	129.875	72.6983	57114710.0	12199200
64.579544	72.125	72.6983	57114710.0	12199200
60.89259	122.5	72.6983	57114710.0	12199200
66.21753	36.46875	72.6983	57114710.0	12199200
153.78123	137.5	72.6983	57114710.0	12199200
171.86972	73.9375	72.6983	57114710.0	12199200
185.96272	75.125	72.6983	57114710.0	12199200
112.55941	39.4375	72.6983	57114710.0	12199200
71.79751	129.375	72.6983	57114710.0	12199200
37.08461	76.4375	72.6983	57114710.0	12199200
70.15086	151.625	72.6983	57114710.0	12199200
78.31131	76.5625	72.6983	57114710.0	12199200
43.276104	94.0	72.6983	57114710.0	12199200
109.76447	108.9375	72.6983	57114710.0	12199200
60.479942	121.3125	72.6983	57114710.0	12199200
128.29666	109.25	72.6983	57114710.0	12199200
70.185005	81.375	72.6983	57114710.0	12199200
41.434677	146.0	72.6983	57114710.0	12199200
73.061905	155.0	72.6983	57114710.0	12199200
96.91751	88.875	72.6983	57114710.0	12199200
41.02253	75.125	72.6983	57114710.0	12199200
102.585594	82.25	72.6983	57114710.0	12199200
122.74474	80.6875	72.6983	57114710.0	12199200
61.398174	119.9375	72.6983	57114710.0	12199200
75.80961	85.75	72.6983	57114710.0	12199200
38.27214	60.59375	72.6983	57114710.0	12199200
92.76865	96.9375	72.6983	57114710.0	12199200
51.24272	103.9375	72.6983	57114710.0	12199200
71.64206	54.15625	72.6983	57114710.0	12199200
54.9785	66.9375	72.6983	57114710.0	12199200
61.9168	70.0	72.6983	57114710.0	12199200
57.33587	71.625	72.6983	57114710.0	12199200
32.297596	95.375	72.6983	57114710.0	12199200
87.71202	118.1875	72.6983	57114710.0	12199200
45.387905	163.875	72.6983	57114710.0	12199200
59.258217	88.75	72.6983	57114710.0	12199200
113.68112	46.3125	72.6983	57114710.0	12199200
75.93785	56.5	72.6983	57114710.0	12199200
57.08844	46.625	72.6983	57114710.0	12199200
106.99848	108.1875	72.6983	57114710.0	12199200
44.775936	119.8125	72.6983	57114710.0	12199200
111.19077	52.875	72.6983	57114710.0	12199200
72.59207	59.15625	72.6983	57114710.0	12199200
43.27022	90.5	72.6983	57114710.0	12199200
145.56702	61.5625	72.6983	57114710.0	12199200
186.27206	103.8125	72.6983	57114710.0	12199200
130.99004	70.9375	72.6983	57114710.0	12199200
49.297817	136.75	72.6983	57114710.0	12199200
74.75294	77.875	72.6983	57114710.0	12199200
55.78817	136.375	72.6983	57114710.0	12199200
60.960686	122.25	72.6983	57114710.0	12199200
137.81163	133.75	72.6983	57114710.0	12199200
49.6165	120.25	72.6983	57114710.0	12199200
57.871918	101.375	72.6983	57114710.0	12199200
111.8611	133.75	72.6983	57114710.0	12199200
118.31044	143.25	72.6983	57114710.0	12199200
74.66727	85.9375	72.6983	57114710.0	12199200
100.473694	66.8125	72.6983	57114710.0	12199200
49.62552	73.0625	72.6983	57114710.0	12199200
51.16631	132.875	72.6983	57114710.0	12199200
125.67457	57.09375	72.6983	57114710.0	12199200
271.8495	59.5625	72.6983	57114710.0	12199200
137.16226	116.0	72.6983	57114710.0	12199200
71.024315	168.0	72.6983	57114710.0	12199200
91.78274	95.0	72.6983	57114710.0	12199200
62.222263	65.125	72.6983	57114710.0	12199200
114.003075	64.375	72.6983	57114710.0	12199200
70.42511	140.5	72.6983	57114710.0	12199200
34.51066	95.125	72.6983	57114710.0	12199200
100.5657	104.25	72.6983	57114710.0	12199200
44.85475	108.3125	72.6983	57114710.0	12199200
55.08761	88.9375	72.6983	57114710.0	12199200
29.65633	121.3125	72.6983	57114710.0	12199200
37.99781	71.1875	72.6983	57114710.0	12199200
61.063343	125.875	72.6983	57114710.0	12199200
83.35186	147.75	72.6983	57114710.0	12199200
85.68248	83.25	72.6983	57114710.0	12199200
27.804783	83.1875	72.6983	57114710.0	12199200
65.54368	87.4375	72.6983	57114710.0	12199200
99.31508	146.0	72.6983	57114710.0	12199200
47.77285	69.0	72.6983	57114710.0	12199200
44.381313	60.5625	72.6983	57114710.0	12199200
135.24583	104.25	72.6983	57114710.0	12199200
70.212036	73.5625	72.6983	57114710.0	12199200
54.212128	121.0	72.6983	57114710.0	12199200
81.19295	88.375	72.6983	57114710.0	12199200
113.9918	64.4375	72.6983	57114710.0	12199200
69.93135	77.25	72.6983	57114710.0	12199200
50.487396	108.75	72.6983	57114710.0	12199200
137.65797	80.625	72.6983	57114710.0	12199200
49.515114	95.25	72.6983	57114710.0	12199200
154.2095	62.1875	72.6983	57114710.0	12199200
58.763798	143.125	72.6983	57114710.0	12199200
76.69028	140.125	72.6983	57114710.0	12199200
88.14203	142.625	72.6983	57114710.0	12199200
51.097404	61.96875	72.6983	57114710.0	12199200
46.994637	73.5625	72.6983	57114710.0	12199200
89.47062	57.625	72.6983	57114710.0	12199200
147.1916	122.8125	72.6983	57114710.0	12199200
83.16507	69.5625	72.6983	57114710.0	12199200
46.778008	161.875	72.6983	57114710.0	12199200
101.45229	61.28125	72.6983	57114710.0	12199200
70.91195	54.09375	72.6983	57114710.0	12199200
73.91662	80.125	72.6983	57114710.0	12199200
73.75623	56.40625	72.6983	57114710.0	12199200
76.43885	60.9375	72.6983	57114710.0	12199200
54.39792	88.9375	72.6983	57114710.0	12199200
64.791985	76.125	72.6983	57114710.0	12199200
37.0024	105.4375	72.6983	57114710.0	12199200
44.203552	137.75	-72.6983	57114710.0	12199200
58.82271	100.375	72.6983	57114710.0	12199200
44.665474	64.4375	72.6983	57114710.0	12199200
41.09355	120.0	72.6983	57114710.0	12199200
137.55516	76.5625	72.6983	57114710.0	12199200
60.201145	76.8125	72.6983	57114710.0	12199200
42.973328	107.8125	72.6983	57114710.0	12199200
71.80035	93.1875	72.6983	57114710.0	12199200
103.43855	41.375	72.6983	57114710.0	12199200
89.92263	56.96875	72.6983	57114710.0	12199200
53.241085	115.0	72.6983	57114710.0	12199200
66.546906	84.9375	72.6983	57114710.0	12199200
46.870792	85.3125	72.6983	57114710.0	12199200
182.22656	119.375	72.6983	57114710.0	12199200
107.901276	54.875	72.6983	57114710.0	12199200
176.5243	57.1875	72.6983	57114710.0	12199200
76.946915	85.9375	72.6983	57114710.0	12199200
50.598625	81.0625	72.6983	57114710.0	12199200
25.37869	125.6875	72.6983	57114710.0	12199200
113.2179	151.375	72.6983	57114710.0	12199200
130.59712	75.375	72.6983	57114710.0	12199200
46.944267	131.25	72.6983	57114710.0	12199200
41.795734	134.875	72.6983	57114710.0	12199200
50.34656	90.4375	72.6983	57114710.0	12199200
58.55647	60.21875	72.6983	57114710.0	12199200
114.49915	93.8125	72.6983	57114710.0	12199200
106.881905	122.1875	72.6983	57114710.0	12199200
46.255703	63.5	72.6983	57114710.0	12199200
69.07986	115.1875	72.6983	57114710.0	12199200
158.72055	253.0	72.6983	57114710.0	12199200
43.094204	69.125	72.6983	57114710.0	12199200
61.965057	71.125	72.6983	57114710.0	12199200
38.963017	68.3125	72.6983	57114710.0	12199200
82.69466	57.375	72.6983	57114710.0	12199200
45.56956	139.0	72.6983	57114710.0	12199200
60.576683	78.125	72.6983	57114710.0	12199200
25.536928	107.125	72.6983	57114710.0	12199200
102.29495	75.6875	72.6983	57114710.0	12199200
86.82668	148.125	72.6983	57114710.0	12199200
95.11574	138.875	72.6983	57114710.0	12199200
82.710976	65.1875	72.6983	57114710.0	12199200
62.802826	117.3125	72.6983	57114710.0	12199200
86.7663	114.0	72.6983	57114710.0	12199200
40.370068	81.25	72.6983	57114710.0	12199200
68.58974	108.875	72.6983	57114710.0	12199200
51.293655	100.3125	72.6983	57114710.0	12199200
254.7448	95.125	72.6983	57114710.0	12199200
122.31195	86.625	72.6983	57114710.0	12199200
72.9732	73.3125	72.6983	57114710.0	12199200
282.00156	54.375	72.6983	57114710.0	12199200
113.790924	140.75	72.6983	57114710.0	12199200
177.92053	97.9375	72.6983	57114710.0	12199200
79.27554	68.5625	72.6983	57114710.0	12199200
52.445908	43.78125	72.6983	57114710.0	12199200
325.73935	80.5	72.6983	57114710.0	12199200
70.23012	121.125	72.6983	57114710.0	12199200
154.4802	121.375	72.6983	57114710.0	12199200
64.83806	70.4375	72.6983	57114710.0	12199200
57.26679	168.625	72.6983	57114710.0	12199200
56.708317	102.0	72.6983	57114710.0	12199200
88.819756	101.9375	72.6983	57114710.0	12199200
120.29552	116.375	72.6983	57114710.0	12199200
138.99849	79.625	72.6983	57114710.0	12199200
52.389614	106.1875	72.6983	57114710.0	12199200
77.97532	83.5625	72.6983	57114710.0	12199200
48.81515	55.53125	72.6983	57114710.0	12199200
42.289665	135.0	72.6983	57114710.0	12199200
28.792713	73.125	72.6983	57114710.0	12199200
96.77297	42.8125	72.6983	57114710.0	12199200
39.98816	113.25	72.6983	57114710.0	12199200
62.174885	78.0625	72.6983	57114710.0	12199200
53.739048	71.3125	72.6983	57114710.0	12199200
81.62738	72.5625	72.6983	57114710.0	12199200
117.886925	48.375	72.6983	57114710.0	12199200
173.48659	124.9375	72.6983	57114710.0	12199200
98.273964	117.125	72.6983	57114710.0	12199200
49.701653	133.0	72.6983	57114710.0	12199200
46.280262	95.625	72.6983	57114710.0	12199200
54.218365	136.875	72.6983	57114710.0	12199200
151.42012	150.625	72.6983	57114710.0	12199200
144.70152	73.375	72.6983	57114710.0	12199200
44.660522	72.375	72.6983	57114710.0	12199200
48.561237	46.09375	72.6983	57114710.0	12199200
80.0342	131.875	72.6983	57114710.0	12199200
182.37746	100.625	72.6983	57114710.0	12199200
168.05046	80.25	72.6983	57114710.0	12199200
68.87263	111.25	72.6983	57114710.0	12199200
123.94829	94.9375	72.6983	57114710.0	12199200
44.654	55.3125	72.6983	57114710.0	12199200
120.255684	104.4375	72.6983	57114710.0	12199200
55.677917	77.6875	72.6983	57114710.0	12199200
43.021046	70.0	72.6983	57114710.0	12199200
47.11851	126.625	72.6983	57114710.0	12199200
77.62858	59.15625	72.6983	57114710.0	12199200
67.2978	68.25	72.6983	57114710.0	12199200
44.317337	49.125	72.6983	57114710.0	12199200
89.793625	104.8125	72.6983	57114710.0	12199200
33.411438	96.9375	72.6983	57114710.0	12199200
147.20357	100.75	72.6983	57114710.0	12199200
33.344677	88.375	72.6983	57114710.0	12199200
92.44524	61.3125	72.6983	57114710.0	12199200
102.97164	40.53125	72.6983	57114710.0	12199200
76.17885	90.4375	72.6983	57114710.0	12199200
211.85085	43.71875	72.6983	57114710.0	12199200
43.272793	101.125	72.6983	57114710.0	12199200
75.00072	65.6875	72.6983	57114710.0	12199200
64.48008	145.25	72.6983	57114710.0	12199200
76.87487	69.3125	72.6983	57114710.0	12199200
61.256638	136.5	72.6983	57114710.0	12199200
75.8096	63.9375	72.6983	57114710.0	12199200
70.653496	80.375	72.6983	57114710.0	12199200
42.77774	72.1875	72.6983	57114710.0	12199200
72.41851	61.40625	72.6983	57114710.0	12199200
53.438282	109.125	72.6983	57114710.0	12199200
136.31323	127.5625	72.6983	57114710.0	12199200
46.515503	74.5625	72.6983	57114710.0	12199200
126.60219	123.1875	72.6983	57114710.0	12199200
50.51717	52.125	72.6983	57114710.0	12199200
35.077305	99.1875	72.6983	57114710.0	12199200
99.48691	69.6875	72.6983	57114710.0	12199200
59.38505	113.1875	72.6983	57114710.0	12199200
48.0822	73.625	72.6983	57114710.0	12199200
44.178493	57.5625	72.6983	57114710.0	12199200
76.97658	102.4375	72.6983	57114710.0	12199200
45.230324	82.125	72.6983	57114710.0	12199200
67.419846	110.625	72.6983	57114710.0	12199200
216.52351	146.375	72.6983	57114710.0	12199200
144.9362	75.875	72.6983	57114710.0	12199200
44.541065	75.6875	72.6983	57114710.0	12199200
66.07413	74.0625	72.6983	57114710.0	12199200
62.24011	55.3125	72.6983	57114710.0	12199200
145.3076	66.6875	72.6983	57114710.0	12199200
53.29556	127.3125	72.6983	57114710.0	12199200
59.672997	98.875	72.6983	57114710.0	12199200
55.87768	122.6875	72.6983	57114710.0	12199200
61.352005	140.75	72.6983	57114710.0	12199200
93.851875	85.5	72.6983	57114710.0	12199200
40.49057	100.375	72.6983	57114710.0	12199200
95.0133	117.5	72.6983	57114710.0	12199200
83.535934	80.8125	72.6983	57114710.0	12199200
49.274612	67.8125	72.6983	57114710.0	12199200
68.565926	59.0	72.6983	57114710.0	12199200
75.77906	84.1875	72.6983	57114710.0	12199200
60.811073	57.78125	72.6983	57114710.0	12199200
62.006718	135.375	72.6983	57114710.0	12199200
102.54717	107.375	72.6983	57114710.0	12199200
119.73527	77.25	72.6983	57114710.0	12199200
125.40936	89.5625	72.6983	57114710.0	12199200
159.58943	75.0	72.6983	57114710.0	12199200
93.32686	74.125	72.6983	57114710.0	12199200
38.031742	129.0	72.6983	57114710.0	12199200
76.29051	71.25	72.6983	57114710.0	12199200
42.997166	72.4375	72.6983	57114710.0	12199200
81.672714	153.375	72.6983	57114710.0	12199200
85.03575	56.125	72.6983	57114710.0	12199200
157.09198	100.1875	72.6983	57114710.0	12199200
153.45042	130.125	72.6983	57114710.0	12199200
164.09233	109.6875	72.6983	57114710.0	12199200
98.90966	76.6875	72.6983	57114710.0	12199200
47.24811	144.5	72.6983	57114710.0	12199200
80.54911	125.125	72.6983	57114710.0	12199200
81.04481	64.875	72.6983	57114710.0	12199200
45.110794	75.75	72.6983	57114710.0	12199200
88.66249	58.3125	72.6983	57114710.0	12199200
49.618244	99.9375	72.6983	57114710.0	12199200
55.016445	37.65625	72.6983	57114710.0	12199200
68.5866	149.875	72.6983	57114710.0	12199200
68.093475	87.875	72.6983	57114710.0	12199200
111.22025	117.75	72.6983	57114710.0	12199200
63.20075	47.46875	72.6983	57114710.0	12199200
33.79749	123.625	72.6983	57114710.0	12199200
69.292046	37.15625	72.6983	57114710.0	12199200
224.9946	63.0	72.6983	57114710.0	12199200
137.51753	48.0	72.6983	57114710.0	12199200
39.58135	66.3125	72.6983	57114710.0	12199200
60.88097	53.84375	72.6983	57114710.0	12199200
43.260475	60.78125	72.6983	57114710.0	12199200
62.829144	50.1875	72.6983	57114710.0	12199200
67.45628	78.6875	72.6983	57114710.0	12199200
54.01918	112.6875	72.6983	57114710.0	12199200
73.22519	156.625	72.6983	57114710.0	12199200
51.44214	120.8125	72.6983	57114710.0	12199200
62.41697	99.125	72.6983	57114710.0	12199200
80.16594	152.5	72.6983	57114710.0	12199200
103.342094	105.25	72.6983	57114710.0	12199200
44.136562	71.6875	72.6983	57114710.0	12199200
174.98132	110.3125	72.6983	57114710.0	12199200
56.46442	143.125	72.6983	57114710.0	12199200
106.04402	105.25	72.6983	57114710.0	12199200
140.36008	123.8125	72.6983	57114710.0	12199200
66.287964	79.375	72.6983	57114710.0	12199200
120.695625	50.0625	72.6983	57114710.0	12199200
125.439766	93.375	72.6983	57114710.0	12199200
56.62283	55.9375	72.6983	57114710.0	12199200
188.64534	123.4375	72.6983	57114710.0	12199200
41.306892	103.1875	72.6983	57114710.0	12199200
114.7305	73.625	72.6983	57114710.0	12199200
68.69278	99.5625	72.6983	57114710.0	12199200
152.26685	127.75	72.6983	57114710.0	12199200
60.95745	61.71875	72.6983	57114710.0	12199200
74.11405	162.375	72.6983	57114710.0	12199200
148.23116	94.4375	72.6983	57114710.0	12199200
69.39928	58.5625	72.6983	57114710.0	12199200
55.49638	74.625	72.6983	57114710.0	12199200
30.5372	69.25	72.6983	57114710.0	12199200
51.61173	67.375	72.6983	57114710.0	12199200
65.86531	106.625	72.6983	57114710.0	12199200
66.81049	62.5625	72.6983	57114710.0	12199200
90.35802	93.9375	72.6983	57114710.0	12199200
36.27032	122.4375	72.6983	57114710.0	12199200
127.78847	59.34375	72.6983	57114710.0	12199200
87.260704	106.0625	72.6983	57114710.0	12199200
74.539696	110.3125	72.6983	57114710.0	12199200
56.940205	55.84375	72.6983	57114710.0	12199200
151.9314	73.1875	72.6983	57114710.0	12199200
57.4768	113.5625	72.6983	57114710.0	12199200
48.65376	103.4375	72.6983	57114710.0	12199200
169.17786	103.625	72.6983	57114710.0	12199200
50.409687	92.25	72.6983	57114710.0	12199200
30.857796	92.6875	72.6983	57114710.0	12199200
80.7028	54.28125	72.6983	57114710.0	12199200
75.69749	106.3125	72.6983	57114710.0	12199200
29.590992	58.5625	72.6983	57114710.0	12199200
48.988163	94.9375	72.6983	57114710.0	12199200
103.80745	54.21875	72.6983	57114710.0	12199200
47.37666	75.375	72.6983	57114710.0	12199200
132.0774	88.0625	72.6983	57114710.0	12199200
72.453026	122.5625	72.6983	57114710.0	12199200
77.98925	114.375	72.6983	57114710.0	12199200
122.877686	91.6875	72.6983	57114710.0	12199200
80.49818	101.5625	72.6983	57114710.0	12199200
68.18172	33.4375	72.6983	57114710.0	12199200
78.55405	164.125	72.6983	57114710.0	12199200
87.981285	118.5	72.6983	57114710.0	12199200
89.01829	59.125	72.6983	57114710.0	12199200
77.338104	131.75	72.6983	57114710.0	12199200
237.42738	78.5625	72.6983	57114710.0	12199200
69.58989	96.0625	72.6983	57114710.0	12199200
123.03307	142.0	72.6983	57114710.0	12199200
61.997974	66.0625	72.6983	57114710.0	12199200
60.420616	56.8125	72.6983	57114710.0	12199200
151.02365	45.25	72.6983	57114710.0	12199200
80.79809	90.3125	72.6983	57114710.0	12199200
80.2546	63.25	72.6983	57114710.0	12199200
81.55658	43.875	72.6983	57114710.0	12199200
62.777195	74.4375	72.6983	57114710.0	12199200
84.75716	90.75	72.6983	57114710.0	12199200
68.69888	94.1875	72.6983	57114710.0	12199200
53.255234	87.125	72.6983	57114710.0	12199200
68.51279	78.75	72.6983	57114710.0	12199200
42.977917	138.625	72.6983	57114710.0	12199200
141.89967	86.75	72.6983	57114710.0	12199200
40.880966	125.3125	72.6983	57114710.0	12199200
169.21053	108.5	72.6983	57114710.0	12199200
41.75151	98.875	72.6983	57114710.0	12199200
54.60296	71.3125	72.6983	57114710.0	12199200
163.66808	91.875	72.6983	57114710.0	12199200
173.07497	62.0625	72.6983	57114710.0	12199200
51.5278	68.6875	72.6983	57114710.0	12199200
54.848747	83.5625	72.6983	57114710.0	12199200
41.08446	94.5	72.6983	57114710.0	12199200
65.239746	71.1875	72.6983	57114710.0	12199200
103.21312	103.0625	72.6983	57114710.0	12199200
73.85728	76.3125	72.6983	57114710.0	12199200
62.140884	82.5625	72.6983	57114710.0	12199200
134.98532	118.9375	72.6983	57114710.0	12199200
59.934425	146.875	72.6983	57114710.0	12199200
71.27143	110.25	72.6983	57114710.0	12199200
54.45995	97.125	72.6983	57114710.0	12199200
78.108154	106.875	72.6983	57114710.0	12199200
110.806786	67.125	72.6983	57114710.0	12199200
49.38241	112.9375	72.6983	57114710.0	12199200
105.107796	83.375	72.6983	57114710.0	12199200
109.56979	76.625	72.6983	57114710.0	12199200
81.09573	84.25	72.6983	57114710.0	12199200
27.115234	93.3125	72.6983	57114710.0	12199200
43.263073	130.625	72.6983	57114710.0	12199200
70.05857	70.4375	72.6983	57114710.0	12199200
78.58699	82.0625	72.6983	57114710.0	12199200
49.964447	81.875	72.6983	57114710.0	12199200
158.37865	48.0	72.6983	57114710.0	12199200
77.90513	66.0625	72.6983	57114710.0	12199200
36.37667	119.375	72.6983	57114710.0	12199200
99.16872	77.75	72.6983	57114710.0	12199200
67.13802	44.15625	72.6983	57114710.0	12199200
54.595406	105.875	72.6983	57114710.0	12199200
41.12395	91.625	72.6983	57114710.0	12199200
95.68752	40.03125	72.6983	57114710.0	12199200
88.72643	92.0	72.6983	57114710.0	12199200
45.165146	77.0625	72.6983	57114710.0	12199200
54.47744	124.875	72.6983	57114710.0	12199200
50.08047	116.0	72.6983	57114710.0	12199200
89.00298	109.625	72.6983	57114710.0	12199200
73.44412	85.4375	72.6983	57114710.0	12199200
100.96404	78.0625	72.6983	57114710.0	12199200
219.25116	38.5625	72.6983	57114710.0	12199200
58.258774	86.5	72.6983	57114710.0	12199200
51.775864	63.78125	72.6983	57114710.0	12199200
49.591534	109.25	72.6983	57114710.0	12199200
73.18944	165.75	72.6983	57114710.0	12199200
166.31918	54.40625	72.6983	57114710.0	12199200
74.178375	157.25	-72.6983	57114710.0	12199200
107.7892	60.40625	72.6983	57114710.0	12199200
42.02178	63.375	72.6983	57114710.0	12199200
58.117523	74.625	72.6983	57114710.0	12199200
39.68018	59.3125	72.6983	57114710.0	12199200
58.388935	102.25	72.6983	57114710.0	12199200
71.33482	42.03125	72.6983	57114710.0	12199200
64.8014	44.0	72.6983	57114710.0	12199200
20.113245	66.5625	72.6983	57114710.0	12199200
41.15285	56.0	72.6983	57114710.0	12199200
79.71025	48.46875	72.6983	57114710.0	12199200
131.88708	59.125	72.6983	57114710.0	12199200
133.95296	100.5625	72.6983	57114710.0	12199200
58.389507	50.6875	72.6983	57114710.0	12199200
70.17264	73.375	72.6983	57114710.0	12199200
254.2114	84.375	72.6983	57114710.0	12199200
156.51506	69.0625	72.6983	57114710.0	12199200
205.77911	76.75	72.6983	57114710.0	12199200
56.506725	122.4375	72.6983	57114710.0	12199200
139.5419	71.3125	72.6983	57114710.0	12199200
67.32983	81.0625	72.6983	57114710.0	12199200
158.36655	128.75	72.6983	57114710.0	12199200
66.43967	63.34375	72.6983	57114710.0	12199200
50.21279	60.0	72.6983	57114710.0	12199200
47.10901	77.625	72.6983	57114710.0	12199200
145.65411	60.625	72.6983	57114710.0	12199200
91.33283	108.0625	72.6983	57114710.0	12199200
91.19642	94.375	72.6983	57114710.0	12199200
67.00213	59.8125	72.6983	57114710.0	12199200
60.29456	95.4375	72.6983	57114710.0	12199200
107.7842	84.0	72.6983	57114710.0	12199200
61.22253	73.4375	72.6983	57114710.0	12199200
78.976746	114.1875	72.6983	57114710.0	12199200
55.02688	50.5	72.6983	57114710.0	12199200
58.84519	60.5625	72.6983	57114710.0	12199200
40.5969	66.8125	72.6983	57114710.0	12199200
68.27595	100.25	72.6983	57114710.0	12199200
198.19525	37.25	72.6983	57114710.0	12199200
83.79886	62.59375	72.6983	57114710.0	12199200
69.69474	106.0	72.6983	57114710.0	12199200
74.14168	54.375	72.6983	57114710.0	12199200
165.52107	102.9375	72.6983	57114710.0	12199200
52.476025	109.0625	72.6983	57114710.0	12199200
71.212364	69.3125	72.6983	57114710.0	12199200
96.01443	59.625	72.6983	57114710.0	12199200
128.72531	77.125	72.6983	57114710.0	12199200
68.28128	68.9375	72.6983	57114710.0	12199200
56.901684	59.34375	72.6983	57114710.0	12199200
93.36585	90.6875	72.6983	57114710.0	12199200
26.162504	37.4375	72.6983	57114710.0	12199200
83.168396	93.0	72.6983	57114710.0	12199200
46.973602	55.53125	72.6983	57114710.0	12199200
112.96484	59.96875	72.6983	57114710.0	12199200
45.06331	53.3125	72.6983	57114710.0	12199200
61.673584	67.4375	72.6983	57114710.0	12199200
73.07849	104.5	72.6983	57114710.0	12199200
50.81219	72.1875	72.6983	57114710.0	12199200
46.687847	101.8125	72.6983	57114710.0	12199200
54.254185	99.375	72.6983	57114710.0	12199200
181.45085	81.3125	72.6983	57114710.0	12199200
61.9196	76.375	72.6983	57114710.0	12199200
55.18247	58.25	72.6983	57114710.0	12199200
45.13902	59.4375	72.6983	57114710.0	12199200
88.74853	81.8125	72.6983	57114710.0	12199200
82.30494	80.3125	72.6983	57114710.0	12199200
51.951702	152.875	72.6983	57114710.0	12199200
96.71832	57.96875	72.6983	57114710.0	12199200
84.7253	63.34375	72.6983	57114710.0	12199200
60.43351	138.75	72.6983	57114710.0	12199200
69.92304	112.5	72.6983	57114710.0	12199200
79.15204	150.125	72.6983	57114710.0	12199200
76.196365	66.8125	72.6983	57114710.0	12199200
93.66393	68.875	72.6983	57114710.0	12199200
59.826534	57.28125	72.6983	57114710.0	12199200
93.66001	131.875	72.6983	57114710.0	12199200
56.35059	44.40625	72.6983	57114710.0	12199200
107.79572	87.25	72.6983	57114710.0	12199200
44.69326	69.5625	72.6983	57114710.0	12199200
41.527004	71.125	72.6983	57114710.0	12199200
156.4222	33.09375	72.6983	57114710.0	12199200
63.629715	72.8125	72.6983	57114710.0	12199200
108.46548	130.5	72.6983	57114710.0	12199200
149.56993	75.0625	72.6983	57114710.0	12199200
85.417175	151.5	72.6983	57114710.0	12199200
98.13925	70.75	72.6983	57114710.0	12199200
53.027863	61.71875	72.6983	57114710.0	12199200
58.845913	37.6875	72.6983	57114710.0	12199200
109.940575	79.25	72.6983	57114710.0	12199200
132.29895	60.8125	72.6983	57114710.0	12199200
67.85192	55.21875	72.6983	57114710.0	12199200
126.636505	70.3125	72.6983	57114710.0	12199200
60.432552	141.875	72.6983	57114710.0	12199200
40.239544	30.375	72.6983	57114710.0	12199200
44.063133	133.875	72.6983	57114710.0	12199200
61.507977	85.625	72.6983	57114710.0	12199200
42.42162	131.375	72.6983	57114710.0	12199200
78.63955	104.125	72.6983	57114710.0	12199200
55.73758	94.625	72.6983	57114710.0	12199200
48.735706	77.625	72.6983	57114710.0	12199200
113.45718	71.875	72.6983	57114710.0	12199200
137.79808	143.0	72.6983	57114710.0	12199200
91.65988	51.0625	72.6983	57114710.0	12199200
48.201126	118.375	72.6983	57114710.0	12199200
40.546295	60.71875	72.6983	57114710.0	12199200
106.73561	48.3125	72.6983	57114710.0	12199200
70.37787	67.3125	72.6983	57114710.0	12199200
69.45941	116.1875	72.6983	57114710.0	12199200
60.31216	81.875	72.6983	57114710.0	12199200
30.072805	151.875	72.6983	57114710.0	12199200
63.289032	111.8125	72.6983	57114710.0	12199200
73.66107	82.9375	72.6983	57114710.0	12199200
155.3956	143.125	72.6983	57114710.0	12199200
500.93167	136.125	72.6983	57114710.0	12199200
63.886868	96.5625	72.6983	57114710.0	12199200
49.3973	61.25	72.6983	57114710.0	12199200
49.86452	104.8125	72.6983	57114710.0	12199200
181.31505	127.375	72.6983	57114710.0	12199200
47.834347	76.6875	72.6983	57114710.0	12199200
42.847744	69.5	72.6983	57114710.0	12199200
73.44227	81.3125	72.6983	57114710.0	12199200
76.038216	109.75	72.6983	57114710.0	12199200
112.6094	96.8125	72.6983	57114710.0	12199200
67.36457	101.0625	72.6983	57114710.0	12199200
63.63123	79.875	72.6983	57114710.0	12199200
53.77114	31.765625	72.6983	57114710.0	12199200
86.961105	100.25	72.6983	57114710.0	12199200
77.30737	138.875	72.6983	57114710.0	12199200
86.7561	67.5	72.6983	57114710.0	12199200
54.756725	61.90625	72.6983	57114710.0	12199200
35.943462	66.375	72.6983	57114710.0	12199200
68.51357	81.25	72.6983	57114710.0	12199200
137.48407	104.3125	72.6983	57114710.0	12199200
42.754745	81.625	72.6983	57114710.0	12199200
43.50135	80.5625	72.6983	57114710.0	12199200
79.64241	35.3125	72.6983	57114710.0	12199200
43.644108	58.0625	72.6983	57114710.0	12199200
160.44284	45.09375	72.6983	57114710.0	12199200
69.61405	74.6875	72.6983	57114710.0	12199200
61.641308	58.90625	72.6983	57114710.0	12199200
62.73687	109.125	72.6983	57114710.0	12199200
85.30754	121.625	72.6983	57114710.0	12199200
49.29074	67.0	72.6983	57114710.0	12199200
102.61043	107.4375	72.6983	57114710.0	12199200
29.097588	56.8125	72.6983	57114710.0	12199200
49.21837	121.6875	72.6983	57114710.0	12199200
62.757545	113.25	72.6983	57114710.0	12199200
95.71975	124.4375	72.6983	57114710.0	12199200
63.39884	130.5	72.6983	57114710.0	12199200
30.648737	78.25	72.6983	57114710.0	12199200
102.69673	86.4375	72.6983	57114710.0	12199200
47.812374	53.78125	72.6983	57114710.0	12199200
157.28383	147.0	72.6983	57114710.0	12199200
58.71094	131.0	72.6983	57114710.0	12199200
25.948664	95.1875	72.6983	57114710.0	12199200
85.87031	111.25	72.6983	57114710.0	12199200
62.375847	86.625	72.6983	57114710.0	12199200
150.11722	117.75	72.6983	57114710.0	12199200
57.06225	155.5	72.6983	57114710.0	12199200
82.983765	115.5	72.6983	57114710.0	12199200
116.08579	49.125	72.6983	57114710.0	12199200
69.61218	85.8125	72.6983	57114710.0	12199200
67.32114	102.8125	72.6983	57114710.0	12199200
34.183094	48.3125	72.6983	57114710.0	12199200
51.76502	54.5	72.6983	57114710.0	12199200
84.355804	89.125	72.6983	57114710.0	12199200
45.948612	98.5	72.6983	57114710.0	12199200
47.30741	93.5625	72.6983	57114710.0	12199200
81.95018	74.5	72.6983	57114710.0	12199200
108.56916	37.25	72.6983	57114710.0	12199200
139.36893	100.625	72.6983	57114710.0	12199200
126.542786	70.625	72.6983	57114710.0	12199200
42.056587	119.3125	72.6983	57114710.0	12199200
162.8079	76.0625	72.6983	57114710.0	12199200
48.892326	65.0	72.6983	57114710.0	12199200
58.92378	86.5	72.6983	57114710.0	12199200
160.0722	106.9375	72.6983	57114710.0	12199200
55.277046	39.15625	72.6983	57114710.0	12199200
51.757317	141.25	72.6983	57114710.0	12199200
39.991314	134.875	72.6983	57114710.0	12199200
39.904976	59.375	72.6983	57114710.0	12199200
127.65144	57.75	72.6983	57114710.0	12199200
63.140495	143.75	72.6983	57114710.0	12199200
67.98879	65.0625	72.6983	57114710.0	12199200
38.223465	132.0	72.6983	57114710.0	12199200
50.992897	136.375	72.6983	57114710.0	12199200
44.63579	83.5	72.6983	57114710.0	12199200
42.85508	97.625	72.6983	57114710.0	12199200
71.18631	66.625	72.6983	57114710.0	12199200
81.50714	73.75	72.6983	57114710.0	12199200
156.18616	125.625	72.6983	57114710.0	12199200
67.43563	59.1875	72.6983	57114710.0	12199200
78.89774	58.1875	72.6983	57114710.0	12199200
132.13991	37.59375	72.6983	57114710.0	12199200
99.089386	52.0625	72.6983	57114710.0	12199200
69.0897	101.25	72.6983	57114710.0	12199200
81.580025	86.0	72.6983	57114710.0	12199200
75.68034	85.625	72.6983	57114710.0	12199200
78.43423	118.625	72.6983	57114710.0	12199200
60.116547	93.6875	72.6983	57114710.0	12199200
66.12404	85.1875	72.6983	57114710.0	12199200
92.54342	65.875	72.6983	57114710.0	12199200
156.85802	76.75	72.6983	57114710.0	12199200
159.56439	77.25	72.6983	57114710.0	12199200
106.93484	153.125	72.6983	57114710.0	12199200
53.190987	73.3125	72.6983	57114710.0	12199200
48.094826	67.4375	72.6983	57114710.0	12199200
79.772095	60.15625	72.6983	57114710.0	12199200
90.95623	105.375	72.6983	57114710.0	12199200
128.16464	109.6875	72.6983	57114710.0	12199200
66.23338	120.875	72.6983	57114710.0	12199200
155.36635	76.6875	72.6983	57114710.0	12199200
60.59254	118.25	72.6983	57114710.0	12199200
113.31687	91.875	72.6983	57114710.0	12199200
141.64941	83.375	72.6983	57114710.0	12199200
81.289185	59.25	72.6983	57114710.0	12199200
104.28583	73.625	72.6983	57114710.0	12199200
69.57003	37.0625	72.6983	57114710.0	12199200
36.639492	135.875	72.6983	57114710.0	12199200
82.81468	85.3125	72.6983	57114710.0	12199200
81.232544	76.5	72.6983	57114710.0	12199200
77.381096	41.875	72.6983	57114710.0	12199200
43.095116	145.875	72.6983	57114710.0	12199200
47.476223	92.0625	72.6983	57114710.0	12199200
60.016148	78.125	72.6983	57114710.0	12199200
73.58577	41.375	72.6983	57114710.0	12199200
114.892235	128.75	72.6983	57114710.0	12199200
48.54936	98.375	72.6983	57114710.0	12199200
46.650093	129.75	72.6983	57114710.0	12199200
90.14757	52.375	72.6983	57114710.0	12199200
95.50336	65.9375	72.6983	57114710.0	12199200
146.71103	142.125	72.6983	57114710.0	12199200
37.387157	61.125	72.6983	57114710.0	12199200
93.504715	125.0625	72.6983	57114710.0	12199200
76.49265	63.78125	72.6983	57114710.0	12199200
73.53857	63.90625	72.6983	57114710.0	12199200
144.09177	152.125	72.6983	57114710.0	12199200
80.02665	75.75	72.6983	57114710.0	12199200
27.382301	107.875	72.6983	57114710.0	12199200
56.31789	118.625	72.6983	57114710.0	12199200
110.29635	69.8125	72.6983	57114710.0	12199200
68.762024	125.0625	72.6983	57114710.0	12199200
47.287582	62.90625	72.6983	57114710.0	12199200
58.34495	107.0	72.6983	57114710.0	12199200
44.21569	87.5625	72.6983	57114710.0	12199200
50.405876	78.625	72.6983	57114710.0	12199200
41.283268	111.0625	72.6983	57114710.0	12199200
37.35515	75.125	72.6983	57114710.0	12199200
146.47223	58.0	72.6983	57114710.0	12199200
55.007175	56.71875	72.6983	57114710.0	12199200
60.142036	39.125	72.6983	57114710.0	12199200
45.94336	55.1875	72.6983	57114710.0	12199200
165.88152	107.5	72.6983	57114710.0	12199200
54.61245	73.5625	72.6983	57114710.0	12199200
70.8993	103.125	72.6983	57114710.0	12199200
57.26556	124.25	72.6983	57114710.0	12199200
150.11617	137.875	72.6983	57114710.0	12199200
136.77547	50.5	72.6983	57114710.0	12199200
59.116047	149.25	72.6983	57114710.0	12199200
51.846924	135.125	72.6983	57114710.0	12199200
78.18739	113.8125	72.6983	57114710.0	12199200
73.19495	68.1875	72.6983	57114710.0	12199200
40.64992	78.0625	72.6983	57114710.0	12199200
67.87501	121.8125	72.6983	57114710.0	12199200
61.057964	102.125	72.6983	57114710.0	12199200
53.322147	128.75	72.6983	57114710.0	12199200
87.074615	76.5625	72.6983	57114710.0	12199200
139.12184	53.46875	72.6983	57114710.0	12199200
89.94668	81.1875	72.6983	57114710.0	12199200
33.797028	72.125	72.6983	57114710.0	12199200
51.807568	105.5	72.6983	57114710.0	12199200
152.07025	74.5625	72.6983	57114710.0	12199200
95.98206	60.40625	72.6983	57114710.0	12199200
78.12367	93.75	72.6983	57114710.0	12199200
63.74046	116.75	72.6983	57114710.0	12199200
111.59643	68.3125	72.6983	57114710.0	12199200
91.36407	142.625	72.6983	57114710.0	12199200
56.011635	119.25	72.6983	57114710.0	12199200
37.06764	58.6875	72.6983	57114710.0	12199200
80.131966	47.71875	72.6983	57114710.0	12199200
26.455313	128.625	72.6983	57114710.0	12199200
164.59572	88.9375	72.6983	57114710.0	12199200
94.08454	80.5	72.6983	57114710.0	12199200
155.13174	117.9375	72.6983	57114710.0	12199200
68.18272	91.4375	72.6983	57114710.0	12199200
88.57418	53.46875	72.6983	57114710.0	12199200
67.71481	77.5625	72.6983	57114710.0	12199200
157.98969	113.5625	72.6983	57114710.0	12199200
73.388054	110.25	72.6983	57114710.0	12199200
98.92914	105.125	72.6983	57114710.0	12199200
86.21825	86.3125	72.6983	57114710.0	12199200
169.42258	142.0	72.6983	57114710.0	12199200
154.42398	73.875	72.6983	57114710.0	12199200
93.95616	130.875	72.6983	57114710.0	12199200
48.387962	108.625	72.6983	57114710.0	12199200
83.66507	95.25	72.6983	57114710.0	12199200
88.26851	99.375	72.6983	57114710.0	12199200
51.584183	112.75	72.6983	57114710.0	12199200
154.96625	64.5	72.6983	57114710.0	12199200
96.05465	68.5	72.6983	57114710.0	12199200
41.19322	86.1875	72.6983	57114710.0	12199200
160.7091	55.9375	72.6983	57114710.0	12199200
26.048052	93.6875	72.6983	57114710.0	12199200
39.421032	123.375	72.6983	57114710.0	12199200
82.42492	159.0	72.6983	57114710.0	12199200
73.01778	124.1875	72.6983	57114710.0	12199200
43.36363	90.25	72.6983	57114710.0	12199200
67.795616	45.875	72.6983	57114710.0	12199200
73.04129	59.8125	72.6983	57114710.0	12199200
110.55952	60.40625	72.6983	57114710.0	12199200
50.60091	66.625	72.6983	57114710.0	12199200
52.955776	59.1875	72.6983	57114710.0	12199200
70.458305	88.125	72.6983	57114710.0	12199200
73.8571	115.4375	72.6983	57114710.0	12199200
59.286045	60.59375	72.6983	57114710.0	12199200
29.898434	84.875	72.6983	57114710.0	12199200
49.845467	81.5	72.6983	57114710.0	12199200
110.15572	114.6875	72.6983	57114710.0	12199200
142.48633	163.5	72.6983	57114710.0	12199200
61.80055	93.625	72.6983	57114710.0	12199200
57.886654	55.65625	72.6983	57114710.0	12199200
103.96544	101.9375	72.6983	57114710.0	12199200
213.45723	82.8125	72.6983	57114710.0	12199200
144.07452	34.3125	72.6983	57114710.0	12199200
35.4239	62.15625	72.6983	57114710.0	12199200
96.41476	79.5625	72.6983	57114710.0	12199200
50.428425	123.3125	72.6983	57114710.0	12199200
48.43232	157.5	72.6983	57114710.0	12199200
50.147976	73.875	72.6983	57114710.0	12199200
46.761124	72.5625	72.6983	57114710.0	12199200
37.32455	68.5	72.6983	57114710.0	12199200
125.592636	87.4375	72.6983	57114710.0	12199200
55.210068	134.25	72.6983	57114710.0	12199200
79.65347	96.1875	72.6983	57114710.0	12199200
114.83439	66.8125	72.6983	57114710.0	12199200
66.87683	57.375	72.6983	57114710.0	12199200
52.954346	106.375	72.6983	57114710.0	12199200
52.112114	78.75	72.6983	57114710.0	12199200
50.392254	66.125	72.6983	57114710.0	12199200
107.709305	63.03125	72.6983	57114710.0	12199200
56.40035	80.25	72.6983	57114710.0	12199200
45.969067	62.875	72.6983	57114710.0	12199200
68.373955	131.25	72.6983	57114710.0	12199200
65.23045	126.0	72.6983	57114710.0	12199200
79.876724	66.375	72.6983	57114710.0	12199200
212.21707	54.59375	72.6983	57114710.0	12199200
28.936434	64.25	72.6983	57114710.0	12199200
83.289185	61.4375	72.6983	57114710.0	12199200
79.86885	74.4375	72.6983	57114710.0	12199200
68.709435	142.75	72.6983	57114710.0	12199200
115.981476	55.5625	72.6983	57114710.0	12199200
104.129555	80.4375	72.6983	57114710.0	12199200
70.38489	79.875	72.6983	57114710.0	12199200
50.29841	80.75	72.6983	57114710.0	12199200
116.87086	85.5	72.6983	57114710.0	12199200
42.553883	118.5625	72.6983	57114710.0	12199200
67.51825	77.9375	72.6983	57114710.0	12199200
23.453423	148.875	72.6983	57114710.0	12199200
65.31605	114.5625	72.6983	57114710.0	12199200
62.567947	167.375	72.6983	57114710.0	12199200
84.081314	110.5	72.6983	57114710.0	12199200
43.507587	72.125	72.6983	57114710.0	12199200
61.307632	52.875	72.6983	57114710.0	12199200
110.00265	66.5625	72.6983	57114710.0	12199200
112.91626	45.25	72.6983	57114710.0	12199200
67.0089	71.625	72.6983	57114710.0	12199200
151.73035	115.5	72.6983	57114710.0	12199200
63.206562	132.625	72.6983	57114710.0	12199200
50.30939	106.625	72.6983	57114710.0	12199200
46.175087	116.0	72.6983	57114710.0	12199200
61.887165	123.5625	72.6983	57114710.0	12199200
65.2372	53.53125	72.6983	57114710.0	12199200
66.75656	93.5	72.6983	57114710.0	12199200
60.940937	118.375	72.6983	57114710.0	12199200
48.26061	136.5	72.6983	57114710.0	12199200
61.36765	73.875	72.6983	57114710.0	12199200
146.77992	73.125	72.6983	57114710.0	12199200
48.518642	92.0625	72.6983	57114710.0	12199200
56.917294	69.0625	72.6983	57114710.0	12199200
99.52784	95.8125	72.6983	57114710.0	12199200
110.803024	126.625	72.6983	57114710.0	12199200
81.801445	108.3125	72.6983	57114710.0	12199200
159.46353	123.125	72.6983	57114710.0	12199200
76.08597	121.625	72.6983	57114710.0	12199200
116.1625	110.6875	72.6983	57114710.0	12199200
54.828686	56.53125	72.6983	57114710.0	12199200
80.511	97.75	72.6983	57114710.0	12199200
161.76566	88.875	72.6983	57114710.0	12199200
113.87684	58.6875	72.6983	57114710.0	12199200
81.04236	49.9375	72.6983	57114710.0	12199200
67.05131	45.03125	72.6983	57114710.0	12199200
67.43049	68.1875	72.6983	57114710.0	12199200
53.127514	153.625	72.6983	57114710.0	12199200
118.550186	58.0625	72.6983	57114710.0	12199200
24.285904	89.0	72.6983	57114710.0	12199200
60.586388	98.9375	72.6983	57114710.0	12199200
67.072815	104.875	72.6983	57114710.0	12199200
101.655014	63.28125	72.6983	57114710.0	12199200
50.9511	106.625	72.6983	57114710.0	12199200
89.770294	73.625	72.6983	57114710.0	12199200
54.478172	146.875	72.6983	57114710.0	12199200
75.817856	86.0625	72.6983	57114710.0	12199200
55.35282	87.6875	72.6983	57114710.0	12199200
40.490223	53.875	72.6983	57114710.0	12199200
50.15442	74.875	72.6983	57114710.0	12199200
70.57999	138.5	72.6983	57114710.0	12199200
69.23059	57.03125	72.6983	57114710.0	12199200
41.617252	111.0625	72.6983	57114710.0	12199200
109.214966	58.0625	72.6983	57114710.0	12199200
52.64034	55.15625	72.6983	57114710.0	12199200
86.24523	135.625	72.6983	57114710.0	12199200
49.752098	99.125	72.6983	57114710.0	12199200
88.22916	144.5	72.6983	57114710.0	12199200
55.130604	83.4375	72.6983	57114710.0	12199200
70.80676	69.75	72.6983	57114710.0	12199200
112.884026	53.28125	72.6983	57114710.0	12199200
109.719795	81.1875	72.6983	57114710.0	12199200
206.618	75.0	72.6983	57114710.0	12199200
49.798622	41.1875	72.6983	57114710.0	12199200
86.60765	103.5625	72.6983	57114710.0	12199200
103.44515	134.125	72.6983	57114710.0	12199200
39.602425	74.625	72.6983	57114710.0	12199200
66.56287	62.6875	72.6983	57114710.0	12199200
111.038864	91.1875	72.6983	57114710.0	12199200
50.85782	65.8125	72.6983	57114710.0	12199200
81.654594	40.375	72.6983	57114710.0	12199200
54.139904	72.3125	72.6983	57114710.0	12199200
131.82137	66.75	72.6983	57114710.0	12199200
66.975525	151.25	72.6983	57114710.0	12199200
48.26062	98.375	72.6983	57114710.0	12199200
56.477627	73.0625	72.6983	57114710.0	12199200
111.222694	40.59375	72.6983	57114710.0	12199200
57.097847	109.5625	72.6983	57114710.0	12199200
99.00801	100.8125	72.6983	57114710.0	12199200
68.50953	58.84375	72.6983	57114710.0	12199200
46.80337	113.0625	72.6983	57114710.0	12199200
56.24829	132.0	72.6983	57114710.0	12199200
80.84354	71.6875	72.6983	57114710.0	12199200
168.2247	89.0	72.6983	57114710.0	12199200
215.57048	84.625	72.6983	57114710.0	12199200
58.1211	145.125	72.6983	57114710.0	12199200
107.68775	84.9375	72.6983	57114710.0	12199200
80.19268	83.125	72.6983	57114710.0	12199200
243.6573	114.625	72.6983	57114710.0	12199200
156.95912	141.5	72.6983	57114710.0	12199200
63.748215	96.6875	72.6983	57114710.0	12199200
73.76686	86.3125	72.6983	57114710.0	12199200
98.310646	67.375	72.6983	57114710.0	12199200
112.63538	65.6875	72.6983	57114710.0	12199200
110.17407	58.90625	72.6983	57114710.0	12199200
79.77308	98.25	72.6983	57114710.0	12199200
37.620735	122.625	72.6983	57114710.0	12199200
62.786995	105.625	72.6983	57114710.0	12199200
69.80234	101.25	72.6983	57114710.0	12199200
172.5584	97.0625	72.6983	57114710.0	12199200
72.71761	71.1875	72.6983	57114710.0	12199200
75.00547	156.875	72.6983	57114710.0	12199200
141.30856	81.75	72.6983	57114710.0	12199200
84.775604	117.4375	72.6983	57114710.0	12199200
48.452362	104.5625	72.6983	57114710.0	12199200
151.146	63.71875	72.6983	57114710.0	12199200
77.54539	79.625	72.6983	57114710.0	12199200
87.74004	42.78125	72.6983	57114710.0	12199200
144.28123	52.25	72.6983	57114710.0	12199200
35.053978	65.6875	72.6983	57114710.0	12199200
44.03806	59.5	72.6983	57114710.0	12199200
70.03717	98.625	72.6983	57114710.0	12199200
58.334038	65.8125	72.6983	57114710.0	12199200
77.39938	74.0625	72.6983	57114710.0	12199200
78.13895	91.9375	72.6983	57114710.0	12199200
74.30867	120.4375	72.6983	57114710.0	12199200
55.05261	113.3125	72.6983	57114710.0	12199200
70.636856	72.1875	72.6983	57114710.0	12199200
49.2175	109.5	72.6983	57114710.0	12199200
62.95371	112.8125	72.6983	57114710.0	12199200
160.4858	109.625	72.6983	57114710.0	12199200
42.884186	127.8125	72.6983	57114710.0	12199200
73.845276	81.375	72.6983	57114710.0	12199200
72.403694	66.9375	72.6983	57114710.0	12199200
56.029045	73.5625	72.6983	57114710.0	12199200
55.764576	58.875	72.6983	57114710.0	12199200
88.918755	123.6875	72.6983	57114710.0	12199200
55.54789	91.125	72.6983	57114710.0	12199200
139.06328	59.5	72.6983	57114710.0	12199200
56.43121	81.6875	72.6983	57114710.0	12199200
84.23646	78.1875	72.6983	57114710.0	12199200
90.753586	36.96875	72.6983	57114710.0	12199200
143.55396	66.1875	72.6983	57114710.0	12199200
75.157425	98.5625	72.6983	57114710.0	12199200
42.85409	36.84375	72.6983	57114710.0	12199200
74.41737	73.875	72.6983	57114710.0	12199200
170.36617	98.625	72.6983	57114710.0	12199200
50.320675	115.375	72.6983	57114710.0	12199200
48.41249	45.09375	72.6983	57114710.0	12199200
46.9356	82.875	72.6983	57114710.0	12199200
57.97209	120.75	72.6983	57114710.0	12199200
33.951096	96.3125	72.6983	57114710.0	12199200
52.811596	52.375	72.6983	57114710.0	12199200
80.40441	122.75	72.6983	57114710.0	12199200
127.32265	58.03125	72.6983	57114710.0	12199200
128.1842	107.875	72.6983	57114710.0	12199200
65.30496	144.375	72.6983	57114710.0	12199200
102.280876	55.0625	72.6983	57114710.0	12199200
50.3213	92.4375	72.6983	57114710.0	12199200
63.891495	153.875	72.6983	57114710.0	12199200
141.58916	87.5	72.6983	57114710.0	12199200
113.85652	148.375	72.6983	57114710.0	12199200
74.27291	87.5	72.6983	57114710.0	12199200
89.94295	146.0	72.6983	57114710.0	12199200
104.300766	106.6875	72.6983	57114710.0	12199200
69.683105	198.125	72.6983	57114710.0	12199200
30.693127	105.1875	72.6983	57114710.0	12199200
70.75311	163.25	72.6983	57114710.0	12199200
77.32622	137.75	72.6983	57114710.0	12199200
179.05704	115.25	72.6983	57114710.0	12199200
71.01554	71.875	72.6983	57114710.0	12199200
100.68662	119.6875	72.6983	57114710.0	12199200
57.01985	107.375	72.6983	57114710.0	12199200
62.786247	153.625	72.6983	57114710.0	12199200
47.76502	108.375	72.6983	57114710.0	12199200
83.010124	110.75	72.6983	57114710.0	12199200
159.77254	56.25	72.6983	57114710.0	12199200
109.41586	76.25	72.6983	57114710.0	12199200
51.762188	74.5625	72.6983	57114710.0	12199200
178.80548	100.375	72.6983	57114710.0	12199200
174.3746	53.0	72.6983	57114710.0	12199200
163.11758	72.25	72.6983	57114710.0	12199200
134.30959	58.625	72.6983	57114710.0	12199200
122.32315	40.0	72.6983	57114710.0	12199200
83.02993	132.625	72.6983	57114710.0	12199200
33.547497	131.375	72.6983	57114710.0	12199200
82.32001	60.34375	72.6983	57114710.0	12199200
61.48117	58.6875	72.6983	57114710.0	12199200
104.60432	72.5	72.6983	57114710.0	12199200
58.55245	66.5625	72.6983	57114710.0	12199200
57.322018	143.625	72.6983	57114710.0	12199200
80.510185	90.1875	72.6983	57114710.0	12199200
58.570793	55.375	72.6983	57114710.0	12199200
69.13784	44.125	72.6983	57114710.0	12199200
54.377842	124.625	72.6983	57114710.0	12199200
23.77186	61.75	72.6983	57114710.0	12199200
48.815224	93.375	72.6983	57114710.0	12199200
83.501854	42.90625	72.6983	57114710.0	12199200
102.49997	58.375	72.6983	57114710.0	12199200
75.27417	68.375	72.6983	57114710.0	12199200
72.351814	62.71875	72.6983	57114710.0	12199200
67.53014	103.3125	72.6983	57114710.0	12199200
93.166985	141.875	72.6983	57114710.0	12199200
82.134766	130.5	72.6983	57114710.0	12199200
153.52588	71.75	72.6983	57114710.0	12199200
74.17629	122.3125	72.6983	57114710.0	12199200
70.01996	62.8125	72.6983	57114710.0	12199200
40.84335	142.125	72.6983	57114710.0	12199200
52.180977	133.625	72.6983	57114710.0	12199200
129.90923	71.875	72.6983	57114710.0	12199200
79.772316	100.8125	72.6983	57114710.0	12199200
87.9003	151.125	72.6983	57114710.0	12199200
63.36209	77.1875	72.6983	57114710.0	12199200
112.74223	71.8125	72.6983	57114710.0	12199200
56.389065	156.5	72.6983	57114710.0	12199200
63.556725	59.21875	72.6983	57114710.0	12199200
77.92982	146.5	72.6983	57114710.0	12199200
44.50084	72.5625	72.6983	57114710.0	12199200
35.361702	132.25	72.6983	57114710.0	12199200
46.5513	65.75	72.6983	57114710.0	12199200
76.83489	56.53125	72.6983	57114710.0	12199200
134.23003	127.4375	72.6983	57114710.0	12199200
53.321877	57.84375	72.6983	57114710.0	12199200
98.287415	102.375	72.6983	57114710.0	12199200
45.061638	71.625	72.6983	57114710.0	12199200
62.62641	78.375	72.6983	57114710.0	12199200
55.89172	133.875	72.6983	57114710.0	12199200
122.252655	91.875	72.6983	57114710.0	12199200
52.68384	70.0	72.6983	57114710.0	12199200
72.130356	137.875	72.6983	57114710.0	12199200
95.0842	114.875	72.6983	57114710.0	12199200
97.59421	123.0625	72.6983	57114710.0	12199200
89.38858	113.6875	-72.6983	57114710.0	12199200
32.525387	141.5	72.6983	57114710.0	12199200
74.96463	98.9375	72.6983	57114710.0	12199200
52.445328	71.4375	72.6983	57114710.0	12199200
62.970356	74.1875	72.6983	57114710.0	12199200
69.346886	127.5625	72.6983	57114710.0	12199200
150.87718	99.625	72.6983	57114710.0	12199200
54.473316	102.875	72.6983	57114710.0	12199200
94.57378	101.8125	72.6983	57114710.0	12199200
165.65096	83.875	72.6983	57114710.0	12199200
110.01671	136.0	72.6983	57114710.0	12199200
103.92947	132.875	72.6983	57114710.0	12199200
54.10202	81.0	72.6983	57114710.0	12199200
47.67654	81.8125	72.6983	57114710.0	12199200
65.43204	81.25	72.6983	57114710.0	12199200
100.3786	82.125	72.6983	57114710.0	12199200
111.95692	74.625	72.6983	57114710.0	12199200
63.599728	97.125	72.6983	57114710.0	12199200
52.342327	68.9375	72.6983	57114710.0	12199200
53.466564	90.625	72.6983	57114710.0	12199200
47.712414	78.75	72.6983	57114710.0	12199200
37.031075	122.75	72.6983	57114710.0	12199200
98.49118	57.90625	72.6983	57114710.0	12199200
50.48895	99.375	72.6983	57114710.0	12199200
62.153595	144.5	72.6983	57114710.0	12199200
45.463604	100.25	72.6983	57114710.0	12199200
74.54811	112.9375	72.6983	57114710.0	12199200
71.88043	96.0	72.6983	57114710.0	12199200
176.52672	103.25	72.6983	57114710.0	12199200
123.724655	90.625	72.6983	57114710.0	12199200
101.705414	97.125	72.6983	57114710.0	12199200
75.382744	82.1875	72.6983	57114710.0	12199200
170.64749	186.875	72.6983	57114710.0	12199200
78.74196	107.8125	72.6983	57114710.0	12199200
88.423	112.4375	72.6983	57114710.0	12199200
31.025833	120.5625	72.6983	57114710.0	12199200
74.15327	64.9375	72.6983	57114710.0	12199200
58.484394	120.625	72.6983	57114710.0	12199200
53.505363	121.625	72.6983	57114710.0	12199200
115.34586	84.25	72.6983	57114710.0	12199200
60.20365	55.9375	72.6983	57114710.0	12199200
177.5482	62.40625	72.6983	57114710.0	12199200
51.60121	41.96875	72.6983	57114710.0	12199200
41.620586	97.5625	72.6983	57114710.0	12199200
71.115395	94.0	72.6983	57114710.0	12199200
40.058723	126.3125	72.6983	57114710.0	12199200
50.508343	131.375	72.6983	57114710.0	12199200
101.65933	67.5	72.6983	57114710.0	12199200
53.11074	137.375	72.6983	57114710.0	12199200
103.33061	43.84375	72.6983	57114710.0	12199200
63.965546	64.125	72.6983	57114710.0	12199200
25.328508	150.5	72.6983	57114710.0	12199200
41.722576	91.25	72.6983	57114710.0	12199200
76.31819	88.1875	72.6983	57114710.0	12199200
58.23022	45.5	72.6983	57114710.0	12199200
113.23853	67.8125	72.6983	57114710.0	12199200
62.57821	46.15625	72.6983	57114710.0	12199200
71.22568	74.875	72.6983	57114710.0	12199200
40.31228	135.125	72.6983	57114710.0	12199200
100.29801	67.6875	72.6983	57114710.0	12199200
68.92926	79.3125	72.6983	57114710.0	12199200
58.45791	87.6875	72.6983	57114710.0	12199200
159.67471	83.9375	72.6983	57114710.0	12199200
157.17647	57.03125	72.6983	57114710.0	12199200
115.253006	91.5	72.6983	57114710.0	12199200
37.88704	150.875	72.6983	57114710.0	12199200
41.387337	69.25	72.6983	57114710.0	12199200
67.468925	77.5	72.6983	57114710.0	12199200
49.406418	100.0625	72.6983	57114710.0	12199200
69.900024	124.9375	72.6983	57114710.0	12199200
169.80109	96.5	72.6983	57114710.0	12199200
61.493164	148.25	72.6983	57114710.0	12199200
99.580414	66.4375	72.6983	57114710.0	12199200
73.86536	67.125	72.6983	57114710.0	12199200
113.903076	76.375	72.6983	57114710.0	12199200
231.58295	84.8125	72.6983	57114710.0	12199200
50.532578	69.5625	72.6983	57114710.0	12199200
80.49703	120.6875	72.6983	57114710.0	12199200
48.63254	119.6875	72.6983	57114710.0	12199200
90.32104	86.5	72.6983	57114710.0	12199200
75.76115	57.0625	72.6983	57114710.0	12199200
83.74863	73.0	72.6983	57114710.0	12199200
110.8995	63.75	72.6983	57114710.0	12199200
124.047424	97.375	72.6983	57114710.0	12199200
34.73013	78.0	72.6983	57114710.0	12199200
76.1405	61.5	72.6983	57114710.0	12199200
54.048286	63.9375	72.6983	57114710.0	12199200
150.30528	129.25	72.6983	57114710.0	12199200
94.28084	84.875	72.6983	57114710.0	12199200
69.3889	93.5	72.6983	57114710.0	12199200
49.64548	127.625	72.6983	57114710.0	12199200
127.76425	52.0625	72.6983	57114710.0	12199200
82.53444	51.6875	72.6983	57114710.0	12199200
140.23647	99.6875	72.6983	57114710.0	12199200
81.57092	55.125	72.6983	57114710.0	12199200
177.24391	61.0625	72.6983	57114710.0	12199200
58.842026	84.25	72.6983	57114710.0	12199200
101.43686	75.5625	72.6983	57114710.0	12199200
36.16322	87.625	72.6983	57114710.0	12199200
77.4809	69.75	72.6983	57114710.0	12199200
36.79708	117.5625	72.6983	57114710.0	12199200
61.96263	138.125	72.6983	57114710.0	12199200
102.3852	64.75	72.6983	57114710.0	12199200
77.719505	83.375	72.6983	57114710.0	12199200
134.20567	115.25	72.6983	57114710.0	12199200
65.34108	84.8125	72.6983	57114710.0	12199200
37.71711	146.375	72.6983	57114710.0	12199200
103.687004	122.0	72.6983	57114710.0	12199200
45.143337	74.375	72.6983	57114710.0	12199200
166.21515	57.4375	72.6983	57114710.0	12199200
65.63539	62.34375	72.6983	57114710.0	12199200
86.17314	101.25	72.6983	57114710.0	12199200
23.407482	54.375	72.6983	57114710.0	12199200
42.830143	94.6875	72.6983	57114710.0	12199200
138.81325	146.625	72.6983	57114710.0	12199200
47.075497	95.5	72.6983	57114710.0	12199200
66.968994	71.8125	72.6983	57114710.0	12199200
35.842865	85.75	72.6983	57114710.0	12199200
52.180958	89.375	72.6983	57114710.0	12199200
110.211685	147.125	72.6983	57114710.0	12199200
96.624565	61.8125	72.6983	57114710.0	12199200
133.83897	96.5	72.6983	57114710.0	12199200
96.22624	85.625	72.6983	57114710.0	12199200
29.423862	98.0	72.6983	57114710.0	12199200
37.627922	109.3125	72.6983	57114710.0	12199200
57.099632	143.125	72.6983	57114710.0	12199200
50.242725	163.125	72.6983	57114710.0	12199200
37.3467	55.40625	72.6983	57114710.0	12199200
52.168724	112.8125	72.6983	57114710.0	12199200
51.457893	131.0	72.6983	57114710.0	12199200
134.49734	63.4375	72.6983	57114710.0	12199200
110.498825	100.9375	72.6983	57114710.0	12199200
37.848785	87.3125	72.6983	57114710.0	12199200
48.920944	61.15625	72.6983	57114710.0	12199200
54.47015	162.125	72.6983	57114710.0	12199200
90.614075	80.3125	72.6983	57114710.0	12199200
127.43427	47.4375	72.6983	57114710.0	12199200
62.470528	86.4375	72.6983	57114710.0	12199200
60.949913	111.9375	72.6983	57114710.0	12199200
73.01037	54.84375	72.6983	57114710.0	12199200
54.633167	100.8125	72.6983	57114710.0	12199200
85.355934	76.5625	72.6983	57114710.0	12199200
103.73721	77.125	72.6983	57114710.0	12199200
84.21382	123.1875	72.6983	57114710.0	12199200
59.872322	78.8125	72.6983	57114710.0	12199200
62.56846	87.6875	72.6983	57114710.0	12199200
77.75525	158.375	72.6983	57114710.0	12199200
53.29776	77.1875	72.6983	57114710.0	12199200
52.361824	151.875	72.6983	57114710.0	12199200
54.732887	77.625	72.6983	57114710.0	12199200
108.83274	148.0	72.6983	57114710.0	12199200
64.3688	116.8125	72.6983	57114710.0	12199200
61.926052	108.125	72.6983	57114710.0	12199200
75.26778	139.875	72.6983	57114710.0	12199200
81.9932	139.375	72.6983	57114710.0	12199200
46.22793	66.5	72.6983	57114710.0	12199200
66.66536	67.3125	72.6983	57114710.0	12199200
59.901417	33.8125	72.6983	57114710.0	12199200
68.724976	58.1875	72.6983	57114710.0	12199200
65.14425	52.0625	72.6983	57114710.0	12199200
51.747505	91.5625	72.6983	57114710.0	12199200
70.6515	130.75	72.6983	57114710.0	12199200
57.793434	75.1875	72.6983	57114710.0	12199200
93.82694	67.375	72.6983	57114710.0	12199200
61.456764	84.8125	72.6983	57114710.0	12199200
31.202799	89.3125	72.6983	57114710.0	12199200
55.880077	122.375	72.6983	57114710.0	12199200
147.07622	108.625	72.6983	57114710.0	12199200
45.648357	75.5	72.6983	57114710.0	12199200
90.92683	67.125	72.6983	57114710.0	12199200
81.62435	107.5625	72.6983	57114710.0	12199200
44.310555	64.3125	72.6983	57114710.0	12199200
51.618538	41.21875	72.6983	57114710.0	12199200
86.902405	73.125	72.6983	57114710.0	12199200
66.240036	80.75	72.6983	57114710.0	12199200
62.256924	152.25	72.6983	57114710.0	12199200
58.111065	124.25	72.6983	57114710.0	12199200
113.86945	59.40625	72.6983	57114710.0	12199200
55.821175	93.1875	72.6983	57114710.0	12199200
50.524414	123.1875	72.6983	57114710.0	12199200
43.89785	74.5	72.6983	57114710.0	12199200
98.576645	75.375	72.6983	57114710.0	12199200
88.729164	37.8125	72.6983	57114710.0	12199200
77.71854	97.625	72.6983	57114710.0	12199200
80.51293	87.9375	72.6983	57114710.0	12199200
94.23052	68.5625	72.6983	57114710.0	12199200
218.9649	63.125	72.6983	57114710.0	12199200
70.79283	65.5	72.6983	57114710.0	12199200
64.587944	48.9375	72.6983	57114710.0	12199200
56.845985	145.5	72.6983	57114710.0	12199200
41.569004	77.5	72.6983	57114710.0	12199200
108.36285	70.75	72.6983	57114710.0	12199200
44.495346	115.125	72.6983	57114710.0	12199200
80.4091	79.5625	72.6983	57114710.0	12199200
122.89582	40.375	72.6983	57114710.0	12199200
96.17939	85.75	72.6983	57114710.0	12199200
135.17963	71.1875	72.6983	57114710.0	12199200
55.97901	131.25	72.6983	57114710.0	12199200
81.01625	56.78125	72.6983	57114710.0	12199200
54.942074	65.0625	72.6983	57114710.0	12199200
45.410778	80.75	72.6983	57114710.0	12199200
81.52045	145.625	72.6983	57114710.0	12199200
107.61234	126.0625	72.6983	57114710.0	12199200
67.263504	55.15625	72.6983	57114710.0	12199200
75.06588	87.1875	72.6983	57114710.0	12199200
171.39368	64.9375	72.6983	57114710.0	12199200
64.570076	102.25	72.6983	57114710.0	12199200
67.134735	42.0	72.6983	57114710.0	12199200
59.48367	71.6875	72.6983	57114710.0	12199200
43.23175	77.6875	72.6983	57114710.0	12199200
60.156925	78.3125	72.6983	57114710.0	12199200
88.15927	78.75	72.6983	57114710.0	12199200
60.08499	61.0625	72.6983	57114710.0	12199200
46.180244	60.5625	72.6983	57114710.0	12199200
36.165676	39.15625	72.6983	57114710.0	12199200
51.29197	110.5	72.6983	57114710.0	12199200
183.02887	135.375	72.6983	57114710.0	12199200
