lep_pt	AK8_pt	H_t	AK4_pt	t32	Msd	genWeights	sumWeight	N_exp
56.85975	277.5	101.625	101.625	0.65075153	96.1875	8.513033	7308641.0	1213296
179.13783	459.25	135.75	71.5625	0.62245697	165.375	8.513033	7308641.0	1213296
132.00795	736.0	63.375	63.375	0.65799034	57.25	-8.513033	7308641.0	1213296
92.14578	360.0	101.125	101.125	0.73617405	134.5	8.513033	7308641.0	1213296
246.80258	398.75	71.0625	71.0625	0.7172414	139.375	8.513033	7308641.0	1213296
51.390686	234.0	85.03125	43.53125	0.6979757	124.9375	8.513033	7308641.0	1213296
203.0445	208.25	137.25	137.25	0.63295615	41.0	8.513033	7308641.0	1213296
162.06332	336.25	150.25	150.25	0.80703014	145.0	8.513033	7308641.0	1213296
205.79195	376.25	63.6875	63.6875	0.5456608	156.0	8.513033	7308641.0	1213296
238.96219	486.25	181.875	181.875	0.6950904	169.0	8.513033	7308641.0	1213296
163.61734	249.0	82.125	82.125	0.8727185	88.5	8.513033	7308641.0	1213296
340.16238	444.75	157.5	157.5	0.26457164	170.75	8.513033	7308641.0	1213296
129.48387	316.25	111.1875	111.1875	0.8346253	125.125	8.513033	7308641.0	1213296
234.90184	247.25	70.25	70.25	0.58349514	114.9375	8.513033	7308641.0	1213296
475.09277	453.0	110.3125	74.5	0.70756173	124.5	8.513033	7308641.0	1213296
233.22154	369.5	108.90625	82.625	0.60301036	121.125	8.513033	7308641.0	1213296
