lep_pt	AK4_pt	genWeights	sumWeight	N_exp
73.68055	74.25	1.0	954000.0	306360
76.12	91.5	1.0	954000.0	306360
117.09148	119.125	1.0	954000.0	306360
59.691246	73.4375	1.0	954000.0	306360
55.329025	36.9375	1.0	954000.0	306360
79.49826	119.5	1.0	954000.0	306360
73.32795	91.1875	1.0	954000.0	306360
79.39183	119.625	1.0	954000.0	306360
77.6487	56.34375	1.0	954000.0	306360
158.17227	197.5	1.0	954000.0	306360
54.618473	96.75	1.0	954000.0	306360
98.10027	66.6875	1.0	954000.0	306360
108.24682	138.25	1.0	954000.0	306360
89.66652	148.0	1.0	954000.0	306360
47.476112	140.25	1.0	954000.0	306360
76.70696	130.875	1.0	954000.0	306360
45.715252	62.21875	1.0	954000.0	306360
41.44265	122.8125	1.0	954000.0	306360
56.045567	117.5	1.0	954000.0	306360
109.8324	81.0	1.0	954000.0	306360
89.53281	81.6875	1.0	954000.0	306360
69.79277	38.34375	1.0	954000.0	306360
57.091755	154.25	1.0	954000.0	306360
115.49823	102.9375	1.0	954000.0	306360
49.52666	88.1875	1.0	954000.0	306360
72.06522	54.25	1.0	954000.0	306360
65.94361	77.125	1.0	954000.0	306360
77.18646	90.375	1.0	954000.0	306360
70.97173	134.125	1.0	954000.0	306360
50.25692	78.9375	1.0	954000.0	306360
109.5557	107.1875	1.0	954000.0	306360
38.490612	136.25	1.0	954000.0	306360
54.678337	116.1875	1.0	954000.0	306360
43.40525	72.6875	1.0	954000.0	306360
83.24889	89.875	1.0	954000.0	306360
110.50337	53.5625	1.0	954000.0	306360
108.10515	135.0	1.0	954000.0	306360
58.95421	118.125	1.0	954000.0	306360
64.29958	103.25	1.0	954000.0	306360
98.92018	109.5	1.0	954000.0	306360
72.00261	132.0	1.0	954000.0	306360
109.73471	79.0	1.0	954000.0	306360
63.295216	129.75	1.0	954000.0	306360
166.02603	89.375	1.0	954000.0	306360
164.51718	121.4375	1.0	954000.0	306360
28.22405	119.0	1.0	954000.0	306360
158.89993	70.5625	1.0	954000.0	306360
84.21796	91.9375	1.0	954000.0	306360
47.04648	55.15625	1.0	954000.0	306360
55.68245	90.125	1.0	954000.0	306360
37.332897	57.84375	1.0	954000.0	306360
172.0609	153.875	1.0	954000.0	306360
65.41083	119.8125	1.0	954000.0	306360
24.387865	131.75	1.0	954000.0	306360
48.06084	74.0	1.0	954000.0	306360
84.670944	126.25	1.0	954000.0	306360
71.75057	127.0625	1.0	954000.0	306360
37.285393	116.625	1.0	954000.0	306360
63.30452	105.4375	1.0	954000.0	306360
170.70924	115.5	1.0	954000.0	306360
124.01359	153.25	1.0	954000.0	306360
59.596153	124.0625	1.0	954000.0	306360
61.656857	140.875	1.0	954000.0	306360
82.07095	33.90625	1.0	954000.0	306360
126.72491	140.125	1.0	954000.0	306360
70.54107	49.84375	1.0	954000.0	306360
72.31586	85.5625	1.0	954000.0	306360
90.08745	109.3125	1.0	954000.0	306360
71.296684	126.375	1.0	954000.0	306360
77.15892	82.4375	1.0	954000.0	306360
141.88164	124.375	1.0	954000.0	306360
49.22848	149.625	1.0	954000.0	306360
68.298035	100.1875	1.0	954000.0	306360
54.353973	82.0	1.0	954000.0	306360
137.55737	84.6875	1.0	954000.0	306360
86.839195	132.25	1.0	954000.0	306360
112.07005	60.4375	1.0	954000.0	306360
54.104893	131.875	1.0	954000.0	306360
39.668037	85.125	1.0	954000.0	306360
58.368046	98.5	1.0	954000.0	306360
40.352314	68.5	1.0	954000.0	306360
81.07686	63.84375	1.0	954000.0	306360
58.704655	128.375	1.0	954000.0	306360
42.089554	87.625	1.0	954000.0	306360
41.611794	82.6875	1.0	954000.0	306360
38.393513	143.0	1.0	954000.0	306360
43.337406	68.875	1.0	954000.0	306360
111.20538	136.75	1.0	954000.0	306360
103.5619	78.875	1.0	954000.0	306360
56.106575	92.1875	1.0	954000.0	306360
94.69516	76.75	1.0	954000.0	306360
42.527893	114.0	1.0	954000.0	306360
31.575422	115.9375	1.0	954000.0	306360
39.305107	114.3125	1.0	954000.0	306360
129.74188	87.5625	1.0	954000.0	306360
81.1834	90.9375	1.0	954000.0	306360
82.33612	82.1875	1.0	954000.0	306360
60.437084	133.375	1.0	954000.0	306360
124.402466	104.0	1.0	954000.0	306360
71.76147	70.25	1.0	954000.0	306360
118.08621	120.8125	1.0	954000.0	306360
98.96329	91.0	1.0	954000.0	306360
156.39835	124.0625	1.0	954000.0	306360
59.1845	95.6875	1.0	954000.0	306360
51.37484	71.375	1.0	954000.0	306360
117.32733	69.25	1.0	954000.0	306360
40.570255	42.8125	1.0	954000.0	306360
46.775665	87.6875	1.0	954000.0	306360
71.03604	43.9375	1.0	954000.0	306360
46.184296	144.75	1.0	954000.0	306360
70.80242	48.0625	1.0	954000.0	306360
113.553246	81.125	1.0	954000.0	306360
76.961914	108.5625	1.0	954000.0	306360
56.293537	56.21875	1.0	954000.0	306360
81.96837	79.0	1.0	954000.0	306360
107.03911	58.5625	1.0	954000.0	306360
28.657005	139.25	1.0	954000.0	306360
33.710472	82.875	1.0	954000.0	306360
36.468956	105.8125	1.0	954000.0	306360
68.87692	89.25	1.0	954000.0	306360
60.83185	72.1875	1.0	954000.0	306360
73.44997	87.5625	1.0	954000.0	306360
60.69841	71.0	1.0	954000.0	306360
71.11124	123.0625	1.0	954000.0	306360
45.63372	100.875	1.0	954000.0	306360
163.83128	143.5	1.0	954000.0	306360
52.460835	73.75	1.0	954000.0	306360
57.104717	88.5	1.0	954000.0	306360
87.091805	104.125	1.0	954000.0	306360
59.27496	107.625	1.0	954000.0	306360
121.86905	69.5	1.0	954000.0	306360
132.79788	76.375	1.0	954000.0	306360
57.834167	77.75	1.0	954000.0	306360
32.973225	48.4375	1.0	954000.0	306360
146.30765	53.8125	1.0	954000.0	306360
121.80857	32.46875	1.0	954000.0	306360
47.754353	55.90625	1.0	954000.0	306360
57.06347	107.6875	1.0	954000.0	306360
102.178696	114.3125	1.0	954000.0	306360
49.594337	98.9375	1.0	954000.0	306360
95.048195	71.6875	1.0	954000.0	306360
77.89834	34.59375	1.0	954000.0	306360
39.43315	57.875	1.0	954000.0	306360
36.411022	75.375	1.0	954000.0	306360
58.519955	124.9375	1.0	954000.0	306360
75.99239	68.4375	1.0	954000.0	306360
49.151848	108.0	1.0	954000.0	306360
52.284103	38.125	1.0	954000.0	306360
76.35593	73.9375	1.0	954000.0	306360
33.56627	79.625	1.0	954000.0	306360
197.7156	153.625	1.0	954000.0	306360
47.51769	35.4375	1.0	954000.0	306360
86.168686	143.25	1.0	954000.0	306360
122.9536	105.6875	1.0	954000.0	306360
55.34177	72.8125	1.0	954000.0	306360
44.55506	123.0	1.0	954000.0	306360
59.811237	70.875	1.0	954000.0	306360
69.75394	88.3125	1.0	954000.0	306360
38.944	64.5	1.0	954000.0	306360
83.82703	77.25	1.0	954000.0	306360
61.49313	176.5	1.0	954000.0	306360
47.092094	97.4375	1.0	954000.0	306360
63.21237	84.3125	1.0	954000.0	306360
72.56658	90.625	1.0	954000.0	306360
91.70586	120.9375	1.0	954000.0	306360
68.51689	108.5625	1.0	954000.0	306360
101.86314	111.0625	1.0	954000.0	306360
202.41992	155.75	1.0	954000.0	306360
61.69581	115.6875	1.0	954000.0	306360
49.19841	73.0	1.0	954000.0	306360
89.84069	118.5	1.0	954000.0	306360
44.46069	154.75	1.0	954000.0	306360
38.632717	131.875	1.0	954000.0	306360
50.551605	90.1875	1.0	954000.0	306360
65.83603	44.4375	1.0	954000.0	306360
67.41183	111.3125	1.0	954000.0	306360
43.04649	71.25	1.0	954000.0	306360
43.69941	83.6875	1.0	954000.0	306360
129.54277	104.375	1.0	954000.0	306360
80.955215	78.125	1.0	954000.0	306360
88.318115	91.125	1.0	954000.0	306360
74.852745	58.3125	1.0	954000.0	306360
114.44088	68.8125	1.0	954000.0	306360
45.16171	97.6875	1.0	954000.0	306360
76.84134	57.3125	1.0	954000.0	306360
58.855797	39.90625	1.0	954000.0	306360
72.97363	112.25	1.0	954000.0	306360
98.882256	124.75	1.0	954000.0	306360
55.06422	151.5	1.0	954000.0	306360
49.989323	78.25	1.0	954000.0	306360
44.079582	116.375	1.0	954000.0	306360
65.95014	88.375	1.0	954000.0	306360
172.6997	64.375	1.0	954000.0	306360
44.213047	159.0	1.0	954000.0	306360
70.96182	102.5	1.0	954000.0	306360
98.68967	59.21875	1.0	954000.0	306360
43.470345	88.6875	1.0	954000.0	306360
60.11778	93.3125	1.0	954000.0	306360
98.36333	63.96875	1.0	954000.0	306360
156.94743	68.9375	1.0	954000.0	306360
74.50395	99.3125	1.0	954000.0	306360
64.23336	56.15625	1.0	954000.0	306360
79.68946	88.125	1.0	954000.0	306360
54.892857	91.6875	1.0	954000.0	306360
198.95575	150.125	1.0	954000.0	306360
48.455044	68.1875	1.0	954000.0	306360
45.00911	132.5	1.0	954000.0	306360
56.194996	114.875	1.0	954000.0	306360
54.513073	117.0625	1.0	954000.0	306360
38.258896	61.28125	1.0	954000.0	306360
110.5485	117.0	1.0	954000.0	306360
46.335724	40.375	1.0	954000.0	306360
114.01475	57.75	1.0	954000.0	306360
62.390972	64.75	1.0	954000.0	306360
57.198116	90.6875	1.0	954000.0	306360
89.38895	120.875	1.0	954000.0	306360
38.802418	135.5	1.0	954000.0	306360
39.243202	164.625	1.0	954000.0	306360
93.92023	69.75	1.0	954000.0	306360
57.454327	138.25	1.0	954000.0	306360
66.05671	75.25	1.0	954000.0	306360
47.66507	68.875	1.0	954000.0	306360
72.81588	64.75	1.0	954000.0	306360
74.4526	148.625	1.0	954000.0	306360
57.584274	83.6875	1.0	954000.0	306360
112.4631	88.0	1.0	954000.0	306360
65.854225	126.0625	1.0	954000.0	306360
60.274033	46.625	1.0	954000.0	306360
52.59994	103.375	1.0	954000.0	306360
97.15701	63.65625	1.0	954000.0	306360
115.84335	88.8125	1.0	954000.0	306360
78.03544	45.46875	1.0	954000.0	306360
78.54921	159.25	1.0	954000.0	306360
61.607716	54.6875	1.0	954000.0	306360
78.44999	60.6875	1.0	954000.0	306360
74.27255	76.125	1.0	954000.0	306360
74.725975	37.375	1.0	954000.0	306360
52.72475	63.65625	1.0	954000.0	306360
83.069885	91.0	1.0	954000.0	306360
30.543112	88.625	1.0	954000.0	306360
46.358795	126.375	1.0	954000.0	306360
62.825665	93.0625	1.0	954000.0	306360
76.08175	140.875	1.0	954000.0	306360
50.145466	68.6875	1.0	954000.0	306360
49.35451	138.0	1.0	954000.0	306360
44.380684	56.125	1.0	954000.0	306360
32.127445	66.375	1.0	954000.0	306360
82.26953	65.0	1.0	954000.0	306360
64.63269	162.625	1.0	954000.0	306360
166.03848	57.34375	1.0	954000.0	306360
78.7172	99.125	1.0	954000.0	306360
104.12883	116.4375	1.0	954000.0	306360
100.315895	62.6875	1.0	954000.0	306360
35.22217	74.4375	1.0	954000.0	306360
72.78395	84.0625	1.0	954000.0	306360
92.09134	103.375	1.0	954000.0	306360
48.655216	142.25	1.0	954000.0	306360
83.71555	117.4375	1.0	954000.0	306360
66.092514	131.25	1.0	954000.0	306360
64.05209	51.3125	1.0	954000.0	306360
78.225235	93.5625	1.0	954000.0	306360
28.362347	92.4375	1.0	954000.0	306360
84.75255	78.0625	1.0	954000.0	306360
67.54586	112.1875	1.0	954000.0	306360
96.07675	84.75	1.0	954000.0	306360
67.12723	91.5625	1.0	954000.0	306360
61.15388	108.5625	1.0	954000.0	306360
178.67625	112.5	1.0	954000.0	306360
49.90761	81.4375	1.0	954000.0	306360
62.93431	108.25	1.0	954000.0	306360
58.51021	107.125	1.0	954000.0	306360
108.058846	70.8125	1.0	954000.0	306360
34.86093	71.0625	1.0	954000.0	306360
48.266804	64.125	1.0	954000.0	306360
49.74448	145.0	1.0	954000.0	306360
80.40906	107.375	1.0	954000.0	306360
85.200005	101.5625	1.0	954000.0	306360
106.86902	40.5	1.0	954000.0	306360
44.04742	123.25	1.0	954000.0	306360
76.14582	84.9375	1.0	954000.0	306360
91.19596	121.1875	1.0	954000.0	306360
105.731964	71.9375	1.0	954000.0	306360
75.1367	109.25	1.0	954000.0	306360
48.69163	85.0625	1.0	954000.0	306360
63.28518	152.375	1.0	954000.0	306360
57.58441	94.875	1.0	954000.0	306360
30.24559	200.0	1.0	954000.0	306360
44.52793	121.5	1.0	954000.0	306360
108.529335	99.3125	1.0	954000.0	306360
46.412003	158.625	1.0	954000.0	306360
68.39533	66.0625	1.0	954000.0	306360
75.72616	76.3125	1.0	954000.0	306360
107.632	79.0	1.0	954000.0	306360
105.18034	136.25	1.0	954000.0	306360
158.33804	49.09375	1.0	954000.0	306360
74.20473	71.375	1.0	954000.0	306360
50.87106	88.5	1.0	954000.0	306360
158.9741	112.0625	1.0	954000.0	306360
114.760666	88.25	1.0	954000.0	306360
144.4964	108.9375	1.0	954000.0	306360
158.27129	71.25	1.0	954000.0	306360
76.7736	80.5625	1.0	954000.0	306360
75.820465	142.875	1.0	954000.0	306360
128.33966	124.375	1.0	954000.0	306360
67.88945	115.3125	1.0	954000.0	306360
48.321846	61.6875	1.0	954000.0	306360
50.97846	112.0	1.0	954000.0	306360
106.27098	80.0625	1.0	954000.0	306360
32.217995	55.4375	1.0	954000.0	306360
111.27443	90.875	1.0	954000.0	306360
72.85831	77.9375	1.0	954000.0	306360
157.73882	73.625	1.0	954000.0	306360
61.943283	114.875	1.0	954000.0	306360
71.45793	64.8125	1.0	954000.0	306360
112.548584	85.0625	1.0	954000.0	306360
87.075066	95.375	1.0	954000.0	306360
97.00436	155.375	1.0	954000.0	306360
72.26816	89.375	1.0	954000.0	306360
21.434587	126.875	1.0	954000.0	306360
63.647335	92.1875	1.0	954000.0	306360
53.260265	98.5	1.0	954000.0	306360
117.1065	110.25	1.0	954000.0	306360
51.699604	90.125	1.0	954000.0	306360
52.51812	86.25	1.0	954000.0	306360
57.488567	61.4375	1.0	954000.0	306360
38.997215	164.375	1.0	954000.0	306360
79.80644	102.8125	1.0	954000.0	306360
50.62999	74.25	1.0	954000.0	306360
96.6219	118.1875	1.0	954000.0	306360
62.59857	36.5	1.0	954000.0	306360
66.25558	129.625	1.0	954000.0	306360
38.972183	91.0625	1.0	954000.0	306360
57.556187	79.5625	1.0	954000.0	306360
70.55015	40.78125	1.0	954000.0	306360
37.153656	72.875	1.0	954000.0	306360
100.91072	52.875	1.0	954000.0	306360
55.36907	65.875	1.0	954000.0	306360
29.443422	67.5625	1.0	954000.0	306360
68.665825	102.25	1.0	954000.0	306360
75.78104	59.75	1.0	954000.0	306360
38.307972	77.1875	1.0	954000.0	306360
119.66454	132.125	1.0	954000.0	306360
91.19746	86.5	1.0	954000.0	306360
86.50161	93.3125	1.0	954000.0	306360
131.11589	96.75	1.0	954000.0	306360
145.17392	153.25	1.0	954000.0	306360
94.68912	57.09375	1.0	954000.0	306360
106.75832	95.8125	1.0	954000.0	306360
129.28957	78.125	1.0	954000.0	306360
64.287025	48.75	1.0	954000.0	306360
165.59319	158.0	1.0	954000.0	306360
42.20913	123.3125	1.0	954000.0	306360
33.18895	62.21875	1.0	954000.0	306360
44.033527	106.8125	1.0	954000.0	306360
59.78609	56.34375	1.0	954000.0	306360
58.25309	103.3125	1.0	954000.0	306360
55.23186	151.0	1.0	954000.0	306360
38.269382	64.4375	1.0	954000.0	306360
49.150623	58.0625	1.0	954000.0	306360
36.943295	98.625	1.0	954000.0	306360
93.24738	59.53125	1.0	954000.0	306360
76.16234	142.125	1.0	954000.0	306360
66.85345	86.3125	1.0	954000.0	306360
92.1678	60.8125	1.0	954000.0	306360
56.65217	124.25	1.0	954000.0	306360
86.75593	103.25	1.0	954000.0	306360
62.76952	154.625	1.0	954000.0	306360
95.667465	100.8125	1.0	954000.0	306360
29.150576	113.8125	1.0	954000.0	306360
107.84478	81.3125	1.0	954000.0	306360
40.16367	126.5	1.0	954000.0	306360
148.25296	100.5625	1.0	954000.0	306360
44.92921	91.3125	1.0	954000.0	306360
45.136528	66.1875	1.0	954000.0	306360
52.910397	143.375	1.0	954000.0	306360
60.530575	82.75	1.0	954000.0	306360
77.11345	114.1875	1.0	954000.0	306360
61.935497	145.125	1.0	954000.0	306360
108.3966	116.5	1.0	954000.0	306360
93.76349	109.1875	1.0	954000.0	306360
141.53935	42.40625	1.0	954000.0	306360
74.140945	131.375	1.0	954000.0	306360
50.223377	56.40625	1.0	954000.0	306360
53.51118	100.1875	1.0	954000.0	306360
70.28219	111.625	1.0	954000.0	306360
189.84401	57.3125	1.0	954000.0	306360
43.054012	82.9375	1.0	954000.0	306360
83.25106	56.78125	1.0	954000.0	306360
82.5068	104.9375	1.0	954000.0	306360
71.625626	42.03125	1.0	954000.0	306360
49.861923	83.875	1.0	954000.0	306360
56.73442	93.625	1.0	954000.0	306360
73.95745	30.6875	1.0	954000.0	306360
86.121666	149.875	1.0	954000.0	306360
43.416092	68.125	1.0	954000.0	306360
60.257908	109.25	1.0	954000.0	306360
105.67332	136.25	1.0	954000.0	306360
69.04523	146.75	1.0	954000.0	306360
80.450806	32.53125	1.0	954000.0	306360
116.13814	137.625	1.0	954000.0	306360
152.87515	61.9375	1.0	954000.0	306360
126.76471	84.0625	1.0	954000.0	306360
42.99174	158.5	1.0	954000.0	306360
75.94182	49.65625	1.0	954000.0	306360
76.2411	54.4375	1.0	954000.0	306360
54.455894	110.6875	1.0	954000.0	306360
67.634926	68.9375	1.0	954000.0	306360
53.046646	59.96875	1.0	954000.0	306360
57.069935	47.34375	1.0	954000.0	306360
75.43352	70.3125	1.0	954000.0	306360
77.09727	71.25	1.0	954000.0	306360
55.993164	65.8125	1.0	954000.0	306360
95.95321	132.75	1.0	954000.0	306360
41.62996	108.8125	1.0	954000.0	306360
57.75854	106.75	1.0	954000.0	306360
46.369812	53.0	1.0	954000.0	306360
55.294678	57.0625	1.0	954000.0	306360
90.77464	78.75	1.0	954000.0	306360
61.86416	90.5	1.0	954000.0	306360
72.75143	144.625	1.0	954000.0	306360
172.51991	108.3125	1.0	954000.0	306360
45.386185	123.9375	1.0	954000.0	306360
63.189304	88.3125	1.0	954000.0	306360
88.80324	165.125	1.0	954000.0	306360
117.175026	148.125	1.0	954000.0	306360
99.41095	69.3125	1.0	954000.0	306360
57.66263	61.875	1.0	954000.0	306360
45.511734	74.625	1.0	954000.0	306360
86.52209	65.375	1.0	954000.0	306360
90.268	77.0	1.0	954000.0	306360
164.66583	99.0625	1.0	954000.0	306360
83.8236	104.0	1.0	954000.0	306360
22.861046	126.5625	1.0	954000.0	306360
43.58188	157.0	1.0	954000.0	306360
55.68499	126.4375	1.0	954000.0	306360
90.78146	127.9375	1.0	954000.0	306360
86.467354	110.3125	1.0	954000.0	306360
85.016594	55.8125	1.0	954000.0	306360
81.36585	64.0625	1.0	954000.0	306360
103.5083	98.3125	1.0	954000.0	306360
50.60457	97.0	1.0	954000.0	306360
133.05096	58.28125	1.0	954000.0	306360
70.704384	107.3125	1.0	954000.0	306360
51.884495	63.71875	1.0	954000.0	306360
51.360027	61.15625	1.0	954000.0	306360
116.16119	78.9375	1.0	954000.0	306360
159.43083	56.75	1.0	954000.0	306360
32.686455	84.4375	1.0	954000.0	306360
37.65854	124.625	1.0	954000.0	306360
43.798725	57.53125	1.0	954000.0	306360
76.10832	102.125	1.0	954000.0	306360
127.23767	58.625	1.0	954000.0	306360
48.992886	55.75	1.0	954000.0	306360
63.96671	129.0	1.0	954000.0	306360
150.17705	80.5	1.0	954000.0	306360
53.33076	144.0	1.0	954000.0	306360
79.37174	54.15625	1.0	954000.0	306360
114.76683	67.3125	1.0	954000.0	306360
98.628525	74.125	1.0	954000.0	306360
40.043697	89.625	1.0	954000.0	306360
83.820274	38.09375	1.0	954000.0	306360
35.64245	129.625	1.0	954000.0	306360
62.99299	99.5	1.0	954000.0	306360
76.55518	92.6875	1.0	954000.0	306360
94.16082	77.0	1.0	954000.0	306360
87.09991	93.1875	1.0	954000.0	306360
92.457405	48.84375	1.0	954000.0	306360
128.19751	116.4375	1.0	954000.0	306360
55.997787	83.875	1.0	954000.0	306360
136.00441	43.34375	1.0	954000.0	306360
72.730804	159.75	1.0	954000.0	306360
32.5708	41.75	1.0	954000.0	306360
50.44935	85.0	1.0	954000.0	306360
291.3395	81.375	1.0	954000.0	306360
36.85186	87.5625	1.0	954000.0	306360
42.278404	140.0	1.0	954000.0	306360
145.98952	101.5625	1.0	954000.0	306360
46.838303	30.25	1.0	954000.0	306360
52.488113	98.125	1.0	954000.0	306360
59.61802	104.5	1.0	954000.0	306360
71.2005	89.25	1.0	954000.0	306360
110.14779	47.96875	1.0	954000.0	306360
96.25038	121.5	1.0	954000.0	306360
138.58751	64.5	1.0	954000.0	306360
87.084335	52.0	1.0	954000.0	306360
99.61032	138.625	1.0	954000.0	306360
193.96158	138.5	1.0	954000.0	306360
102.469734	77.4375	1.0	954000.0	306360
37.18903	28.703125	1.0	954000.0	306360
79.518295	66.6875	1.0	954000.0	306360
38.089058	102.625	1.0	954000.0	306360
81.537796	149.0	1.0	954000.0	306360
251.89946	114.75	1.0	954000.0	306360
78.88353	150.125	1.0	954000.0	306360
69.36003	94.9375	1.0	954000.0	306360
83.803894	78.5625	1.0	954000.0	306360
145.7827	32.5	1.0	954000.0	306360
143.17667	87.4375	1.0	954000.0	306360
93.934105	69.75	1.0	954000.0	306360
199.62973	113.8125	1.0	954000.0	306360
118.16339	97.75	1.0	954000.0	306360
51.69464	80.0	1.0	954000.0	306360
43.468983	125.75	1.0	954000.0	306360
54.86255	125.4375	1.0	954000.0	306360
113.810196	133.75	1.0	954000.0	306360
73.77018	137.25	1.0	954000.0	306360
70.76196	58.5625	1.0	954000.0	306360
155.9728	95.3125	1.0	954000.0	306360
165.77406	88.125	1.0	954000.0	306360
89.85475	82.375	1.0	954000.0	306360
53.125256	101.875	1.0	954000.0	306360
152.00505	97.0625	1.0	954000.0	306360
43.26265	65.9375	1.0	954000.0	306360
80.49681	90.1875	1.0	954000.0	306360
71.31673	130.25	1.0	954000.0	306360
106.44906	69.75	1.0	954000.0	306360
57.013577	50.875	1.0	954000.0	306360
71.23598	62.96875	1.0	954000.0	306360
83.8586	56.40625	1.0	954000.0	306360
38.699116	106.125	1.0	954000.0	306360
71.60421	39.40625	1.0	954000.0	306360
152.40907	107.3125	1.0	954000.0	306360
51.52553	58.5625	1.0	954000.0	306360
105.84332	73.25	1.0	954000.0	306360
151.3859	79.4375	1.0	954000.0	306360
51.453285	104.6875	1.0	954000.0	306360
68.61766	152.75	1.0	954000.0	306360
53.438175	133.625	1.0	954000.0	306360
28.79805	116.75	1.0	954000.0	306360
114.346306	86.0625	1.0	954000.0	306360
93.15215	143.125	1.0	954000.0	306360
66.36779	58.15625	1.0	954000.0	306360
36.01055	66.5	1.0	954000.0	306360
25.799122	69.0	1.0	954000.0	306360
70.50877	60.0625	1.0	954000.0	306360
52.583347	159.125	1.0	954000.0	306360
169.91931	75.625	1.0	954000.0	306360
157.37009	126.5625	1.0	954000.0	306360
98.44082	61.15625	1.0	954000.0	306360
48.67509	93.125	1.0	954000.0	306360
75.225525	95.9375	1.0	954000.0	306360
59.712734	142.0	1.0	954000.0	306360
125.85839	57.71875	1.0	954000.0	306360
154.15395	74.9375	1.0	954000.0	306360
21.392403	50.71875	1.0	954000.0	306360
30.621098	123.0	1.0	954000.0	306360
52.161404	43.5625	1.0	954000.0	306360
68.13446	85.625	1.0	954000.0	306360
55.678074	95.625	1.0	954000.0	306360
48.571293	58.28125	1.0	954000.0	306360
94.385544	87.25	1.0	954000.0	306360
43.767853	50.625	1.0	954000.0	306360
118.25378	67.3125	1.0	954000.0	306360
118.99908	157.375	1.0	954000.0	306360
50.445057	77.25	1.0	954000.0	306360
167.53186	58.75	1.0	954000.0	306360
59.26683	91.4375	1.0	954000.0	306360
112.49155	147.875	1.0	954000.0	306360
55.897324	95.6875	1.0	954000.0	306360
69.34348	121.5625	1.0	954000.0	306360
60.838406	132.375	1.0	954000.0	306360
65.24285	83.875	1.0	954000.0	306360
59.12364	65.875	1.0	954000.0	306360
43.775684	111.1875	1.0	954000.0	306360
68.67579	112.1875	1.0	954000.0	306360
59.252457	73.25	1.0	954000.0	306360
69.65769	80.6875	1.0	954000.0	306360
46.394592	78.0625	1.0	954000.0	306360
57.3994	51.90625	1.0	954000.0	306360
92.25179	67.0625	1.0	954000.0	306360
74.03731	83.625	1.0	954000.0	306360
45.24172	56.21875	1.0	954000.0	306360
68.669785	115.6875	1.0	954000.0	306360
168.29318	80.625	1.0	954000.0	306360
66.59953	71.5625	1.0	954000.0	306360
70.17899	134.5	1.0	954000.0	306360
77.113686	137.375	1.0	954000.0	306360
54.837986	89.125	1.0	954000.0	306360
49.905872	79.3125	1.0	954000.0	306360
60.91747	103.125	1.0	954000.0	306360
131.59915	67.875	1.0	954000.0	306360
61.05416	77.3125	1.0	954000.0	306360
47.074764	108.0625	1.0	954000.0	306360
74.71365	66.9375	1.0	954000.0	306360
45.66814	65.875	1.0	954000.0	306360
79.94471	81.6875	1.0	954000.0	306360
59.728024	66.375	1.0	954000.0	306360
71.51732	116.8125	1.0	954000.0	306360
64.14417	82.25	1.0	954000.0	306360
59.692574	134.0	1.0	954000.0	306360
64.47758	73.875	1.0	954000.0	306360
88.27016	93.25	1.0	954000.0	306360
116.77934	137.25	1.0	954000.0	306360
151.50748	59.03125	1.0	954000.0	306360
64.805115	160.5	1.0	954000.0	306360
50.183773	64.0625	1.0	954000.0	306360
127.87029	108.625	1.0	954000.0	306360
149.87602	56.375	1.0	954000.0	306360
63.116577	95.5	1.0	954000.0	306360
72.4642	101.25	1.0	954000.0	306360
99.311195	74.1875	1.0	954000.0	306360
76.82735	76.375	1.0	954000.0	306360
53.17555	110.5625	1.0	954000.0	306360
137.36179	89.5625	1.0	954000.0	306360
88.77264	133.0	1.0	954000.0	306360
95.818504	135.25	1.0	954000.0	306360
96.912415	77.875	1.0	954000.0	306360
96.105804	105.5	1.0	954000.0	306360
71.54772	68.25	1.0	954000.0	306360
66.55257	101.625	1.0	954000.0	306360
90.41507	97.4375	1.0	954000.0	306360
65.036835	93.625	1.0	954000.0	306360
71.142204	81.5625	1.0	954000.0	306360
59.387535	90.8125	1.0	954000.0	306360
42.51075	112.3125	1.0	954000.0	306360
71.54897	74.3125	1.0	954000.0	306360
52.330776	124.8125	1.0	954000.0	306360
54.262245	126.625	1.0	954000.0	306360
62.541183	118.25	1.0	954000.0	306360
54.630257	69.9375	1.0	954000.0	306360
52.949444	81.9375	1.0	954000.0	306360
68.28222	126.5625	1.0	954000.0	306360
47.31361	99.0	1.0	954000.0	306360
68.26283	72.375	1.0	954000.0	306360
55.258354	103.9375	1.0	954000.0	306360
99.29927	99.125	1.0	954000.0	306360
45.66906	70.75	1.0	954000.0	306360
169.3636	74.8125	1.0	954000.0	306360
56.38422	94.875	1.0	954000.0	306360
152.16786	113.5	1.0	954000.0	306360
63.159954	74.25	1.0	954000.0	306360
57.966152	135.75	1.0	954000.0	306360
76.89646	60.34375	1.0	954000.0	306360
79.58277	69.625	1.0	954000.0	306360
34.179665	102.5	1.0	954000.0	306360
71.452385	109.5	1.0	954000.0	306360
72.03381	86.0	1.0	954000.0	306360
58.488007	80.875	1.0	954000.0	306360
68.92272	76.375	1.0	954000.0	306360
93.6536	82.4375	1.0	954000.0	306360
68.3849	136.0	1.0	954000.0	306360
89.10479	141.875	1.0	954000.0	306360
42.22739	100.9375	1.0	954000.0	306360
77.052635	96.4375	1.0	954000.0	306360
101.69567	128.5	1.0	954000.0	306360
87.01261	63.59375	1.0	954000.0	306360
47.72645	92.4375	1.0	954000.0	306360
68.12949	52.0	1.0	954000.0	306360
107.20869	54.125	1.0	954000.0	306360
45.895252	78.8125	1.0	954000.0	306360
102.21631	86.125	1.0	954000.0	306360
42.345974	139.875	1.0	954000.0	306360
104.304794	79.5625	1.0	954000.0	306360
154.39478	116.5	1.0	954000.0	306360
83.07924	148.875	1.0	954000.0	306360
89.24912	103.0	1.0	954000.0	306360
47.45692	148.625	1.0	954000.0	306360
122.74524	92.25	1.0	954000.0	306360
57.53461	60.3125	1.0	954000.0	306360
74.66731	75.8125	1.0	954000.0	306360
53.006496	129.25	1.0	954000.0	306360
109.36602	60.5625	1.0	954000.0	306360
91.607895	70.875	1.0	954000.0	306360
33.12248	94.375	1.0	954000.0	306360
45.82127	108.0	1.0	954000.0	306360
78.69792	87.8125	1.0	954000.0	306360
91.13482	73.3125	1.0	954000.0	306360
66.311035	90.5	1.0	954000.0	306360
95.50751	102.375	1.0	954000.0	306360
89.658325	77.6875	1.0	954000.0	306360
57.77653	115.75	1.0	954000.0	306360
30.027025	58.5	1.0	954000.0	306360
199.9567	60.1875	1.0	954000.0	306360
52.642204	74.6875	1.0	954000.0	306360
74.283745	63.625	1.0	954000.0	306360
32.370274	108.6875	1.0	954000.0	306360
155.47412	69.125	1.0	954000.0	306360
38.481133	88.3125	1.0	954000.0	306360
101.51674	107.875	1.0	954000.0	306360
43.92058	128.5	1.0	954000.0	306360
65.55246	106.875	1.0	954000.0	306360
94.9113	55.53125	1.0	954000.0	306360
147.81677	50.09375	1.0	954000.0	306360
89.52576	131.625	1.0	954000.0	306360
115.318985	82.125	1.0	954000.0	306360
147.45818	59.75	1.0	954000.0	306360
52.656933	100.6875	1.0	954000.0	306360
65.64834	114.1875	1.0	954000.0	306360
53.616554	67.625	1.0	954000.0	306360
68.11694	76.125	1.0	954000.0	306360
74.47056	94.0	1.0	954000.0	306360
95.87633	58.28125	1.0	954000.0	306360
76.491264	96.875	1.0	954000.0	306360
73.56342	83.5625	1.0	954000.0	306360
75.85	127.8125	1.0	954000.0	306360
79.689186	88.75	1.0	954000.0	306360
51.329796	87.875	1.0	954000.0	306360
48.77341	87.125	1.0	954000.0	306360
160.08182	133.875	1.0	954000.0	306360
51.734055	145.0	1.0	954000.0	306360
81.819885	137.25	1.0	954000.0	306360
42.26872	116.6875	1.0	954000.0	306360
54.659267	89.8125	1.0	954000.0	306360
124.7481	29.21875	1.0	954000.0	306360
70.989006	101.5	1.0	954000.0	306360
87.00876	132.25	1.0	954000.0	306360
36.195747	88.375	1.0	954000.0	306360
49.970383	79.0625	1.0	954000.0	306360
52.82173	100.75	1.0	954000.0	306360
47.48516	146.375	1.0	954000.0	306360
37.864376	71.25	1.0	954000.0	306360
72.36219	137.875	1.0	954000.0	306360
132.1332	61.34375	1.0	954000.0	306360
86.78636	62.5625	1.0	954000.0	306360
47.306416	71.4375	1.0	954000.0	306360
60.36728	66.25	1.0	954000.0	306360
68.10422	80.5625	1.0	954000.0	306360
82.18547	74.125	1.0	954000.0	306360
63.042435	123.875	1.0	954000.0	306360
58.761234	101.25	1.0	954000.0	306360
63.05122	71.6875	1.0	954000.0	306360
62.187553	119.6875	1.0	954000.0	306360
125.58275	57.34375	1.0	954000.0	306360
97.12094	93.6875	1.0	954000.0	306360
60.10275	82.8125	1.0	954000.0	306360
144.58012	134.5	1.0	954000.0	306360
106.3495	82.25	1.0	954000.0	306360
125.38237	46.125	1.0	954000.0	306360
77.547775	81.6875	1.0	954000.0	306360
39.2288	95.9375	1.0	954000.0	306360
77.6622	78.8125	1.0	954000.0	306360
84.63973	77.3125	1.0	954000.0	306360
54.658363	156.125	1.0	954000.0	306360
60.676693	145.375	1.0	954000.0	306360
90.799446	74.3125	1.0	954000.0	306360
104.54104	76.8125	1.0	954000.0	306360
42.15007	115.0625	1.0	954000.0	306360
72.09162	130.375	1.0	954000.0	306360
60.615795	89.4375	1.0	954000.0	306360
162.03163	148.25	1.0	954000.0	306360
116.54183	55.90625	1.0	954000.0	306360
58.792065	73.0	1.0	954000.0	306360
151.95702	162.5	1.0	954000.0	306360
125.0284	55.3125	1.0	954000.0	306360
66.61719	149.25	1.0	954000.0	306360
51.76093	106.1875	1.0	954000.0	306360
151.70729	151.625	1.0	954000.0	306360
39.244762	98.5	1.0	954000.0	306360
114.61269	128.5	1.0	954000.0	306360
71.32974	68.75	1.0	954000.0	306360
113.0702	102.8125	1.0	954000.0	306360
28.799068	110.875	1.0	954000.0	306360
51.147236	111.875	1.0	954000.0	306360
55.980564	107.0625	1.0	954000.0	306360
76.166565	107.8125	1.0	954000.0	306360
39.950497	148.125	1.0	954000.0	306360
70.29453	133.0	1.0	954000.0	306360
35.872585	58.28125	1.0	954000.0	306360
102.97605	81.6875	1.0	954000.0	306360
56.65762	114.125	1.0	954000.0	306360
50.561596	77.125	1.0	954000.0	306360
46.03168	96.25	1.0	954000.0	306360
35.33195	93.3125	1.0	954000.0	306360
37.100956	85.8125	1.0	954000.0	306360
34.95392	89.4375	1.0	954000.0	306360
101.12407	146.375	1.0	954000.0	306360
36.04495	111.0	1.0	954000.0	306360
60.011818	109.125	1.0	954000.0	306360
63.116203	141.25	1.0	954000.0	306360
36.537865	92.1875	1.0	954000.0	306360
62.358147	79.875	1.0	954000.0	306360
24.932219	78.4375	1.0	954000.0	306360
65.39646	57.40625	1.0	954000.0	306360
92.35598	108.1875	1.0	954000.0	306360
37.486855	106.125	1.0	954000.0	306360
113.688095	71.5625	1.0	954000.0	306360
158.03545	118.625	1.0	954000.0	306360
31.174885	104.3125	1.0	954000.0	306360
114.10353	35.8125	1.0	954000.0	306360
105.252716	65.625	1.0	954000.0	306360
69.717674	106.25	1.0	954000.0	306360
165.66502	121.0625	1.0	954000.0	306360
36.78358	112.0625	1.0	954000.0	306360
66.02667	79.5	1.0	954000.0	306360
90.0777	72.75	1.0	954000.0	306360
76.51909	122.5625	1.0	954000.0	306360
60.711536	124.25	1.0	954000.0	306360
49.436375	80.4375	1.0	954000.0	306360
54.89783	121.0	1.0	954000.0	306360
131.2195	74.0	1.0	954000.0	306360
88.65396	81.125	1.0	954000.0	306360
119.16823	96.3125	1.0	954000.0	306360
125.93345	147.875	1.0	954000.0	306360
41.37927	133.25	1.0	954000.0	306360
93.67975	127.4375	1.0	954000.0	306360
50.92314	140.125	1.0	954000.0	306360
58.265045	98.0625	1.0	954000.0	306360
107.4589	64.5	1.0	954000.0	306360
136.762	94.75	1.0	954000.0	306360
159.52353	121.4375	1.0	954000.0	306360
80.91758	145.0	1.0	954000.0	306360
143.9085	153.0	1.0	954000.0	306360
88.627304	55.3125	1.0	954000.0	306360
42.24911	158.375	1.0	954000.0	306360
50.818546	67.0625	1.0	954000.0	306360
133.16608	81.0625	1.0	954000.0	306360
62.60265	65.3125	1.0	954000.0	306360
80.12678	88.4375	1.0	954000.0	306360
150.96588	58.5	1.0	954000.0	306360
59.705585	159.25	1.0	954000.0	306360
116.27973	89.1875	1.0	954000.0	306360
81.18107	107.5	1.0	954000.0	306360
47.52713	78.25	1.0	954000.0	306360
42.76995	59.8125	1.0	954000.0	306360
67.86698	140.875	1.0	954000.0	306360
64.30938	98.25	1.0	954000.0	306360
77.58764	100.5625	1.0	954000.0	306360
31.906216	107.125	1.0	954000.0	306360
43.19275	107.75	1.0	954000.0	306360
118.62973	106.375	1.0	954000.0	306360
54.02964	63.9375	1.0	954000.0	306360
59.508347	140.875	1.0	954000.0	306360
88.508766	67.0625	1.0	954000.0	306360
58.67558	77.3125	1.0	954000.0	306360
58.204132	132.375	1.0	954000.0	306360
103.748146	49.3125	1.0	954000.0	306360
57.26322	65.625	1.0	954000.0	306360
130.70566	78.875	1.0	954000.0	306360
49.40113	150.125	1.0	954000.0	306360
76.91937	60.40625	1.0	954000.0	306360
48.844627	135.75	1.0	954000.0	306360
62.350815	61.6875	1.0	954000.0	306360
58.410557	139.0	1.0	954000.0	306360
70.16698	79.4375	1.0	954000.0	306360
73.256676	130.25	1.0	954000.0	306360
113.46313	121.5625	1.0	954000.0	306360
108.39584	94.8125	1.0	954000.0	306360
110.712395	81.0	1.0	954000.0	306360
219.64146	134.125	1.0	954000.0	306360
71.43129	88.4375	1.0	954000.0	306360
101.13443	108.8125	1.0	954000.0	306360
83.4212	87.875	1.0	954000.0	306360
103.73974	137.25	1.0	954000.0	306360
119.19779	134.125	1.0	954000.0	306360
37.543175	109.1875	1.0	954000.0	306360
60.98552	74.75	1.0	954000.0	306360
65.19204	96.875	1.0	954000.0	306360
65.12626	109.9375	1.0	954000.0	306360
60.780678	119.625	1.0	954000.0	306360
45.514294	113.5625	1.0	954000.0	306360
68.28195	133.125	1.0	954000.0	306360
60.440166	88.8125	1.0	954000.0	306360
178.68889	106.5625	1.0	954000.0	306360
73.70764	60.15625	1.0	954000.0	306360
48.07315	42.21875	1.0	954000.0	306360
91.07326	59.34375	1.0	954000.0	306360
134.65327	77.6875	1.0	954000.0	306360
214.1177	104.6875	1.0	954000.0	306360
50.39052	55.75	1.0	954000.0	306360
121.196175	91.25	1.0	954000.0	306360
72.80042	73.0625	1.0	954000.0	306360
33.28028	80.3125	1.0	954000.0	306360
55.656994	110.75	1.0	954000.0	306360
46.469997	95.75	1.0	954000.0	306360
45.067234	58.0625	1.0	954000.0	306360
62.17099	77.4375	1.0	954000.0	306360
34.898464	75.4375	1.0	954000.0	306360
49.675285	114.375	1.0	954000.0	306360
78.91363	109.0	1.0	954000.0	306360
48.02867	94.1875	1.0	954000.0	306360
77.12443	147.5	1.0	954000.0	306360
161.6685	57.8125	1.0	954000.0	306360
80.01076	35.53125	1.0	954000.0	306360
57.9678	88.0	1.0	954000.0	306360
34.06346	89.1875	1.0	954000.0	306360
94.63468	141.375	1.0	954000.0	306360
65.39935	56.84375	1.0	954000.0	306360
144.04263	150.625	1.0	954000.0	306360
115.937706	117.75	1.0	954000.0	306360
57.43289	69.125	1.0	954000.0	306360
86.96189	74.1875	1.0	954000.0	306360
72.81633	81.1875	1.0	954000.0	306360
51.923027	70.875	1.0	954000.0	306360
83.27403	151.875	1.0	954000.0	306360
105.191795	55.0625	1.0	954000.0	306360
66.11571	75.6875	1.0	954000.0	306360
63.745132	62.25	1.0	954000.0	306360
77.635704	131.75	1.0	954000.0	306360
45.010216	40.0	1.0	954000.0	306360
115.57598	70.9375	1.0	954000.0	306360
82.01125	83.5625	1.0	954000.0	306360
154.7449	92.625	1.0	954000.0	306360
37.740456	48.9375	1.0	954000.0	306360
63.227467	87.75	1.0	954000.0	306360
47.62218	126.75	1.0	954000.0	306360
118.14723	138.75	1.0	954000.0	306360
74.99819	94.375	1.0	954000.0	306360
82.07601	88.5	1.0	954000.0	306360
96.62755	126.4375	1.0	954000.0	306360
39.762108	118.8125	1.0	954000.0	306360
75.67368	103.875	1.0	954000.0	306360
108.78728	58.28125	1.0	954000.0	306360
118.27309	112.1875	1.0	954000.0	306360
139.62491	41.3125	1.0	954000.0	306360
72.44031	72.6875	1.0	954000.0	306360
53.95106	42.53125	1.0	954000.0	306360
48.435177	42.34375	1.0	954000.0	306360
106.96668	87.4375	1.0	954000.0	306360
105.19265	113.6875	1.0	954000.0	306360
80.931915	59.59375	1.0	954000.0	306360
37.389217	101.625	1.0	954000.0	306360
63.57869	135.125	1.0	954000.0	306360
56.751606	99.3125	1.0	954000.0	306360
146.86748	134.375	1.0	954000.0	306360
113.33461	72.5625	1.0	954000.0	306360
63.007114	111.8125	1.0	954000.0	306360
75.63064	90.5	1.0	954000.0	306360
66.961845	114.9375	1.0	954000.0	306360
71.414024	128.75	1.0	954000.0	306360
41.80668	113.5	1.0	954000.0	306360
41.54797	122.4375	1.0	954000.0	306360
79.552124	161.625	1.0	954000.0	306360
45.84528	82.8125	1.0	954000.0	306360
53.61894	90.5625	1.0	954000.0	306360
72.196434	96.5	1.0	954000.0	306360
41.571796	69.75	1.0	954000.0	306360
154.81866	123.6875	1.0	954000.0	306360
142.00371	103.875	1.0	954000.0	306360
112.4444	69.1875	1.0	954000.0	306360
59.171074	80.1875	1.0	954000.0	306360
64.3566	96.25	1.0	954000.0	306360
67.376495	84.625	1.0	954000.0	306360
34.514503	84.0	1.0	954000.0	306360
59.98609	125.25	1.0	954000.0	306360
48.406326	118.125	1.0	954000.0	306360
70.10091	79.8125	1.0	954000.0	306360
59.542595	71.1875	1.0	954000.0	306360
55.281	62.0	1.0	954000.0	306360
66.95234	98.0	1.0	954000.0	306360
66.22097	53.71875	1.0	954000.0	306360
256.84644	70.25	1.0	954000.0	306360
56.200325	71.875	1.0	954000.0	306360
146.99928	111.625	1.0	954000.0	306360
65.98382	70.0625	1.0	954000.0	306360
59.64592	159.0	1.0	954000.0	306360
88.73765	57.78125	1.0	954000.0	306360
72.81485	73.1875	1.0	954000.0	306360
53.79038	65.25	1.0	954000.0	306360
67.39592	101.125	1.0	954000.0	306360
60.755203	52.46875	1.0	954000.0	306360
121.862175	69.75	1.0	954000.0	306360
61.22787	96.8125	1.0	954000.0	306360
58.395424	88.3125	1.0	954000.0	306360
86.771866	82.125	1.0	954000.0	306360
134.66734	69.1875	1.0	954000.0	306360
106.75296	66.5	1.0	954000.0	306360
43.24839	63.65625	1.0	954000.0	306360
166.77397	64.375	1.0	954000.0	306360
27.363396	149.125	1.0	954000.0	306360
85.719345	143.25	1.0	954000.0	306360
74.96096	92.125	1.0	954000.0	306360
102.71508	60.75	1.0	954000.0	306360
73.968735	84.4375	1.0	954000.0	306360
54.910492	59.46875	1.0	954000.0	306360
78.65999	89.625	1.0	954000.0	306360
65.87202	66.9375	1.0	954000.0	306360
53.918705	93.25	1.0	954000.0	306360
69.95478	85.1875	1.0	954000.0	306360
71.89379	115.25	1.0	954000.0	306360
48.708572	70.3125	1.0	954000.0	306360
84.10691	37.84375	1.0	954000.0	306360
48.385895	77.5625	1.0	954000.0	306360
55.033043	90.5625	1.0	954000.0	306360
61.726032	57.8125	1.0	954000.0	306360
160.4372	136.25	1.0	954000.0	306360
68.14568	90.375	1.0	954000.0	306360
47.42049	107.75	1.0	954000.0	306360
106.51759	79.25	1.0	954000.0	306360
80.44473	149.625	1.0	954000.0	306360
129.2893	112.9375	1.0	954000.0	306360
174.14902	112.25	1.0	954000.0	306360
41.763268	100.1875	1.0	954000.0	306360
136.84448	110.0625	1.0	954000.0	306360
77.60765	129.75	1.0	954000.0	306360
58.944164	111.3125	1.0	954000.0	306360
83.03343	91.5625	1.0	954000.0	306360
144.1289	144.625	1.0	954000.0	306360
52.71479	56.3125	1.0	954000.0	306360
28.396465	137.125	1.0	954000.0	306360
63.84174	43.78125	1.0	954000.0	306360
56.873825	92.625	1.0	954000.0	306360
61.986652	67.875	1.0	954000.0	306360
48.59958	60.84375	1.0	954000.0	306360
32.207844	46.46875	1.0	954000.0	306360
155.89948	113.1875	1.0	954000.0	306360
63.916626	77.9375	1.0	954000.0	306360
55.19719	134.375	1.0	954000.0	306360
84.24835	108.625	1.0	954000.0	306360
24.789349	75.0	1.0	954000.0	306360
47.60046	34.1875	1.0	954000.0	306360
79.852684	130.375	1.0	954000.0	306360
31.614548	144.375	1.0	954000.0	306360
72.64618	86.0	1.0	954000.0	306360
104.188545	99.375	1.0	954000.0	306360
66.7528	82.3125	1.0	954000.0	306360
42.22747	101.1875	1.0	954000.0	306360
55.526516	110.125	1.0	954000.0	306360
105.6537	89.0	1.0	954000.0	306360
63.23727	79.1875	1.0	954000.0	306360
50.361847	84.9375	1.0	954000.0	306360
173.7683	61.6875	1.0	954000.0	306360
71.67459	58.5625	1.0	954000.0	306360
90.79748	71.6875	1.0	954000.0	306360
61.613056	85.125	1.0	954000.0	306360
79.46818	102.5	1.0	954000.0	306360
64.83759	143.375	1.0	954000.0	306360
98.24569	113.1875	1.0	954000.0	306360
88.95275	81.5625	1.0	954000.0	306360
77.48661	68.0	1.0	954000.0	306360
55.791775	39.0	1.0	954000.0	306360
62.159573	117.8125	1.0	954000.0	306360
53.27862	73.8125	1.0	954000.0	306360
80.98022	117.5	1.0	954000.0	306360
126.20984	69.0625	1.0	954000.0	306360
60.423717	79.9375	1.0	954000.0	306360
48.37927	147.375	1.0	954000.0	306360
60.74617	151.125	1.0	954000.0	306360
78.67657	150.75	1.0	954000.0	306360
140.60739	112.1875	1.0	954000.0	306360
160.20499	61.125	1.0	954000.0	306360
66.07329	121.375	1.0	954000.0	306360
36.61727	59.1875	1.0	954000.0	306360
56.984825	110.0	1.0	954000.0	306360
61.76298	84.0	1.0	954000.0	306360
220.08656	84.6875	1.0	954000.0	306360
65.46302	91.5625	1.0	954000.0	306360
151.043	148.0	1.0	954000.0	306360
57.13631	85.25	1.0	954000.0	306360
56.591164	70.5	1.0	954000.0	306360
73.868996	96.3125	1.0	954000.0	306360
66.88741	82.25	1.0	954000.0	306360
39.689655	60.4375	1.0	954000.0	306360
64.18686	139.125	1.0	954000.0	306360
76.399254	82.25	1.0	954000.0	306360
71.11201	55.46875	1.0	954000.0	306360
34.314445	135.375	1.0	954000.0	306360
100.53935	120.125	1.0	954000.0	306360
150.81833	57.25	1.0	954000.0	306360
156.30142	130.5	1.0	954000.0	306360
140.03584	127.6875	1.0	954000.0	306360
64.018745	61.375	1.0	954000.0	306360
36.627563	87.75	1.0	954000.0	306360
42.2983	71.6875	1.0	954000.0	306360
149.73344	152.25	1.0	954000.0	306360
115.55704	93.25	1.0	954000.0	306360
129.00455	136.25	1.0	954000.0	306360
142.08205	92.5	1.0	954000.0	306360
48.12107	87.0	1.0	954000.0	306360
71.162445	96.625	1.0	954000.0	306360
57.46549	58.6875	1.0	954000.0	306360
44.242313	58.46875	1.0	954000.0	306360
95.15019	57.375	1.0	954000.0	306360
76.53122	124.6875	1.0	954000.0	306360
82.6411	155.25	1.0	954000.0	306360
37.128166	136.625	1.0	954000.0	306360
84.0108	125.0	1.0	954000.0	306360
160.82188	115.0625	1.0	954000.0	306360
52.876663	84.0625	1.0	954000.0	306360
167.36592	48.1875	1.0	954000.0	306360
82.122925	74.3125	1.0	954000.0	306360
119.3832	153.0	1.0	954000.0	306360
56.547848	115.625	1.0	954000.0	306360
51.236988	115.75	1.0	954000.0	306360
36.9669	86.1875	1.0	954000.0	306360
155.63025	155.625	1.0	954000.0	306360
58.42133	43.71875	1.0	954000.0	306360
78.34684	121.1875	1.0	954000.0	306360
105.545906	91.9375	1.0	954000.0	306360
28.799961	85.1875	1.0	954000.0	306360
75.08322	71.25	1.0	954000.0	306360
41.021564	86.6875	1.0	954000.0	306360
106.13801	131.75	1.0	954000.0	306360
75.57446	147.875	1.0	954000.0	306360
38.426586	76.0	1.0	954000.0	306360
97.182175	73.125	1.0	954000.0	306360
152.786	71.8125	1.0	954000.0	306360
57.157917	77.625	1.0	954000.0	306360
133.4494	107.5	1.0	954000.0	306360
41.123974	86.0625	1.0	954000.0	306360
104.24976	97.9375	1.0	954000.0	306360
30.122189	145.75	1.0	954000.0	306360
75.35472	57.40625	1.0	954000.0	306360
67.5496	63.59375	1.0	954000.0	306360
47.60767	100.25	1.0	954000.0	306360
29.182573	43.25	1.0	954000.0	306360
70.85585	67.6875	1.0	954000.0	306360
66.29997	63.90625	1.0	954000.0	306360
39.260094	62.125	1.0	954000.0	306360
39.768883	79.0	1.0	954000.0	306360
85.35765	51.53125	1.0	954000.0	306360
32.188946	106.125	1.0	954000.0	306360
77.20964	135.75	1.0	954000.0	306360
69.72934	109.8125	1.0	954000.0	306360
137.50641	54.34375	1.0	954000.0	306360
64.69758	112.25	1.0	954000.0	306360
51.892254	105.4375	1.0	954000.0	306360
58.938946	162.25	1.0	954000.0	306360
74.63643	79.875	1.0	954000.0	306360
97.29152	62.71875	1.0	954000.0	306360
55.830914	143.875	1.0	954000.0	306360
52.835217	97.1875	1.0	954000.0	306360
119.228264	139.5	1.0	954000.0	306360
49.227757	94.1875	1.0	954000.0	306360
154.9393	141.375	1.0	954000.0	306360
42.55646	133.75	1.0	954000.0	306360
66.785446	110.125	1.0	954000.0	306360
165.38362	129.625	1.0	954000.0	306360
41.49331	57.15625	1.0	954000.0	306360
39.234585	58.90625	1.0	954000.0	306360
46.99318	92.0	1.0	954000.0	306360
90.96991	104.1875	1.0	954000.0	306360
221.638	87.1875	1.0	954000.0	306360
56.350563	94.0	1.0	954000.0	306360
145.27623	85.5	1.0	954000.0	306360
59.173824	67.3125	1.0	954000.0	306360
76.804825	138.25	1.0	954000.0	306360
139.2755	44.8125	1.0	954000.0	306360
75.96143	60.8125	1.0	954000.0	306360
47.96551	80.9375	1.0	954000.0	306360
131.7234	56.59375	1.0	954000.0	306360
67.21234	74.9375	1.0	954000.0	306360
92.0021	74.5	1.0	954000.0	306360
128.64282	87.1875	1.0	954000.0	306360
71.70291	151.625	1.0	954000.0	306360
64.58762	45.375	1.0	954000.0	306360
39.474766	131.375	1.0	954000.0	306360
51.368893	159.125	1.0	954000.0	306360
114.12409	158.0	1.0	954000.0	306360
91.07608	59.75	1.0	954000.0	306360
101.3563	87.6875	1.0	954000.0	306360
122.632645	77.4375	1.0	954000.0	306360
86.66128	60.53125	1.0	954000.0	306360
65.97534	90.75	1.0	954000.0	306360
56.38714	132.0	1.0	954000.0	306360
61.782112	150.125	1.0	954000.0	306360
40.01206	122.3125	1.0	954000.0	306360
126.75029	36.1875	1.0	954000.0	306360
177.17679	103.8125	1.0	954000.0	306360
95.21803	88.625	1.0	954000.0	306360
63.991554	59.96875	1.0	954000.0	306360
82.62919	55.21875	1.0	954000.0	306360
74.320625	67.25	1.0	954000.0	306360
188.83359	102.5625	1.0	954000.0	306360
72.89009	75.25	1.0	954000.0	306360
64.15138	91.25	1.0	954000.0	306360
152.18643	102.375	1.0	954000.0	306360
73.26635	66.8125	1.0	954000.0	306360
44.788982	105.4375	1.0	954000.0	306360
88.24478	60.1875	1.0	954000.0	306360
51.88893	67.5625	1.0	954000.0	306360
64.73303	113.125	1.0	954000.0	306360
70.58352	99.3125	1.0	954000.0	306360
54.241264	108.75	1.0	954000.0	306360
56.18546	47.03125	1.0	954000.0	306360
23.278818	60.53125	1.0	954000.0	306360
130.09444	123.1875	1.0	954000.0	306360
85.253654	36.96875	1.0	954000.0	306360
50.28291	65.75	1.0	954000.0	306360
81.48827	88.75	1.0	954000.0	306360
49.19772	66.0625	1.0	954000.0	306360
86.9217	53.875	1.0	954000.0	306360
189.17166	77.5	1.0	954000.0	306360
97.739716	134.375	1.0	954000.0	306360
52.913113	137.0	1.0	954000.0	306360
161.99113	67.75	1.0	954000.0	306360
95.598564	81.125	1.0	954000.0	306360
27.664757	111.75	1.0	954000.0	306360
71.91475	75.125	1.0	954000.0	306360
119.7452	114.0625	1.0	954000.0	306360
88.91171	43.40625	1.0	954000.0	306360
59.081043	88.1875	1.0	954000.0	306360
62.449825	88.0	1.0	954000.0	306360
57.22548	106.0625	1.0	954000.0	306360
59.44545	234.75	1.0	954000.0	306360
46.622353	122.0625	1.0	954000.0	306360
62.555214	82.6875	1.0	954000.0	306360
86.291374	82.1875	1.0	954000.0	306360
36.591984	56.28125	1.0	954000.0	306360
99.639915	135.375	1.0	954000.0	306360
56.451996	156.25	1.0	954000.0	306360
130.92072	121.4375	1.0	954000.0	306360
33.4485	130.125	1.0	954000.0	306360
57.660526	117.0	1.0	954000.0	306360
173.57678	118.9375	1.0	954000.0	306360
62.35091	120.25	1.0	954000.0	306360
112.07373	94.5625	1.0	954000.0	306360
57.927917	81.1875	1.0	954000.0	306360
132.86893	56.375	1.0	954000.0	306360
49.11754	85.75	1.0	954000.0	306360
109.06584	32.5	1.0	954000.0	306360
67.793015	123.6875	1.0	954000.0	306360
59.708168	88.25	1.0	954000.0	306360
107.81728	58.09375	1.0	954000.0	306360
100.22939	58.59375	1.0	954000.0	306360
83.21198	116.9375	1.0	954000.0	306360
68.610405	68.375	1.0	954000.0	306360
90.31817	57.21875	1.0	954000.0	306360
47.204536	76.5	1.0	954000.0	306360
64.960976	89.0625	1.0	954000.0	306360
108.79062	69.875	1.0	954000.0	306360
149.78104	57.90625	1.0	954000.0	306360
135.27032	104.1875	1.0	954000.0	306360
63.529194	118.6875	1.0	954000.0	306360
50.82948	67.625	1.0	954000.0	306360
28.275043	111.8125	1.0	954000.0	306360
60.244713	74.125	1.0	954000.0	306360
52.443474	136.375	1.0	954000.0	306360
30.148216	47.65625	1.0	954000.0	306360
86.47843	92.125	1.0	954000.0	306360
79.57944	57.6875	1.0	954000.0	306360
83.61529	99.9375	1.0	954000.0	306360
79.693665	95.5625	1.0	954000.0	306360
76.74341	34.71875	1.0	954000.0	306360
202.85172	68.0	1.0	954000.0	306360
29.361712	150.875	1.0	954000.0	306360
69.20457	96.8125	1.0	954000.0	306360
99.74104	79.625	1.0	954000.0	306360
51.659714	96.0	1.0	954000.0	306360
73.51243	125.375	1.0	954000.0	306360
74.06657	30.671875	1.0	954000.0	306360
36.71051	75.4375	1.0	954000.0	306360
51.25687	84.1875	1.0	954000.0	306360
35.187183	115.3125	1.0	954000.0	306360
68.71384	59.03125	1.0	954000.0	306360
88.9998	53.1875	1.0	954000.0	306360
46.11358	111.5	1.0	954000.0	306360
75.05702	107.9375	1.0	954000.0	306360
67.80684	77.9375	1.0	954000.0	306360
147.41223	78.6875	1.0	954000.0	306360
51.119705	56.1875	1.0	954000.0	306360
54.801273	77.6875	1.0	954000.0	306360
129.73964	135.875	1.0	954000.0	306360
70.28613	103.875	1.0	954000.0	306360
42.22482	72.75	1.0	954000.0	306360
51.86062	61.59375	1.0	954000.0	306360
71.53978	116.3125	1.0	954000.0	306360
52.770386	59.09375	1.0	954000.0	306360
142.43126	136.875	1.0	954000.0	306360
87.1446	89.5625	1.0	954000.0	306360
92.16528	51.75	1.0	954000.0	306360
89.37246	86.9375	1.0	954000.0	306360
101.87402	71.25	1.0	954000.0	306360
32.100063	113.875	1.0	954000.0	306360
149.70201	95.0	1.0	954000.0	306360
57.478012	140.25	1.0	954000.0	306360
104.63179	57.5	1.0	954000.0	306360
77.14779	126.375	1.0	954000.0	306360
36.528885	71.4375	1.0	954000.0	306360
92.092705	148.75	1.0	954000.0	306360
52.44291	110.8125	1.0	954000.0	306360
38.47531	117.6875	1.0	954000.0	306360
125.84855	119.75	1.0	954000.0	306360
78.506645	81.75	1.0	954000.0	306360
113.894936	86.875	1.0	954000.0	306360
178.62949	82.9375	1.0	954000.0	306360
58.932796	50.1875	1.0	954000.0	306360
52.15327	116.625	1.0	954000.0	306360
88.94316	136.5	1.0	954000.0	306360
45.400852	132.125	1.0	954000.0	306360
48.274265	116.0625	1.0	954000.0	306360
50.052513	53.15625	1.0	954000.0	306360
135.70027	120.8125	1.0	954000.0	306360
73.55254	140.375	1.0	954000.0	306360
60.372173	121.8125	1.0	954000.0	306360
59.90307	101.4375	1.0	954000.0	306360
131.82477	60.59375	1.0	954000.0	306360
73.420334	101.8125	1.0	954000.0	306360
207.20404	80.875	1.0	954000.0	306360
77.881775	115.9375	1.0	954000.0	306360
61.713596	75.4375	1.0	954000.0	306360
79.824326	93.0625	1.0	954000.0	306360
70.35242	123.25	1.0	954000.0	306360
73.88323	60.5625	1.0	954000.0	306360
58.72249	89.25	1.0	954000.0	306360
71.30402	93.0	1.0	954000.0	306360
35.496063	138.75	1.0	954000.0	306360
41.56582	128.875	1.0	954000.0	306360
51.142212	103.375	1.0	954000.0	306360
87.092476	147.25	1.0	954000.0	306360
157.78249	112.8125	1.0	954000.0	306360
79.3418	84.0	1.0	954000.0	306360
39.94688	120.0625	1.0	954000.0	306360
114.74849	62.125	1.0	954000.0	306360
147.44673	148.125	1.0	954000.0	306360
91.84577	128.875	1.0	954000.0	306360
118.625046	84.8125	1.0	954000.0	306360
150.7483	102.5	1.0	954000.0	306360
89.8283	77.4375	1.0	954000.0	306360
201.99506	52.875	1.0	954000.0	306360
34.67423	100.25	1.0	954000.0	306360
74.54765	63.40625	1.0	954000.0	306360
45.315197	76.1875	1.0	954000.0	306360
65.36819	91.8125	1.0	954000.0	306360
86.260994	139.875	1.0	954000.0	306360
76.516106	83.0	1.0	954000.0	306360
78.51925	107.8125	1.0	954000.0	306360
58.67808	133.25	1.0	954000.0	306360
136.9582	152.5	1.0	954000.0	306360
51.836796	116.0	1.0	954000.0	306360
76.21061	60.375	1.0	954000.0	306360
117.966896	37.25	1.0	954000.0	306360
50.40838	92.0625	1.0	954000.0	306360
61.68301	84.0	1.0	954000.0	306360
83.03581	56.875	1.0	954000.0	306360
74.46083	59.625	1.0	954000.0	306360
131.76581	161.25	1.0	954000.0	306360
44.375816	83.4375	1.0	954000.0	306360
55.664036	45.65625	1.0	954000.0	306360
99.659294	100.75	1.0	954000.0	306360
68.29024	58.40625	1.0	954000.0	306360
60.03261	286.5	1.0	954000.0	306360
81.12462	78.4375	1.0	954000.0	306360
116.8972	51.84375	1.0	954000.0	306360
46.2965	110.5625	1.0	954000.0	306360
90.544075	82.0625	1.0	954000.0	306360
72.56024	73.0	1.0	954000.0	306360
77.133835	104.625	1.0	954000.0	306360
66.41642	70.9375	1.0	954000.0	306360
71.29699	55.96875	1.0	954000.0	306360
104.8675	55.03125	1.0	954000.0	306360
63.23084	97.1875	1.0	954000.0	306360
75.82231	68.125	1.0	954000.0	306360
70.223885	61.96875	1.0	954000.0	306360
47.92152	84.9375	1.0	954000.0	306360
44.25727	147.875	1.0	954000.0	306360
92.42305	127.875	1.0	954000.0	306360
23.221992	109.1875	1.0	954000.0	306360
85.74171	86.875	1.0	954000.0	306360
92.02484	94.5	1.0	954000.0	306360
34.857197	78.25	1.0	954000.0	306360
98.53325	125.5	1.0	954000.0	306360
98.34589	67.5	1.0	954000.0	306360
127.86291	144.75	1.0	954000.0	306360
78.93679	47.5	1.0	954000.0	306360
72.65526	58.46875	1.0	954000.0	306360
84.04689	95.9375	1.0	954000.0	306360
61.55776	109.125	1.0	954000.0	306360
87.161804	64.8125	1.0	954000.0	306360
48.37077	112.5	1.0	954000.0	306360
40.288464	153.875	1.0	954000.0	306360
78.30744	118.1875	1.0	954000.0	306360
79.07329	55.03125	1.0	954000.0	306360
62.428413	87.75	1.0	954000.0	306360
69.56904	113.4375	1.0	954000.0	306360
46.48716	97.6875	1.0	954000.0	306360
28.868656	132.0	1.0	954000.0	306360
29.201046	139.125	1.0	954000.0	306360
54.747555	131.75	1.0	954000.0	306360
65.70655	47.59375	1.0	954000.0	306360
68.22348	55.65625	1.0	954000.0	306360
49.851383	70.875	1.0	954000.0	306360
81.90494	86.5	1.0	954000.0	306360
41.874466	59.09375	1.0	954000.0	306360
91.097466	136.625	1.0	954000.0	306360
59.763046	52.90625	1.0	954000.0	306360
87.072975	151.0	1.0	954000.0	306360
39.22133	102.125	1.0	954000.0	306360
51.237324	95.5625	1.0	954000.0	306360
71.1902	65.9375	1.0	954000.0	306360
48.44334	66.9375	1.0	954000.0	306360
99.55676	132.625	1.0	954000.0	306360
83.92108	95.875	1.0	954000.0	306360
102.48069	111.25	1.0	954000.0	306360
43.623955	150.75	1.0	954000.0	306360
44.745983	49.09375	1.0	954000.0	306360
71.129974	129.25	1.0	954000.0	306360
87.016685	114.8125	1.0	954000.0	306360
78.15696	112.6875	1.0	954000.0	306360
76.79525	77.875	1.0	954000.0	306360
61.886898	100.375	1.0	954000.0	306360
61.47934	66.0	1.0	954000.0	306360
62.029636	55.40625	1.0	954000.0	306360
84.4581	36.625	1.0	954000.0	306360
56.231808	91.9375	1.0	954000.0	306360
58.587715	112.875	1.0	954000.0	306360
39.57225	60.625	1.0	954000.0	306360
69.7793	90.9375	1.0	954000.0	306360
140.51125	88.0	1.0	954000.0	306360
87.07372	98.125	1.0	954000.0	306360
111.51977	106.4375	1.0	954000.0	306360
72.754	105.0625	1.0	954000.0	306360
144.56923	57.875	1.0	954000.0	306360
51.652134	68.625	1.0	954000.0	306360
29.338802	135.5	1.0	954000.0	306360
52.63456	161.875	1.0	954000.0	306360
70.44304	35.78125	1.0	954000.0	306360
64.88454	70.25	1.0	954000.0	306360
78.67887	85.0	1.0	954000.0	306360
44.108517	62.34375	1.0	954000.0	306360
58.30052	130.625	1.0	954000.0	306360
204.5444	103.1875	1.0	954000.0	306360
56.1399	78.1875	1.0	954000.0	306360
130.6365	69.9375	1.0	954000.0	306360
70.12852	49.53125	1.0	954000.0	306360
77.49201	59.90625	1.0	954000.0	306360
43.63914	57.59375	1.0	954000.0	306360
104.61591	94.4375	1.0	954000.0	306360
34.418682	137.875	1.0	954000.0	306360
59.99172	64.4375	1.0	954000.0	306360
64.19848	125.5625	1.0	954000.0	306360
179.23022	114.625	1.0	954000.0	306360
73.37296	117.0	1.0	954000.0	306360
54.777218	43.0625	1.0	954000.0	306360
80.04954	114.125	1.0	954000.0	306360
45.95242	59.90625	1.0	954000.0	306360
101.22235	56.28125	1.0	954000.0	306360
149.83025	66.0	1.0	954000.0	306360
156.05397	48.6875	1.0	954000.0	306360
58.047546	142.25	1.0	954000.0	306360
49.59564	65.625	1.0	954000.0	306360
76.65632	93.25	1.0	954000.0	306360
67.7252	89.75	1.0	954000.0	306360
133.87927	140.0	1.0	954000.0	306360
112.3839	133.625	1.0	954000.0	306360
53.898193	109.0	1.0	954000.0	306360
97.73623	158.5	1.0	954000.0	306360
49.66881	68.125	1.0	954000.0	306360
54.301056	104.75	1.0	954000.0	306360
70.62821	69.4375	1.0	954000.0	306360
48.059383	92.0	1.0	954000.0	306360
65.77878	95.8125	1.0	954000.0	306360
79.59959	102.6875	1.0	954000.0	306360
98.82281	137.625	1.0	954000.0	306360
52.66442	87.125	1.0	954000.0	306360
70.554955	139.25	1.0	954000.0	306360
58.048336	120.8125	1.0	954000.0	306360
26.3424	56.25	1.0	954000.0	306360
199.78537	47.78125	1.0	954000.0	306360
44.497654	96.4375	1.0	954000.0	306360
54.602345	83.6875	1.0	954000.0	306360
109.18664	138.25	1.0	954000.0	306360
135.1723	79.5625	1.0	954000.0	306360
103.14274	67.625	1.0	954000.0	306360
73.32349	32.28125	1.0	954000.0	306360
60.829117	68.0	1.0	954000.0	306360
66.81681	85.875	1.0	954000.0	306360
72.588005	90.125	1.0	954000.0	306360
53.642544	89.1875	1.0	954000.0	306360
28.62686	92.375	1.0	954000.0	306360
125.2143	100.625	1.0	954000.0	306360
89.93444	96.25	1.0	954000.0	306360
70.87662	78.0625	1.0	954000.0	306360
77.02943	109.0	1.0	954000.0	306360
27.645105	150.5	1.0	954000.0	306360
46.585453	71.625	1.0	954000.0	306360
65.35939	65.0	1.0	954000.0	306360
85.18521	50.96875	1.0	954000.0	306360
54.09697	132.25	1.0	954000.0	306360
161.77245	88.1875	1.0	954000.0	306360
133.52834	69.75	1.0	954000.0	306360
69.65228	99.75	1.0	954000.0	306360
48.47242	127.625	1.0	954000.0	306360
132.3833	40.75	1.0	954000.0	306360
179.12021	108.3125	1.0	954000.0	306360
82.714165	87.25	1.0	954000.0	306360
92.33206	72.8125	1.0	954000.0	306360
108.26709	71.3125	1.0	954000.0	306360
136.32208	106.5625	1.0	954000.0	306360
68.83386	137.875	1.0	954000.0	306360
136.04126	54.96875	1.0	954000.0	306360
96.018005	102.8125	1.0	954000.0	306360
94.4739	81.25	1.0	954000.0	306360
59.714222	150.75	1.0	954000.0	306360
44.189354	139.375	1.0	954000.0	306360
41.494186	82.75	1.0	954000.0	306360
76.823715	56.3125	1.0	954000.0	306360
133.41046	109.875	1.0	954000.0	306360
59.896137	109.0625	1.0	954000.0	306360
50.681236	92.0625	1.0	954000.0	306360
138.50497	103.5625	1.0	954000.0	306360
55.680897	144.0	1.0	954000.0	306360
60.4982	59.15625	1.0	954000.0	306360
67.50675	89.4375	1.0	954000.0	306360
52.368362	158.125	1.0	954000.0	306360
90.54651	76.0625	1.0	954000.0	306360
62.448704	56.40625	1.0	954000.0	306360
99.07256	130.75	1.0	954000.0	306360
53.804207	112.5	1.0	954000.0	306360
52.89821	92.1875	1.0	954000.0	306360
76.78848	90.8125	1.0	954000.0	306360
81.32798	104.375	1.0	954000.0	306360
59.213005	64.3125	1.0	954000.0	306360
50.77016	64.3125	1.0	954000.0	306360
48.722416	71.8125	1.0	954000.0	306360
108.59577	80.1875	1.0	954000.0	306360
45.00965	115.0	1.0	954000.0	306360
43.009903	57.78125	1.0	954000.0	306360
21.574574	107.125	1.0	954000.0	306360
44.96752	93.6875	1.0	954000.0	306360
59.75795	84.8125	1.0	954000.0	306360
41.999607	80.625	1.0	954000.0	306360
90.00352	107.0625	1.0	954000.0	306360
107.755035	67.125	1.0	954000.0	306360
188.1094	94.875	1.0	954000.0	306360
97.30929	69.5	1.0	954000.0	306360
67.638535	94.0	1.0	954000.0	306360
52.336132	95.875	1.0	954000.0	306360
73.125916	69.0	1.0	954000.0	306360
167.73769	120.75	1.0	954000.0	306360
98.5558	80.6875	1.0	954000.0	306360
79.85902	142.375	1.0	954000.0	306360
51.680275	79.0	1.0	954000.0	306360
64.43178	58.75	1.0	954000.0	306360
39.441578	128.625	1.0	954000.0	306360
44.475582	72.3125	1.0	954000.0	306360
138.65257	108.0	1.0	954000.0	306360
53.216377	74.3125	1.0	954000.0	306360
70.17243	71.4375	1.0	954000.0	306360
133.08604	103.0625	1.0	954000.0	306360
82.468124	77.25	1.0	954000.0	306360
64.30756	111.0	1.0	954000.0	306360
17.681993	92.125	1.0	954000.0	306360
67.658714	56.6875	1.0	954000.0	306360
91.83845	170.375	1.0	954000.0	306360
63.185867	156.25	1.0	954000.0	306360
120.86278	106.6875	1.0	954000.0	306360
46.612835	99.25	1.0	954000.0	306360
93.2196	147.375	1.0	954000.0	306360
70.250015	119.5	1.0	954000.0	306360
96.267876	61.53125	1.0	954000.0	306360
121.0265	89.5625	1.0	954000.0	306360
86.474815	97.625	1.0	954000.0	306360
30.906134	102.1875	1.0	954000.0	306360
17.165417	133.75	1.0	954000.0	306360
81.616844	58.25	1.0	954000.0	306360
38.557117	78.25	1.0	954000.0	306360
156.80304	62.03125	1.0	954000.0	306360
78.04684	93.3125	1.0	954000.0	306360
53.146614	189.625	1.0	954000.0	306360
157.11035	64.8125	1.0	954000.0	306360
111.861404	129.5	1.0	954000.0	306360
97.562836	57.5	1.0	954000.0	306360
66.84432	92.0625	1.0	954000.0	306360
33.868786	80.375	1.0	954000.0	306360
93.347786	32.0625	1.0	954000.0	306360
50.336376	59.875	1.0	954000.0	306360
104.708336	116.1875	1.0	954000.0	306360
84.671196	58.375	1.0	954000.0	306360
53.18353	207.25	1.0	954000.0	306360
133.81104	58.90625	1.0	954000.0	306360
46.52091	83.9375	1.0	954000.0	306360
68.92155	68.75	1.0	954000.0	306360
73.36764	116.25	1.0	954000.0	306360
86.82994	100.0625	1.0	954000.0	306360
67.905136	83.75	1.0	954000.0	306360
19.686867	91.4375	1.0	954000.0	306360
124.10831	63.0	1.0	954000.0	306360
67.62763	85.6875	1.0	954000.0	306360
170.44948	83.8125	1.0	954000.0	306360
125.91261	80.375	1.0	954000.0	306360
123.32704	192.125	1.0	954000.0	306360
102.908775	119.875	1.0	954000.0	306360
45.354397	53.875	1.0	954000.0	306360
41.70587	101.1875	1.0	954000.0	306360
49.245594	103.375	1.0	954000.0	306360
54.338238	101.4375	1.0	954000.0	306360
75.21042	70.125	1.0	954000.0	306360
269.94644	123.1875	1.0	954000.0	306360
62.37362	138.25	1.0	954000.0	306360
102.43472	123.6875	1.0	954000.0	306360
71.18231	106.25	1.0	954000.0	306360
91.74447	102.625	1.0	954000.0	306360
53.17027	63.53125	1.0	954000.0	306360
108.183365	158.375	1.0	954000.0	306360
89.96332	130.625	1.0	954000.0	306360
75.76148	143.375	1.0	954000.0	306360
77.19782	85.9375	1.0	954000.0	306360
52.599037	80.9375	1.0	954000.0	306360
71.65895	126.125	1.0	954000.0	306360
140.11684	66.0	1.0	954000.0	306360
66.71206	68.625	1.0	954000.0	306360
49.051716	50.53125	1.0	954000.0	306360
101.904915	76.75	1.0	954000.0	306360
47.39685	135.125	1.0	954000.0	306360
59.783787	61.9375	1.0	954000.0	306360
109.46831	125.125	1.0	954000.0	306360
89.48982	151.25	1.0	954000.0	306360
76.164764	88.875	1.0	954000.0	306360
35.799915	112.5	1.0	954000.0	306360
62.429726	60.40625	1.0	954000.0	306360
64.94007	66.125	1.0	954000.0	306360
88.0219	102.5625	1.0	954000.0	306360
58.99658	128.5	1.0	954000.0	306360
107.28648	59.8125	1.0	954000.0	306360
116.787315	71.875	1.0	954000.0	306360
130.45651	143.0	1.0	954000.0	306360
67.10679	157.125	1.0	954000.0	306360
92.602806	48.03125	1.0	954000.0	306360
85.55343	110.5	1.0	954000.0	306360
164.19757	76.6875	1.0	954000.0	306360
64.71177	60.3125	1.0	954000.0	306360
63.779617	97.5625	1.0	954000.0	306360
103.59688	92.625	1.0	954000.0	306360
134.71266	88.75	1.0	954000.0	306360
45.393074	143.875	1.0	954000.0	306360
51.106373	101.375	1.0	954000.0	306360
162.408	38.6875	1.0	954000.0	306360
83.71916	89.0625	1.0	954000.0	306360
234.62198	82.625	1.0	954000.0	306360
70.53758	74.875	1.0	954000.0	306360
183.10759	85.9375	1.0	954000.0	306360
113.43056	123.0	1.0	954000.0	306360
68.382286	100.875	1.0	954000.0	306360
69.92352	112.8125	1.0	954000.0	306360
50.224106	54.0625	1.0	954000.0	306360
80.15249	61.1875	1.0	954000.0	306360
28.720581	147.0	1.0	954000.0	306360
72.90668	55.03125	1.0	954000.0	306360
113.433205	81.5625	1.0	954000.0	306360
51.16931	98.875	1.0	954000.0	306360
74.99033	53.59375	1.0	954000.0	306360
50.739014	75.9375	1.0	954000.0	306360
78.4811	166.625	1.0	954000.0	306360
77.37412	127.125	1.0	954000.0	306360
104.244255	38.9375	1.0	954000.0	306360
78.3693	91.9375	1.0	954000.0	306360
90.12067	60.5625	1.0	954000.0	306360
59.289566	112.1875	1.0	954000.0	306360
88.03662	57.15625	1.0	954000.0	306360
55.69282	29.421875	1.0	954000.0	306360
61.378235	66.4375	1.0	954000.0	306360
42.72964	119.5	1.0	954000.0	306360
28.140093	69.125	1.0	954000.0	306360
59.566708	64.125	1.0	954000.0	306360
45.36582	92.5625	1.0	954000.0	306360
55.723904	59.40625	1.0	954000.0	306360
48.925694	54.625	1.0	954000.0	306360
57.56032	40.5625	1.0	954000.0	306360
62.34919	55.28125	1.0	954000.0	306360
71.47311	56.125	1.0	954000.0	306360
77.25796	39.96875	1.0	954000.0	306360
71.172745	72.125	1.0	954000.0	306360
73.85288	56.375	1.0	954000.0	306360
164.25304	120.875	1.0	954000.0	306360
41.839085	58.75	1.0	954000.0	306360
128.00227	59.375	1.0	954000.0	306360
81.804085	69.875	1.0	954000.0	306360
127.49749	49.8125	1.0	954000.0	306360
97.80746	129.75	1.0	954000.0	306360
160.6048	78.4375	1.0	954000.0	306360
68.76807	72.0	1.0	954000.0	306360
70.832535	103.3125	1.0	954000.0	306360
73.97621	106.9375	1.0	954000.0	306360
54.050495	144.25	1.0	954000.0	306360
109.08912	64.5625	1.0	954000.0	306360
68.67391	30.359375	1.0	954000.0	306360
52.13977	130.375	1.0	954000.0	306360
116.61419	83.25	1.0	954000.0	306360
73.03512	71.25	1.0	954000.0	306360
72.26899	66.8125	1.0	954000.0	306360
76.9829	145.75	1.0	954000.0	306360
74.41111	126.25	1.0	954000.0	306360
35.268997	61.09375	1.0	954000.0	306360
65.692764	92.9375	1.0	954000.0	306360
85.34637	147.75	1.0	954000.0	306360
72.196205	80.8125	1.0	954000.0	306360
61.383324	92.3125	1.0	954000.0	306360
67.64127	68.75	1.0	954000.0	306360
169.88095	78.5	1.0	954000.0	306360
57.341797	76.125	1.0	954000.0	306360
115.79575	128.625	1.0	954000.0	306360
63.583324	111.4375	1.0	954000.0	306360
119.66287	108.5625	1.0	954000.0	306360
123.64779	55.71875	1.0	954000.0	306360
57.31202	47.90625	1.0	954000.0	306360
108.29215	140.25	1.0	954000.0	306360
76.5225	104.75	1.0	954000.0	306360
72.45842	156.75	1.0	954000.0	306360
74.355255	116.75	1.0	954000.0	306360
63.2281	101.0	1.0	954000.0	306360
70.71926	54.71875	1.0	954000.0	306360
53.34528	81.375	1.0	954000.0	306360
65.453026	116.375	1.0	954000.0	306360
58.868244	75.5	1.0	954000.0	306360
89.73169	75.9375	1.0	954000.0	306360
45.34249	91.6875	1.0	954000.0	306360
84.05068	88.6875	1.0	954000.0	306360
76.499565	84.75	1.0	954000.0	306360
54.105457	145.75	1.0	954000.0	306360
128.77382	101.5625	1.0	954000.0	306360
104.058304	64.75	1.0	954000.0	306360
62.14828	67.9375	1.0	954000.0	306360
69.95874	106.4375	1.0	954000.0	306360
59.443203	79.4375	1.0	954000.0	306360
96.5078	120.75	1.0	954000.0	306360
63.61681	101.125	1.0	954000.0	306360
39.619896	78.75	1.0	954000.0	306360
57.032055	119.5	1.0	954000.0	306360
43.734108	116.8125	1.0	954000.0	306360
44.691692	88.1875	1.0	954000.0	306360
70.097824	62.53125	1.0	954000.0	306360
186.3191	107.875	1.0	954000.0	306360
144.18039	97.625	1.0	954000.0	306360
66.17885	69.875	1.0	954000.0	306360
78.903046	116.0	1.0	954000.0	306360
58.742138	111.75	1.0	954000.0	306360
118.893616	144.625	1.0	954000.0	306360
70.22414	135.375	1.0	954000.0	306360
79.290596	142.5	1.0	954000.0	306360
62.17969	87.0625	1.0	954000.0	306360
155.01135	45.09375	1.0	954000.0	306360
57.29502	116.25	1.0	954000.0	306360
72.86347	93.75	1.0	954000.0	306360
25.293928	150.375	1.0	954000.0	306360
116.42795	69.875	1.0	954000.0	306360
46.775192	106.875	1.0	954000.0	306360
56.25513	106.125	1.0	954000.0	306360
60.116844	158.125	1.0	954000.0	306360
51.038315	67.1875	1.0	954000.0	306360
46.820183	44.6875	1.0	954000.0	306360
48.713707	139.125	1.0	954000.0	306360
85.67115	76.8125	1.0	954000.0	306360
55.455452	68.875	1.0	954000.0	306360
80.63648	85.3125	1.0	954000.0	306360
61.92215	142.0	1.0	954000.0	306360
50.8583	51.375	1.0	954000.0	306360
31.675077	96.375	1.0	954000.0	306360
79.156006	87.875	1.0	954000.0	306360
50.42811	78.9375	1.0	954000.0	306360
124.57062	113.75	1.0	954000.0	306360
77.44128	94.5625	1.0	954000.0	306360
116.597725	96.375	1.0	954000.0	306360
83.26214	43.59375	1.0	954000.0	306360
41.745438	101.625	1.0	954000.0	306360
95.529465	90.0	1.0	954000.0	306360
