lep_pt	AK4_pt	genWeights	sumWeight	N_exp
162.46536	100.3125	1.0	726000.0	306360
66.8443	69.4375	1.0	726000.0	306360
89.066864	101.875	1.0	726000.0	306360
192.23787	115.5625	1.0	726000.0	306360
153.41312	54.96875	1.0	726000.0	306360
57.785446	69.4375	1.0	726000.0	306360
85.00289	117.75	1.0	726000.0	306360
54.10364	54.0	1.0	726000.0	306360
115.07794	59.875	1.0	726000.0	306360
46.83441	124.3125	1.0	726000.0	306360
74.674225	63.5625	1.0	726000.0	306360
68.65161	126.3125	1.0	726000.0	306360
45.06127	82.625	1.0	726000.0	306360
87.46996	157.625	1.0	726000.0	306360
56.680542	83.5625	1.0	726000.0	306360
54.92339	43.0	1.0	726000.0	306360
88.98363	125.625	1.0	726000.0	306360
117.33039	59.875	1.0	726000.0	306360
108.387184	151.5	1.0	726000.0	306360
101.605064	86.625	1.0	726000.0	306360
62.212246	70.875	1.0	726000.0	306360
42.77309	107.8125	1.0	726000.0	306360
65.67412	115.1875	1.0	726000.0	306360
49.576073	80.875	1.0	726000.0	306360
131.28091	88.875	1.0	726000.0	306360
154.4893	120.5	1.0	726000.0	306360
111.37182	52.5625	1.0	726000.0	306360
66.047676	77.5625	1.0	726000.0	306360
68.55055	43.65625	1.0	726000.0	306360
93.547646	58.625	1.0	726000.0	306360
149.87842	75.25	1.0	726000.0	306360
47.315628	56.875	1.0	726000.0	306360
36.83634	104.1875	1.0	726000.0	306360
72.41868	75.375	1.0	726000.0	306360
17.49215	79.25	1.0	726000.0	306360
57.06375	116.5	1.0	726000.0	306360
57.434093	80.8125	1.0	726000.0	306360
88.76775	70.6875	1.0	726000.0	306360
111.752335	35.25	1.0	726000.0	306360
44.037544	89.3125	1.0	726000.0	306360
228.6673	56.78125	1.0	726000.0	306360
88.801445	123.5625	1.0	726000.0	306360
83.09133	66.9375	1.0	726000.0	306360
141.54578	60.90625	1.0	726000.0	306360
62.585876	70.1875	1.0	726000.0	306360
70.19796	150.0	1.0	726000.0	306360
52.17383	112.5625	1.0	726000.0	306360
68.18881	43.625	1.0	726000.0	306360
61.375298	91.3125	1.0	726000.0	306360
54.76366	103.875	1.0	726000.0	306360
100.40371	45.5625	1.0	726000.0	306360
83.65133	85.0625	1.0	726000.0	306360
79.1447	157.125	1.0	726000.0	306360
59.9145	41.125	1.0	726000.0	306360
149.92148	73.8125	1.0	726000.0	306360
52.890217	70.8125	1.0	726000.0	306360
75.594765	69.375	1.0	726000.0	306360
65.027626	84.9375	1.0	726000.0	306360
69.46636	109.0	1.0	726000.0	306360
103.53765	55.25	1.0	726000.0	306360
47.593132	57.625	1.0	726000.0	306360
99.70759	119.6875	1.0	726000.0	306360
56.946644	63.15625	1.0	726000.0	306360
50.3087	151.75	1.0	726000.0	306360
163.08617	55.75	1.0	726000.0	306360
96.67652	126.25	1.0	726000.0	306360
43.813705	50.21875	1.0	726000.0	306360
52.17611	94.0625	1.0	726000.0	306360
193.08484	108.125	1.0	726000.0	306360
46.816605	60.09375	1.0	726000.0	306360
62.01646	50.0625	1.0	726000.0	306360
48.22054	72.9375	1.0	726000.0	306360
38.946453	104.375	1.0	726000.0	306360
70.05596	79.1875	1.0	726000.0	306360
47.122784	154.625	1.0	726000.0	306360
149.22612	149.125	1.0	726000.0	306360
72.92811	93.8125	1.0	726000.0	306360
88.715225	58.40625	1.0	726000.0	306360
89.10408	113.5625	1.0	726000.0	306360
97.85867	141.25	1.0	726000.0	306360
81.18964	70.1875	1.0	726000.0	306360
87.888466	84.4375	1.0	726000.0	306360
60.084126	60.25	1.0	726000.0	306360
147.15288	122.4375	1.0	726000.0	306360
60.125706	102.375	1.0	726000.0	306360
76.91783	85.125	1.0	726000.0	306360
102.01536	220.875	1.0	726000.0	306360
81.825905	77.625	1.0	726000.0	306360
50.048977	48.5625	1.0	726000.0	306360
65.067276	93.125	1.0	726000.0	306360
38.49762	102.25	1.0	726000.0	306360
117.6857	93.9375	1.0	726000.0	306360
75.013336	85.375	1.0	726000.0	306360
87.54513	61.15625	1.0	726000.0	306360
82.05467	95.5	1.0	726000.0	306360
65.86352	66.0625	1.0	726000.0	306360
54.224712	145.375	1.0	726000.0	306360
45.538475	122.125	1.0	726000.0	306360
86.38639	73.375	1.0	726000.0	306360
79.31731	35.625	1.0	726000.0	306360
56.296482	83.0625	1.0	726000.0	306360
143.40724	44.5625	1.0	726000.0	306360
44.028687	67.375	1.0	726000.0	306360
60.0326	84.625	1.0	726000.0	306360
67.84686	58.78125	1.0	726000.0	306360
69.681885	79.4375	1.0	726000.0	306360
84.306206	82.25	1.0	726000.0	306360
97.19204	112.1875	1.0	726000.0	306360
66.27165	117.0	1.0	726000.0	306360
121.69672	94.625	1.0	726000.0	306360
61.263844	77.0	1.0	726000.0	306360
72.47689	161.0	1.0	726000.0	306360
39.269455	83.1875	1.0	726000.0	306360
98.25209	93.125	1.0	726000.0	306360
78.017746	97.6875	1.0	726000.0	306360
143.232	98.5	1.0	726000.0	306360
86.88741	97.8125	1.0	726000.0	306360
66.75522	101.0625	1.0	726000.0	306360
97.62226	67.875	1.0	726000.0	306360
99.40101	75.875	1.0	726000.0	306360
54.112495	84.3125	1.0	726000.0	306360
40.404583	124.25	1.0	726000.0	306360
57.65967	159.375	1.0	726000.0	306360
70.51175	180.0	1.0	726000.0	306360
61.80759	78.0	1.0	726000.0	306360
109.31198	77.8125	1.0	726000.0	306360
41.737766	95.0625	1.0	726000.0	306360
65.32675	103.5625	1.0	726000.0	306360
52.558258	120.5625	1.0	726000.0	306360
29.209627	76.1875	1.0	726000.0	306360
139.58386	93.0	1.0	726000.0	306360
30.079327	134.0	1.0	726000.0	306360
98.95638	55.125	1.0	726000.0	306360
54.574604	90.375	1.0	726000.0	306360
126.00797	76.6875	1.0	726000.0	306360
93.812706	156.375	1.0	726000.0	306360
54.326797	90.5625	1.0	726000.0	306360
80.05251	38.0	1.0	726000.0	306360
68.31693	70.4375	1.0	726000.0	306360
97.23452	59.71875	1.0	726000.0	306360
155.49698	112.875	1.0	726000.0	306360
53.463615	65.5	1.0	726000.0	306360
37.569935	115.0	1.0	726000.0	306360
51.49905	58.21875	1.0	726000.0	306360
70.26774	128.875	1.0	726000.0	306360
81.4623	87.5	1.0	726000.0	306360
116.279205	104.9375	1.0	726000.0	306360
66.30862	90.0	1.0	726000.0	306360
94.10367	69.125	1.0	726000.0	306360
76.92189	65.6875	1.0	726000.0	306360
50.818905	135.125	1.0	726000.0	306360
70.83985	68.4375	1.0	726000.0	306360
89.37517	89.125	1.0	726000.0	306360
71.621605	58.15625	1.0	726000.0	306360
24.481617	145.375	1.0	726000.0	306360
80.11554	58.625	1.0	726000.0	306360
45.65993	62.625	1.0	726000.0	306360
155.33293	110.0625	1.0	726000.0	306360
51.94007	123.0625	1.0	726000.0	306360
62.65737	78.625	1.0	726000.0	306360
61.6336	102.1875	1.0	726000.0	306360
61.618874	73.3125	1.0	726000.0	306360
54.24696	136.75	1.0	726000.0	306360
121.09072	89.0625	1.0	726000.0	306360
41.166073	99.3125	1.0	726000.0	306360
44.200764	97.5625	1.0	726000.0	306360
34.397903	41.21875	1.0	726000.0	306360
80.175224	115.5625	1.0	726000.0	306360
78.59634	135.625	1.0	726000.0	306360
45.660015	69.1875	1.0	726000.0	306360
52.997913	100.25	1.0	726000.0	306360
167.13823	41.53125	1.0	726000.0	306360
86.68631	58.25	1.0	726000.0	306360
89.94638	57.5625	1.0	726000.0	306360
119.33081	62.46875	1.0	726000.0	306360
60.21957	105.9375	1.0	726000.0	306360
66.5919	117.9375	1.0	726000.0	306360
130.79543	84.125	1.0	726000.0	306360
143.33208	119.625	1.0	726000.0	306360
107.62516	79.5	1.0	726000.0	306360
117.8369	78.75	1.0	726000.0	306360
48.016468	73.125	1.0	726000.0	306360
50.680504	76.5	1.0	726000.0	306360
68.419815	58.28125	1.0	726000.0	306360
98.47074	91.4375	1.0	726000.0	306360
56.80304	75.0	1.0	726000.0	306360
81.88441	156.75	1.0	726000.0	306360
95.65159	95.4375	1.0	726000.0	306360
66.10712	77.25	1.0	726000.0	306360
145.61887	37.78125	1.0	726000.0	306360
58.70318	95.875	1.0	726000.0	306360
65.488144	102.0	1.0	726000.0	306360
44.494503	89.625	1.0	726000.0	306360
141.81813	136.625	1.0	726000.0	306360
147.38976	149.5	1.0	726000.0	306360
44.773552	121.4375	1.0	726000.0	306360
71.206604	89.0	1.0	726000.0	306360
106.15553	136.375	1.0	726000.0	306360
63.20403	61.90625	1.0	726000.0	306360
31.375137	98.0625	1.0	726000.0	306360
49.55707	107.625	1.0	726000.0	306360
140.39534	132.0	1.0	726000.0	306360
110.42903	95.5625	1.0	726000.0	306360
65.62799	114.3125	1.0	726000.0	306360
73.25394	98.25	1.0	726000.0	306360
65.70108	57.6875	1.0	726000.0	306360
82.26747	88.8125	1.0	726000.0	306360
72.49603	67.75	1.0	726000.0	306360
75.18942	132.25	1.0	726000.0	306360
76.39573	85.125	1.0	726000.0	306360
107.45072	149.875	1.0	726000.0	306360
75.13613	145.875	1.0	726000.0	306360
55.44236	152.625	1.0	726000.0	306360
63.17899	59.3125	1.0	726000.0	306360
66.37351	92.0	1.0	726000.0	306360
76.75065	56.59375	1.0	726000.0	306360
50.519405	127.625	1.0	726000.0	306360
136.43153	147.875	1.0	726000.0	306360
83.13809	84.3125	1.0	726000.0	306360
134.46875	70.5625	1.0	726000.0	306360
77.798004	95.8125	1.0	726000.0	306360
66.875435	28.953125	1.0	726000.0	306360
107.00321	70.5625	1.0	726000.0	306360
158.01135	157.75	1.0	726000.0	306360
103.44153	78.75	1.0	726000.0	306360
53.4964	90.9375	1.0	726000.0	306360
149.1109	105.875	1.0	726000.0	306360
44.156624	60.84375	1.0	726000.0	306360
85.222946	135.0	1.0	726000.0	306360
79.377785	106.25	1.0	726000.0	306360
79.89713	67.5	1.0	726000.0	306360
31.13408	62.75	1.0	726000.0	306360
105.10728	76.25	1.0	726000.0	306360
159.92566	107.5625	1.0	726000.0	306360
109.090614	155.875	1.0	726000.0	306360
65.471634	145.625	1.0	726000.0	306360
80.127785	70.5625	1.0	726000.0	306360
62.344368	88.5	1.0	726000.0	306360
154.47769	84.75	1.0	726000.0	306360
77.11583	100.5625	1.0	726000.0	306360
55.786327	94.1875	1.0	726000.0	306360
47.039295	95.1875	1.0	726000.0	306360
56.30247	97.625	1.0	726000.0	306360
106.06379	96.125	1.0	726000.0	306360
53.451195	46.75	1.0	726000.0	306360
113.65714	72.4375	1.0	726000.0	306360
88.76308	125.5625	1.0	726000.0	306360
68.223564	85.625	1.0	726000.0	306360
59.47269	48.5	1.0	726000.0	306360
71.96859	82.375	1.0	726000.0	306360
59.435326	90.6875	1.0	726000.0	306360
79.60189	130.875	1.0	726000.0	306360
54.366497	87.0	1.0	726000.0	306360
55.15459	74.875	1.0	726000.0	306360
39.14101	116.9375	1.0	726000.0	306360
46.58206	80.75	1.0	726000.0	306360
315.84998	148.125	1.0	726000.0	306360
190.84492	91.375	1.0	726000.0	306360
64.91795	60.28125	1.0	726000.0	306360
32.1137	105.6875	1.0	726000.0	306360
72.93718	95.0625	1.0	726000.0	306360
42.121063	64.75	1.0	726000.0	306360
59.67272	119.375	1.0	726000.0	306360
48.208584	148.625	1.0	726000.0	306360
65.544716	70.5	1.0	726000.0	306360
116.293785	86.1875	1.0	726000.0	306360
58.210125	73.9375	1.0	726000.0	306360
30.98056	87.8125	1.0	726000.0	306360
77.747215	83.3125	1.0	726000.0	306360
75.09234	122.1875	1.0	726000.0	306360
59.698757	145.75	1.0	726000.0	306360
61.26328	80.4375	1.0	726000.0	306360
85.95829	74.0625	1.0	726000.0	306360
82.62712	81.4375	1.0	726000.0	306360
57.026226	74.25	1.0	726000.0	306360
107.92774	48.3125	1.0	726000.0	306360
46.244728	130.875	1.0	726000.0	306360
111.9822	109.125	1.0	726000.0	306360
60.344025	83.0	1.0	726000.0	306360
82.76197	119.5625	1.0	726000.0	306360
108.79899	91.125	1.0	726000.0	306360
63.50206	142.0	1.0	726000.0	306360
118.643105	67.75	1.0	726000.0	306360
70.64201	99.9375	1.0	726000.0	306360
52.347004	88.875	1.0	726000.0	306360
85.146935	48.5	1.0	726000.0	306360
52.40854	74.75	1.0	726000.0	306360
46.027695	130.375	1.0	726000.0	306360
62.252014	104.5	1.0	726000.0	306360
73.42929	81.6875	1.0	726000.0	306360
171.63991	108.375	1.0	726000.0	306360
117.27958	71.8125	1.0	726000.0	306360
135.34053	58.0625	1.0	726000.0	306360
97.96538	114.25	1.0	726000.0	306360
45.53417	75.9375	1.0	726000.0	306360
60.465656	50.65625	1.0	726000.0	306360
69.980156	114.9375	1.0	726000.0	306360
46.08224	98.625	1.0	726000.0	306360
50.00191	60.40625	1.0	726000.0	306360
85.44259	64.75	1.0	726000.0	306360
93.27144	93.4375	1.0	726000.0	306360
79.0358	61.53125	1.0	726000.0	306360
74.77864	85.75	1.0	726000.0	306360
77.4505	122.9375	1.0	726000.0	306360
54.65815	96.5	1.0	726000.0	306360
102.97012	87.5	1.0	726000.0	306360
51.52559	86.625	1.0	726000.0	306360
116.410835	100.1875	1.0	726000.0	306360
64.89337	38.125	1.0	726000.0	306360
62.622734	72.9375	1.0	726000.0	306360
43.139122	90.0	1.0	726000.0	306360
88.891365	142.625	1.0	726000.0	306360
145.08012	57.375	1.0	726000.0	306360
71.928856	120.4375	1.0	726000.0	306360
53.187157	124.5	1.0	726000.0	306360
143.60027	128.375	1.0	726000.0	306360
29.545738	94.5	1.0	726000.0	306360
52.58197	60.5625	1.0	726000.0	306360
76.473915	63.25	1.0	726000.0	306360
108.076805	127.6875	1.0	726000.0	306360
133.3677	123.4375	1.0	726000.0	306360
106.5583	132.375	1.0	726000.0	306360
101.11575	74.75	1.0	726000.0	306360
68.600586	98.0625	1.0	726000.0	306360
69.54604	85.0	1.0	726000.0	306360
89.192635	37.8125	1.0	726000.0	306360
70.50903	97.0625	1.0	726000.0	306360
50.15578	67.4375	1.0	726000.0	306360
138.34033	57.25	1.0	726000.0	306360
71.09956	81.0	1.0	726000.0	306360
47.3639	73.3125	1.0	726000.0	306360
69.52374	86.3125	1.0	726000.0	306360
122.65829	100.375	1.0	726000.0	306360
170.46687	128.375	1.0	726000.0	306360
56.24852	137.875	1.0	726000.0	306360
90.906784	62.03125	1.0	726000.0	306360
104.125435	45.125	1.0	726000.0	306360
61.451	91.125	1.0	726000.0	306360
79.969124	65.375	1.0	726000.0	306360
36.684856	77.1875	1.0	726000.0	306360
41.662346	149.125	1.0	726000.0	306360
185.78018	71.5	1.0	726000.0	306360
48.997463	140.5	1.0	726000.0	306360
34.66579	78.75	1.0	726000.0	306360
98.47226	55.75	1.0	726000.0	306360
156.7656	55.125	1.0	726000.0	306360
43.965958	140.75	1.0	726000.0	306360
87.04028	40.8125	1.0	726000.0	306360
73.40389	88.5	1.0	726000.0	306360
58.287457	123.25	1.0	726000.0	306360
105.04355	125.0625	1.0	726000.0	306360
63.125515	42.0625	1.0	726000.0	306360
57.21802	68.4375	1.0	726000.0	306360
57.50506	138.0	1.0	726000.0	306360
82.95157	78.9375	1.0	726000.0	306360
61.563835	96.0	1.0	726000.0	306360
56.36156	57.5	1.0	726000.0	306360
192.65662	97.75	1.0	726000.0	306360
64.96423	100.6875	1.0	726000.0	306360
61.55814	115.1875	1.0	726000.0	306360
104.2843	79.75	1.0	726000.0	306360
76.3196	127.625	1.0	726000.0	306360
89.64571	102.625	1.0	726000.0	306360
47.305424	59.71875	1.0	726000.0	306360
88.41538	74.9375	1.0	726000.0	306360
93.60117	123.3125	1.0	726000.0	306360
151.11667	123.8125	1.0	726000.0	306360
73.207	59.4375	1.0	726000.0	306360
104.21372	109.5625	1.0	726000.0	306360
86.17683	68.6875	1.0	726000.0	306360
71.30235	63.0625	1.0	726000.0	306360
91.585106	133.25	1.0	726000.0	306360
106.32677	120.1875	1.0	726000.0	306360
152.47456	77.625	1.0	726000.0	306360
65.85025	130.0	1.0	726000.0	306360
98.81263	123.375	1.0	726000.0	306360
35.046417	73.0	1.0	726000.0	306360
57.34083	74.3125	1.0	726000.0	306360
76.25142	96.3125	1.0	726000.0	306360
47.09835	83.75	1.0	726000.0	306360
37.637604	124.5	1.0	726000.0	306360
37.63335	72.6875	1.0	726000.0	306360
51.579556	95.375	1.0	726000.0	306360
89.93746	44.8125	1.0	726000.0	306360
80.78804	80.875	1.0	726000.0	306360
102.079025	84.625	1.0	726000.0	306360
139.8544	52.21875	1.0	726000.0	306360
125.147575	128.625	1.0	726000.0	306360
42.28537	85.5625	1.0	726000.0	306360
142.93092	105.4375	1.0	726000.0	306360
38.192154	72.1875	1.0	726000.0	306360
62.787025	100.375	1.0	726000.0	306360
63.261425	110.25	1.0	726000.0	306360
49.813126	161.125	1.0	726000.0	306360
57.14629	142.375	1.0	726000.0	306360
54.91346	95.25	1.0	726000.0	306360
77.103195	64.3125	1.0	726000.0	306360
78.11279	112.3125	1.0	726000.0	306360
67.80228	71.25	1.0	726000.0	306360
54.93549	114.8125	1.0	726000.0	306360
39.72068	133.75	1.0	726000.0	306360
68.73926	56.46875	1.0	726000.0	306360
41.98685	109.625	1.0	726000.0	306360
48.31179	64.4375	1.0	726000.0	306360
56.593067	69.875	1.0	726000.0	306360
46.729458	88.3125	1.0	726000.0	306360
95.8378	107.625	1.0	726000.0	306360
111.20577	133.875	1.0	726000.0	306360
236.65765	110.375	1.0	726000.0	306360
68.10245	134.0	1.0	726000.0	306360
97.25895	138.75	1.0	726000.0	306360
33.405228	68.9375	1.0	726000.0	306360
84.39648	81.5	1.0	726000.0	306360
53.148495	91.375	1.0	726000.0	306360
68.3175	58.09375	1.0	726000.0	306360
79.7248	61.96875	1.0	726000.0	306360
45.25211	74.6875	1.0	726000.0	306360
41.335808	131.5	1.0	726000.0	306360
55.158596	134.875	1.0	726000.0	306360
105.95761	116.625	1.0	726000.0	306360
61.35306	157.0	1.0	726000.0	306360
44.800835	107.5625	1.0	726000.0	306360
96.16073	55.0	1.0	726000.0	306360
80.48246	99.6875	1.0	726000.0	306360
79.24664	122.0	1.0	726000.0	306360
199.8476	120.5	1.0	726000.0	306360
101.959015	67.875	1.0	726000.0	306360
48.877758	47.9375	1.0	726000.0	306360
37.698765	84.3125	1.0	726000.0	306360
62.30654	71.125	1.0	726000.0	306360
174.98537	79.0625	1.0	726000.0	306360
126.25017	77.9375	1.0	726000.0	306360
43.53852	98.875	1.0	726000.0	306360
130.05083	131.875	1.0	726000.0	306360
57.754005	58.0625	1.0	726000.0	306360
132.56885	82.625	1.0	726000.0	306360
45.576813	65.8125	1.0	726000.0	306360
173.855	97.6875	1.0	726000.0	306360
58.57521	80.0625	1.0	726000.0	306360
59.85008	122.375	1.0	726000.0	306360
101.97408	67.375	1.0	726000.0	306360
25.3742	92.375	1.0	726000.0	306360
63.583138	161.375	1.0	726000.0	306360
52.51313	73.4375	1.0	726000.0	306360
82.92561	64.625	1.0	726000.0	306360
63.361935	134.875	1.0	726000.0	306360
90.39683	61.65625	1.0	726000.0	306360
38.790146	83.5	1.0	726000.0	306360
51.542747	107.125	1.0	726000.0	306360
43.474583	47.3125	1.0	726000.0	306360
45.10441	68.625	1.0	726000.0	306360
50.88528	45.21875	1.0	726000.0	306360
43.402676	121.125	1.0	726000.0	306360
41.01386	127.3125	1.0	726000.0	306360
102.138	58.5	1.0	726000.0	306360
73.327225	71.875	1.0	726000.0	306360
62.44618	135.75	1.0	726000.0	306360
228.11102	145.625	1.0	726000.0	306360
60.25551	60.96875	1.0	726000.0	306360
68.44642	157.75	1.0	726000.0	306360
73.67362	146.5	1.0	726000.0	306360
209.33165	76.9375	1.0	726000.0	306360
61.763496	103.125	1.0	726000.0	306360
59.540874	124.0625	1.0	726000.0	306360
73.83231	55.375	1.0	726000.0	306360
36.992508	69.6875	1.0	726000.0	306360
119.12876	92.0625	1.0	726000.0	306360
73.26905	145.125	1.0	726000.0	306360
91.31386	110.9375	1.0	726000.0	306360
64.53818	102.75	1.0	726000.0	306360
52.68454	76.1875	1.0	726000.0	306360
139.38652	94.5625	1.0	726000.0	306360
50.975655	109.1875	1.0	726000.0	306360
51.87571	63.84375	1.0	726000.0	306360
65.501564	80.625	1.0	726000.0	306360
55.87572	122.125	1.0	726000.0	306360
48.8295	95.1875	1.0	726000.0	306360
61.07891	139.125	1.0	726000.0	306360
73.69107	148.5	1.0	726000.0	306360
97.50148	127.875	1.0	726000.0	306360
62.56427	153.75	1.0	726000.0	306360
143.5926	119.375	1.0	726000.0	306360
53.93461	85.125	1.0	726000.0	306360
170.67758	83.1875	1.0	726000.0	306360
48.20145	141.875	1.0	726000.0	306360
31.295765	91.1875	1.0	726000.0	306360
61.214924	61.90625	1.0	726000.0	306360
54.669636	128.75	1.0	726000.0	306360
164.34932	122.375	1.0	726000.0	306360
65.008675	64.0625	1.0	726000.0	306360
61.755043	98.5	1.0	726000.0	306360
201.60774	66.75	1.0	726000.0	306360
37.98747	66.9375	1.0	726000.0	306360
157.54105	87.4375	1.0	726000.0	306360
45.43953	37.34375	1.0	726000.0	306360
33.2167	63.21875	1.0	726000.0	306360
52.54877	99.3125	1.0	726000.0	306360
115.19194	139.125	1.0	726000.0	306360
50.600983	49.3125	1.0	726000.0	306360
81.876205	79.9375	1.0	726000.0	306360
70.93923	122.375	1.0	726000.0	306360
55.807194	84.25	1.0	726000.0	306360
46.818943	70.4375	1.0	726000.0	306360
137.13187	136.25	1.0	726000.0	306360
69.46616	87.9375	1.0	726000.0	306360
95.476974	55.34375	1.0	726000.0	306360
56.60819	107.6875	1.0	726000.0	306360
69.78391	75.0	1.0	726000.0	306360
113.37217	120.5625	1.0	726000.0	306360
215.61717	74.0	1.0	726000.0	306360
88.92467	145.375	1.0	726000.0	306360
116.61823	93.75	1.0	726000.0	306360
70.608925	68.6875	1.0	726000.0	306360
99.654625	70.8125	1.0	726000.0	306360
73.147	66.5	1.0	726000.0	306360
49.65698	94.1875	1.0	726000.0	306360
45.2879	88.25	1.0	726000.0	306360
73.25783	72.625	1.0	726000.0	306360
37.785828	94.375	1.0	726000.0	306360
65.18094	166.125	1.0	726000.0	306360
77.44688	100.0	1.0	726000.0	306360
65.432335	146.5	1.0	726000.0	306360
49.692535	56.65625	1.0	726000.0	306360
169.82455	138.375	1.0	726000.0	306360
99.87646	86.375	1.0	726000.0	306360
50.96148	91.4375	1.0	726000.0	306360
71.74442	88.8125	1.0	726000.0	306360
62.464645	100.125	1.0	726000.0	306360
39.835625	100.125	1.0	726000.0	306360
108.36032	128.25	1.0	726000.0	306360
48.832165	87.75	1.0	726000.0	306360
145.73717	150.75	1.0	726000.0	306360
46.25434	71.0	1.0	726000.0	306360
87.765015	115.5625	1.0	726000.0	306360
64.58652	63.40625	1.0	726000.0	306360
69.28683	123.0	1.0	726000.0	306360
149.67293	151.5	1.0	726000.0	306360
63.79281	91.25	1.0	726000.0	306360
73.83873	64.3125	1.0	726000.0	306360
68.16871	89.1875	1.0	726000.0	306360
76.43897	66.1875	1.0	726000.0	306360
59.199512	154.0	1.0	726000.0	306360
60.518948	49.25	1.0	726000.0	306360
63.44717	158.125	1.0	726000.0	306360
96.892784	55.0	1.0	726000.0	306360
104.82123	89.875	1.0	726000.0	306360
68.39609	90.0	1.0	726000.0	306360
73.22339	145.0	1.0	726000.0	306360
171.43648	60.625	1.0	726000.0	306360
100.3525	65.8125	1.0	726000.0	306360
63.747448	76.8125	1.0	726000.0	306360
49.407673	60.5	1.0	726000.0	306360
59.26635	68.3125	1.0	726000.0	306360
145.31786	67.0625	1.0	726000.0	306360
67.29856	56.9375	1.0	726000.0	306360
69.97235	83.9375	1.0	726000.0	306360
102.398476	68.0625	1.0	726000.0	306360
55.390537	146.375	1.0	726000.0	306360
59.990936	159.5	1.0	726000.0	306360
41.15893	52.5625	1.0	726000.0	306360
62.723255	32.5625	1.0	726000.0	306360
73.0478	58.34375	1.0	726000.0	306360
82.32111	62.28125	1.0	726000.0	306360
67.66617	146.75	1.0	726000.0	306360
93.361374	95.5	1.0	726000.0	306360
71.87714	90.0	1.0	726000.0	306360
65.70031	123.25	1.0	726000.0	306360
90.39231	96.375	1.0	726000.0	306360
71.65749	82.9375	1.0	726000.0	306360
39.433556	44.90625	1.0	726000.0	306360
90.09586	129.75	1.0	726000.0	306360
125.12713	132.375	1.0	726000.0	306360
90.77458	70.375	1.0	726000.0	306360
84.68027	60.1875	1.0	726000.0	306360
83.26767	92.4375	1.0	726000.0	306360
48.660797	91.5	1.0	726000.0	306360
112.697754	83.625	1.0	726000.0	306360
120.42059	61.34375	1.0	726000.0	306360
56.21774	57.96875	1.0	726000.0	306360
56.043423	71.3125	1.0	726000.0	306360
101.143776	102.1875	1.0	726000.0	306360
98.16979	123.3125	1.0	726000.0	306360
157.19244	73.375	1.0	726000.0	306360
56.32671	68.0625	1.0	726000.0	306360
89.080246	76.125	1.0	726000.0	306360
103.66649	81.3125	1.0	726000.0	306360
106.8958	62.3125	1.0	726000.0	306360
71.592964	135.125	1.0	726000.0	306360
108.45393	74.5	1.0	726000.0	306360
41.427628	65.3125	1.0	726000.0	306360
73.123146	110.6875	1.0	726000.0	306360
58.32491	76.3125	1.0	726000.0	306360
67.956795	157.5	1.0	726000.0	306360
20.731482	128.375	1.0	726000.0	306360
45.658176	80.1875	1.0	726000.0	306360
98.226105	51.9375	1.0	726000.0	306360
79.19399	97.625	1.0	726000.0	306360
74.9422	76.1875	1.0	726000.0	306360
96.06334	129.375	1.0	726000.0	306360
68.97051	84.6875	1.0	726000.0	306360
85.514435	54.28125	1.0	726000.0	306360
42.939594	70.875	1.0	726000.0	306360
91.777916	79.75	1.0	726000.0	306360
44.67688	52.0625	1.0	726000.0	306360
127.04231	112.5625	1.0	726000.0	306360
74.91999	90.9375	1.0	726000.0	306360
77.88738	75.0	1.0	726000.0	306360
34.665577	79.0625	1.0	726000.0	306360
149.06938	135.875	1.0	726000.0	306360
66.86118	34.4375	1.0	726000.0	306360
62.741276	55.125	1.0	726000.0	306360
28.002678	57.0	1.0	726000.0	306360
90.44224	59.09375	1.0	726000.0	306360
105.57872	98.4375	1.0	726000.0	306360
36.775055	112.75	1.0	726000.0	306360
61.53771	142.0	1.0	726000.0	306360
36.54826	64.8125	1.0	726000.0	306360
54.342228	131.875	1.0	726000.0	306360
65.92805	89.4375	1.0	726000.0	306360
56.999626	75.625	1.0	726000.0	306360
54.114323	75.5	1.0	726000.0	306360
112.68609	63.0	1.0	726000.0	306360
58.819626	107.6875	1.0	726000.0	306360
30.860464	124.75	1.0	726000.0	306360
142.23026	55.375	1.0	726000.0	306360
180.15985	77.125	1.0	726000.0	306360
129.0885	134.125	1.0	726000.0	306360
66.800385	74.875	1.0	726000.0	306360
80.80586	82.0	1.0	726000.0	306360
37.863476	121.0625	1.0	726000.0	306360
124.050644	132.625	1.0	726000.0	306360
108.04667	93.125	1.0	726000.0	306360
43.611603	86.1875	1.0	726000.0	306360
79.45579	84.6875	1.0	726000.0	306360
42.575146	110.75	1.0	726000.0	306360
121.76342	139.875	1.0	726000.0	306360
107.51562	124.125	1.0	726000.0	306360
130.7022	76.625	1.0	726000.0	306360
55.63094	68.1875	1.0	726000.0	306360
56.25147	142.25	1.0	726000.0	306360
75.64115	92.375	1.0	726000.0	306360
99.813675	92.4375	1.0	726000.0	306360
92.555984	79.125	1.0	726000.0	306360
95.335526	91.25	1.0	726000.0	306360
67.12187	80.75	1.0	726000.0	306360
116.44027	86.5625	1.0	726000.0	306360
94.71799	58.15625	1.0	726000.0	306360
72.79243	133.625	1.0	726000.0	306360
72.81782	139.5	1.0	726000.0	306360
38.285164	130.125	1.0	726000.0	306360
46.92319	87.125	1.0	726000.0	306360
56.134846	61.1875	1.0	726000.0	306360
244.75545	119.0	1.0	726000.0	306360
54.992874	83.1875	1.0	726000.0	306360
37.287178	61.03125	1.0	726000.0	306360
81.66323	123.375	1.0	726000.0	306360
129.5347	53.625	1.0	726000.0	306360
104.27853	65.6875	1.0	726000.0	306360
57.965317	143.75	1.0	726000.0	306360
77.867584	117.8125	1.0	726000.0	306360
54.600773	31.9375	1.0	726000.0	306360
69.85868	45.4375	1.0	726000.0	306360
55.33032	65.8125	1.0	726000.0	306360
80.555145	122.0	1.0	726000.0	306360
62.832806	79.3125	1.0	726000.0	306360
143.97884	98.8125	1.0	726000.0	306360
63.097523	54.71875	1.0	726000.0	306360
83.166016	78.9375	1.0	726000.0	306360
48.805653	145.625	1.0	726000.0	306360
61.639618	139.75	1.0	726000.0	306360
52.752968	93.9375	1.0	726000.0	306360
49.65654	118.0625	1.0	726000.0	306360
115.00236	82.9375	1.0	726000.0	306360
83.95399	99.1875	1.0	726000.0	306360
52.3827	91.0625	1.0	726000.0	306360
70.11407	71.0	1.0	726000.0	306360
41.54549	60.875	1.0	726000.0	306360
80.357994	91.8125	1.0	726000.0	306360
65.552086	70.9375	1.0	726000.0	306360
65.554306	84.5625	1.0	726000.0	306360
70.6657	76.5625	1.0	726000.0	306360
44.491047	120.25	1.0	726000.0	306360
131.59741	63.5	1.0	726000.0	306360
118.46595	69.9375	1.0	726000.0	306360
53.248966	104.5625	1.0	726000.0	306360
89.51571	133.75	1.0	726000.0	306360
119.23563	115.0	1.0	726000.0	306360
52.408886	69.25	1.0	726000.0	306360
117.059975	132.5	1.0	726000.0	306360
75.54263	125.6875	1.0	726000.0	306360
97.13936	73.625	1.0	726000.0	306360
42.00829	59.8125	1.0	726000.0	306360
41.88806	95.6875	1.0	726000.0	306360
72.35793	52.4375	1.0	726000.0	306360
90.20216	105.3125	1.0	726000.0	306360
81.8195	64.4375	1.0	726000.0	306360
43.54099	57.375	1.0	726000.0	306360
61.29668	123.9375	1.0	726000.0	306360
113.69086	115.25	1.0	726000.0	306360
107.70913	108.8125	1.0	726000.0	306360
80.135704	130.25	1.0	726000.0	306360
161.84132	100.1875	1.0	726000.0	306360
63.390533	116.375	1.0	726000.0	306360
50.767494	98.5	1.0	726000.0	306360
40.444637	68.0	1.0	726000.0	306360
50.070564	94.875	1.0	726000.0	306360
42.231133	145.125	1.0	726000.0	306360
149.39287	114.9375	1.0	726000.0	306360
51.985916	86.3125	1.0	726000.0	306360
69.31186	131.25	1.0	726000.0	306360
43.551643	83.625	1.0	726000.0	306360
83.28099	99.5	1.0	726000.0	306360
64.51106	101.4375	1.0	726000.0	306360
102.25044	74.0625	1.0	726000.0	306360
41.23726	109.125	1.0	726000.0	306360
70.67811	155.25	1.0	726000.0	306360
78.78918	121.9375	1.0	726000.0	306360
140.07442	81.1875	1.0	726000.0	306360
154.6364	101.9375	1.0	726000.0	306360
74.07592	99.3125	1.0	726000.0	306360
44.373653	121.5625	1.0	726000.0	306360
50.07845	104.25	1.0	726000.0	306360
42.655266	132.125	1.0	726000.0	306360
51.63252	104.4375	1.0	726000.0	306360
182.8741	84.0625	1.0	726000.0	306360
115.05095	127.5	1.0	726000.0	306360
49.49165	127.625	1.0	726000.0	306360
51.86412	100.8125	1.0	726000.0	306360
33.75794	101.1875	1.0	726000.0	306360
168.97144	111.375	1.0	726000.0	306360
103.48074	66.75	1.0	726000.0	306360
44.37519	93.8125	1.0	726000.0	306360
89.812065	100.1875	1.0	726000.0	306360
57.922344	58.875	1.0	726000.0	306360
64.77374	77.8125	1.0	726000.0	306360
224.56746	55.53125	1.0	726000.0	306360
93.82328	64.6875	1.0	726000.0	306360
55.75947	86.0625	1.0	726000.0	306360
50.143394	135.5	1.0	726000.0	306360
99.6862	135.0	1.0	726000.0	306360
66.83403	68.3125	1.0	726000.0	306360
41.59303	84.0	1.0	726000.0	306360
112.18065	145.125	1.0	726000.0	306360
107.35888	77.75	1.0	726000.0	306360
39.925377	82.5625	1.0	726000.0	306360
123.11084	34.25	1.0	726000.0	306360
133.81377	135.75	1.0	726000.0	306360
60.840904	70.875	1.0	726000.0	306360
177.2514	107.25	1.0	726000.0	306360
73.026825	79.75	1.0	726000.0	306360
58.44012	76.625	1.0	726000.0	306360
69.55582	65.6875	1.0	726000.0	306360
133.37077	67.8125	1.0	726000.0	306360
190.1974	111.5625	1.0	726000.0	306360
78.216064	96.5	1.0	726000.0	306360
60.025623	81.8125	1.0	726000.0	306360
42.54584	170.0	1.0	726000.0	306360
69.00284	90.5	1.0	726000.0	306360
22.422825	72.3125	1.0	726000.0	306360
141.97893	69.3125	1.0	726000.0	306360
59.780205	80.4375	1.0	726000.0	306360
95.27099	150.125	1.0	726000.0	306360
45.003895	58.34375	1.0	726000.0	306360
155.68036	138.375	1.0	726000.0	306360
35.27952	120.5625	1.0	726000.0	306360
51.0083	108.5	1.0	726000.0	306360
62.145325	41.46875	1.0	726000.0	306360
61.83569	139.375	1.0	726000.0	306360
56.043324	106.9375	1.0	726000.0	306360
70.59976	127.375	1.0	726000.0	306360
140.8409	67.3125	1.0	726000.0	306360
55.310192	110.125	1.0	726000.0	306360
121.233734	105.375	1.0	726000.0	306360
87.919365	77.8125	1.0	726000.0	306360
68.88057	73.4375	1.0	726000.0	306360
78.03486	67.125	1.0	726000.0	306360
58.228622	122.6875	1.0	726000.0	306360
46.375324	96.25	1.0	726000.0	306360
66.34119	116.6875	1.0	726000.0	306360
28.566385	81.6875	1.0	726000.0	306360
153.23763	36.84375	1.0	726000.0	306360
90.112465	59.0625	1.0	726000.0	306360
48.695568	70.0	1.0	726000.0	306360
46.61423	111.0625	1.0	726000.0	306360
146.51811	119.5	1.0	726000.0	306360
72.622	154.75	1.0	726000.0	306360
50.372307	115.625	1.0	726000.0	306360
59.388313	66.125	1.0	726000.0	306360
99.51926	85.125	1.0	726000.0	306360
83.20661	114.25	1.0	726000.0	306360
66.8157	73.25	1.0	726000.0	306360
59.523994	57.5	1.0	726000.0	306360
109.999435	125.5	1.0	726000.0	306360
48.910076	106.5625	1.0	726000.0	306360
60.019024	105.25	1.0	726000.0	306360
50.33731	56.25	1.0	726000.0	306360
56.178947	83.3125	1.0	726000.0	306360
52.731586	135.0	1.0	726000.0	306360
48.10674	142.25	1.0	726000.0	306360
67.62746	87.25	1.0	726000.0	306360
79.8585	133.75	1.0	726000.0	306360
56.051037	59.9375	1.0	726000.0	306360
73.43682	100.6875	1.0	726000.0	306360
50.995163	136.75	1.0	726000.0	306360
35.455524	109.5625	1.0	726000.0	306360
60.76968	67.0625	1.0	726000.0	306360
151.10536	77.6875	1.0	726000.0	306360
47.576077	106.5625	1.0	726000.0	306360
40.346725	160.75	1.0	726000.0	306360
93.10731	127.5	1.0	726000.0	306360
35.415318	57.46875	1.0	726000.0	306360
153.96202	121.9375	1.0	726000.0	306360
70.48779	60.9375	1.0	726000.0	306360
60.02124	156.125	1.0	726000.0	306360
104.42593	142.0	1.0	726000.0	306360
94.86876	93.3125	1.0	726000.0	306360
141.3789	100.75	1.0	726000.0	306360
59.689022	87.125	1.0	726000.0	306360
57.68204	113.25	1.0	726000.0	306360
61.65229	62.21875	1.0	726000.0	306360
79.300186	72.75	1.0	726000.0	306360
58.506237	80.25	1.0	726000.0	306360
100.40148	87.9375	1.0	726000.0	306360
48.0718	94.4375	1.0	726000.0	306360
46.489178	112.5	1.0	726000.0	306360
70.44156	70.0	1.0	726000.0	306360
80.207466	62.09375	1.0	726000.0	306360
34.135033	140.625	1.0	726000.0	306360
52.28329	58.6875	1.0	726000.0	306360
108.6285	121.9375	1.0	726000.0	306360
43.26905	35.6875	1.0	726000.0	306360
32.74467	74.8125	1.0	726000.0	306360
44.68275	87.8125	1.0	726000.0	306360
75.65868	60.3125	1.0	726000.0	306360
46.866745	88.8125	1.0	726000.0	306360
47.772537	154.125	1.0	726000.0	306360
187.86081	164.125	1.0	726000.0	306360
76.74084	151.25	1.0	726000.0	306360
62.715096	59.375	1.0	726000.0	306360
161.19171	62.375	1.0	726000.0	306360
116.67456	102.4375	1.0	726000.0	306360
86.78184	61.84375	1.0	726000.0	306360
52.447964	126.25	1.0	726000.0	306360
52.786983	78.4375	1.0	726000.0	306360
36.539005	132.0	1.0	726000.0	306360
65.21116	73.8125	1.0	726000.0	306360
38.820477	68.625	1.0	726000.0	306360
114.201096	157.0	1.0	726000.0	306360
70.62109	125.0625	1.0	726000.0	306360
61.81416	104.5625	1.0	726000.0	306360
153.8925	60.6875	1.0	726000.0	306360
69.08706	130.375	1.0	726000.0	306360
74.66615	76.3125	1.0	726000.0	306360
62.639256	76.25	1.0	726000.0	306360
74.2595	73.0	1.0	726000.0	306360
73.92869	91.875	1.0	726000.0	306360
153.90128	49.8125	1.0	726000.0	306360
60.182465	79.125	1.0	726000.0	306360
65.285286	82.75	1.0	726000.0	306360
46.160976	113.375	1.0	726000.0	306360
66.511505	70.75	1.0	726000.0	306360
27.070162	72.0	1.0	726000.0	306360
77.050514	101.6875	1.0	726000.0	306360
51.888405	122.5	1.0	726000.0	306360
66.94415	87.6875	1.0	726000.0	306360
47.350994	50.15625	1.0	726000.0	306360
64.452576	113.125	1.0	726000.0	306360
75.96029	98.625	1.0	726000.0	306360
39.830505	102.375	1.0	726000.0	306360
78.38926	86.625	1.0	726000.0	306360
53.905838	68.1875	1.0	726000.0	306360
143.21591	125.0	1.0	726000.0	306360
56.697514	42.6875	1.0	726000.0	306360
50.57233	43.59375	1.0	726000.0	306360
56.563656	141.5	1.0	726000.0	306360
87.744225	56.1875	1.0	726000.0	306360
65.2236	129.125	1.0	726000.0	306360
64.23878	107.875	1.0	726000.0	306360
44.606342	129.75	1.0	726000.0	306360
46.176937	136.75	1.0	726000.0	306360
148.55923	68.0	1.0	726000.0	306360
68.0578	77.125	1.0	726000.0	306360
36.973385	113.75	1.0	726000.0	306360
52.698624	100.0625	1.0	726000.0	306360
63.260216	91.375	1.0	726000.0	306360
51.91489	136.875	1.0	726000.0	306360
88.50614	114.0	1.0	726000.0	306360
98.88612	88.0	1.0	726000.0	306360
85.07908	36.875	1.0	726000.0	306360
61.986137	93.625	1.0	726000.0	306360
135.70447	117.875	1.0	726000.0	306360
60.40559	78.6875	1.0	726000.0	306360
168.31226	154.875	1.0	726000.0	306360
67.8186	143.25	1.0	726000.0	306360
58.661114	83.9375	1.0	726000.0	306360
45.763218	85.1875	1.0	726000.0	306360
29.120687	153.75	1.0	726000.0	306360
105.98122	69.75	1.0	726000.0	306360
146.73349	96.0625	1.0	726000.0	306360
52.983326	87.125	1.0	726000.0	306360
99.973274	56.625	1.0	726000.0	306360
62.382977	95.25	1.0	726000.0	306360
49.041077	56.03125	1.0	726000.0	306360
144.36528	80.125	1.0	726000.0	306360
161.13486	66.5625	1.0	726000.0	306360
137.72694	62.09375	1.0	726000.0	306360
44.241997	86.9375	1.0	726000.0	306360
173.52362	97.4375	1.0	726000.0	306360
84.20128	43.53125	1.0	726000.0	306360
55.043552	96.375	1.0	726000.0	306360
42.963654	105.5	1.0	726000.0	306360
67.53508	33.71875	1.0	726000.0	306360
156.15181	104.25	1.0	726000.0	306360
65.98306	72.625	1.0	726000.0	306360
47.895737	114.9375	1.0	726000.0	306360
45.021717	88.25	1.0	726000.0	306360
54.455666	79.1875	1.0	726000.0	306360
64.03676	149.5	1.0	726000.0	306360
141.5829	124.0	1.0	726000.0	306360
31.083828	100.8125	1.0	726000.0	306360
138.87129	37.40625	1.0	726000.0	306360
154.00386	132.5	1.0	726000.0	306360
170.19121	94.4375	1.0	726000.0	306360
51.274807	90.75	1.0	726000.0	306360
80.60092	86.4375	1.0	726000.0	306360
52.629402	86.625	1.0	726000.0	306360
151.1407	132.625	1.0	726000.0	306360
135.98972	110.125	1.0	726000.0	306360
29.647337	98.625	1.0	726000.0	306360
107.78457	118.5	1.0	726000.0	306360
45.47661	87.4375	1.0	726000.0	306360
109.9341	86.375	1.0	726000.0	306360
54.505604	103.875	1.0	726000.0	306360
78.72082	71.5	1.0	726000.0	306360
267.9572	71.9375	1.0	726000.0	306360
150.285	148.625	1.0	726000.0	306360
35.215954	96.0	1.0	726000.0	306360
68.391495	63.84375	1.0	726000.0	306360
109.29154	67.4375	1.0	726000.0	306360
71.04552	76.6875	1.0	726000.0	306360
75.243324	56.71875	1.0	726000.0	306360
67.07809	63.03125	1.0	726000.0	306360
40.880486	136.25	1.0	726000.0	306360
74.34946	162.25	1.0	726000.0	306360
76.44708	87.25	1.0	726000.0	306360
144.89554	102.8125	1.0	726000.0	306360
70.73293	102.9375	1.0	726000.0	306360
98.23425	73.9375	1.0	726000.0	306360
117.11407	86.3125	1.0	726000.0	306360
52.893013	114.9375	1.0	726000.0	306360
82.89548	119.25	1.0	726000.0	306360
141.93076	111.0625	1.0	726000.0	306360
68.06161	115.4375	1.0	726000.0	306360
34.795876	134.875	1.0	726000.0	306360
74.80925	126.375	1.0	726000.0	306360
139.00015	100.25	1.0	726000.0	306360
91.24973	44.8125	1.0	726000.0	306360
67.10771	94.625	1.0	726000.0	306360
82.405	125.0625	1.0	726000.0	306360
52.04332	162.625	1.0	726000.0	306360
78.69606	64.125	1.0	726000.0	306360
59.259083	96.125	1.0	726000.0	306360
114.90995	56.78125	1.0	726000.0	306360
70.73725	60.4375	1.0	726000.0	306360
66.59496	42.34375	1.0	726000.0	306360
45.161366	102.25	1.0	726000.0	306360
68.03888	60.96875	1.0	726000.0	306360
65.290375	153.625	1.0	726000.0	306360
52.33933	150.875	1.0	726000.0	306360
52.763752	54.6875	1.0	726000.0	306360
85.043724	145.125	1.0	726000.0	306360
168.1869	43.125	1.0	726000.0	306360
49.948555	82.5625	1.0	726000.0	306360
74.02434	81.8125	1.0	726000.0	306360
62.486767	118.0625	1.0	726000.0	306360
80.10061	62.875	1.0	726000.0	306360
90.00677	85.625	1.0	726000.0	306360
57.98118	71.4375	1.0	726000.0	306360
48.065567	132.375	1.0	726000.0	306360
25.102196	106.4375	1.0	726000.0	306360
119.60353	69.0625	1.0	726000.0	306360
49.711525	79.0625	1.0	726000.0	306360
51.402023	47.65625	1.0	726000.0	306360
126.822136	140.5	1.0	726000.0	306360
56.64625	101.8125	1.0	726000.0	306360
45.175407	110.0625	1.0	726000.0	306360
53.237057	59.71875	1.0	726000.0	306360
46.537033	100.125	1.0	726000.0	306360
35.482986	128.5	1.0	726000.0	306360
49.530632	72.5	1.0	726000.0	306360
75.50117	79.6875	1.0	726000.0	306360
83.93984	124.8125	1.0	726000.0	306360
63.81622	84.9375	1.0	726000.0	306360
91.56233	92.4375	1.0	726000.0	306360
53.924896	101.75	1.0	726000.0	306360
75.816154	78.1875	1.0	726000.0	306360
75.25066	140.625	1.0	726000.0	306360
104.16485	143.75	1.0	726000.0	306360
32.62643	57.90625	1.0	726000.0	306360
63.220253	108.875	1.0	726000.0	306360
61.195763	79.1875	1.0	726000.0	306360
80.19758	61.6875	1.0	726000.0	306360
85.069534	148.125	1.0	726000.0	306360
107.91227	102.75	1.0	726000.0	306360
95.48805	57.75	1.0	726000.0	306360
118.36815	81.25	1.0	726000.0	306360
69.54628	112.5625	1.0	726000.0	306360
55.803303	138.625	1.0	726000.0	306360
66.74433	87.25	1.0	726000.0	306360
70.42767	68.5	1.0	726000.0	306360
99.9007	98.5625	1.0	726000.0	306360
72.90783	62.46875	1.0	726000.0	306360
54.68027	99.5625	1.0	726000.0	306360
59.29974	126.75	1.0	726000.0	306360
164.17377	106.4375	1.0	726000.0	306360
137.41759	118.375	1.0	726000.0	306360
81.78645	98.1875	1.0	726000.0	306360
102.20069	69.6875	1.0	726000.0	306360
117.1751	34.875	1.0	726000.0	306360
19.895718	79.625	1.0	726000.0	306360
92.628525	125.0	1.0	726000.0	306360
54.12157	159.75	1.0	726000.0	306360
75.013664	115.0625	1.0	726000.0	306360
71.991615	40.5	1.0	726000.0	306360
68.14716	111.0	1.0	726000.0	306360
48.03128	102.625	1.0	726000.0	306360
56.190273	128.625	1.0	726000.0	306360
44.751472	135.75	1.0	726000.0	306360
52.343647	33.3125	1.0	726000.0	306360
57.884583	101.6875	1.0	726000.0	306360
41.158966	109.125	1.0	726000.0	306360
52.285286	49.78125	1.0	726000.0	306360
80.772736	75.6875	1.0	726000.0	306360
114.17336	67.0	1.0	726000.0	306360
42.366703	88.3125	1.0	726000.0	306360
59.92398	77.5625	1.0	726000.0	306360
101.652054	80.6875	1.0	726000.0	306360
32.659668	137.25	1.0	726000.0	306360
166.4911	74.4375	1.0	726000.0	306360
85.087906	67.125	1.0	726000.0	306360
50.626656	78.5	1.0	726000.0	306360
43.620644	136.0	1.0	726000.0	306360
92.527	91.8125	1.0	726000.0	306360
69.93478	93.125	1.0	726000.0	306360
118.34974	113.125	1.0	726000.0	306360
215.94438	75.625	1.0	726000.0	306360
44.569725	79.5	1.0	726000.0	306360
70.43549	57.25	1.0	726000.0	306360
53.437943	78.9375	1.0	726000.0	306360
42.71656	157.125	1.0	726000.0	306360
62.30127	141.625	1.0	726000.0	306360
34.935505	87.8125	1.0	726000.0	306360
38.329018	128.125	1.0	726000.0	306360
70.46228	128.125	1.0	726000.0	306360
72.89957	65.625	1.0	726000.0	306360
47.557762	120.25	1.0	726000.0	306360
46.434074	142.375	1.0	726000.0	306360
23.134596	90.9375	1.0	726000.0	306360
98.34936	120.25	1.0	726000.0	306360
107.12867	90.125	1.0	726000.0	306360
40.93479	152.5	1.0	726000.0	306360
41.607193	152.625	1.0	726000.0	306360
147.8932	83.375	1.0	726000.0	306360
74.14861	149.25	1.0	726000.0	306360
63.29114	93.6875	1.0	726000.0	306360
54.16605	154.625	1.0	726000.0	306360
51.61257	121.0	1.0	726000.0	306360
63.19083	89.375	1.0	726000.0	306360
85.86302	113.0	1.0	726000.0	306360
70.64994	129.75	1.0	726000.0	306360
48.71405	161.25	1.0	726000.0	306360
85.05331	69.9375	1.0	726000.0	306360
160.52686	104.75	1.0	726000.0	306360
83.26794	65.0	1.0	726000.0	306360
73.06067	152.25	1.0	726000.0	306360
50.618828	124.8125	1.0	726000.0	306360
35.671013	96.8125	1.0	726000.0	306360
39.747864	84.3125	1.0	726000.0	306360
44.323277	96.5	1.0	726000.0	306360
62.618416	70.5	1.0	726000.0	306360
132.26851	57.90625	1.0	726000.0	306360
79.80804	81.5	1.0	726000.0	306360
59.943707	65.75	1.0	726000.0	306360
80.04451	79.5	1.0	726000.0	306360
149.09262	323.0	1.0	726000.0	306360
53.295727	134.25	1.0	726000.0	306360
77.08182	95.875	1.0	726000.0	306360
43.58743	121.375	1.0	726000.0	306360
42.376534	58.6875	1.0	726000.0	306360
65.07629	62.5	1.0	726000.0	306360
32.276787	143.0	1.0	726000.0	306360
69.94536	46.3125	1.0	726000.0	306360
65.936455	78.625	1.0	726000.0	306360
87.594574	73.0	1.0	726000.0	306360
54.798954	111.75	1.0	726000.0	306360
66.66102	59.8125	1.0	726000.0	306360
84.59886	92.9375	1.0	726000.0	306360
52.17382	98.0	1.0	726000.0	306360
67.44833	76.9375	1.0	726000.0	306360
79.07956	83.25	1.0	726000.0	306360
79.33788	53.28125	1.0	726000.0	306360
33.12636	90.8125	1.0	726000.0	306360
46.731205	37.125	1.0	726000.0	306360
98.465065	89.4375	1.0	726000.0	306360
60.345047	127.125	1.0	726000.0	306360
69.45675	103.625	1.0	726000.0	306360
34.059723	145.75	1.0	726000.0	306360
58.888668	71.625	1.0	726000.0	306360
70.593056	131.0	1.0	726000.0	306360
52.788303	142.75	1.0	726000.0	306360
79.274185	85.25	1.0	726000.0	306360
75.03437	69.8125	1.0	726000.0	306360
172.74207	146.5	1.0	726000.0	306360
54.093338	90.0	1.0	726000.0	306360
56.059925	154.75	1.0	726000.0	306360
80.30477	80.3125	1.0	726000.0	306360
30.614338	135.0	1.0	726000.0	306360
62.465084	49.96875	1.0	726000.0	306360
62.004894	110.125	1.0	726000.0	306360
66.97919	67.1875	1.0	726000.0	306360
54.199272	124.4375	1.0	726000.0	306360
92.7316	123.375	1.0	726000.0	306360
27.967426	176.0	1.0	726000.0	306360
102.8018	93.625	1.0	726000.0	306360
90.17176	61.65625	1.0	726000.0	306360
63.14075	100.375	1.0	726000.0	306360
47.091103	70.25	1.0	726000.0	306360
56.73488	126.3125	1.0	726000.0	306360
94.58	79.8125	1.0	726000.0	306360
71.92201	50.0	1.0	726000.0	306360
52.464745	119.25	1.0	726000.0	306360
160.2005	146.75	1.0	726000.0	306360
50.50695	152.75	1.0	726000.0	306360
99.500015	62.21875	1.0	726000.0	306360
50.63032	119.75	1.0	726000.0	306360
23.402405	92.8125	1.0	726000.0	306360
95.06669	87.5625	1.0	726000.0	306360
53.127766	77.0625	1.0	726000.0	306360
60.84582	119.75	1.0	726000.0	306360
91.10904	74.4375	1.0	726000.0	306360
40.728954	63.84375	1.0	726000.0	306360
99.167145	81.75	1.0	726000.0	306360
117.67818	82.6875	1.0	726000.0	306360
84.630806	69.0625	1.0	726000.0	306360
173.88094	68.0	1.0	726000.0	306360
105.56712	118.4375	1.0	726000.0	306360
137.44862	83.75	1.0	726000.0	306360
48.577194	72.125	1.0	726000.0	306360
79.91919	119.375	1.0	726000.0	306360
60.439392	132.75	1.0	726000.0	306360
43.755695	67.6875	1.0	726000.0	306360
56.28118	74.75	1.0	726000.0	306360
84.77857	95.4375	1.0	726000.0	306360
57.9748	99.5	1.0	726000.0	306360
228.66129	91.9375	1.0	726000.0	306360
54.476753	53.65625	1.0	726000.0	306360
134.18365	65.625	1.0	726000.0	306360
50.577267	124.1875	1.0	726000.0	306360
118.20731	95.0625	1.0	726000.0	306360
144.62817	50.4375	1.0	726000.0	306360
64.31128	148.25	1.0	726000.0	306360
56.44432	105.3125	1.0	726000.0	306360
57.26288	129.0	1.0	726000.0	306360
57.074455	69.125	1.0	726000.0	306360
58.44526	74.0	1.0	726000.0	306360
38.43649	66.0	1.0	726000.0	306360
158.76157	40.34375	1.0	726000.0	306360
35.120304	68.9375	1.0	726000.0	306360
46.274094	91.25	1.0	726000.0	306360
184.53825	42.125	1.0	726000.0	306360
60.27536	159.25	1.0	726000.0	306360
38.649666	81.6875	1.0	726000.0	306360
71.62214	70.25	1.0	726000.0	306360
73.19951	85.5	1.0	726000.0	306360
46.608208	49.1875	1.0	726000.0	306360
56.855747	93.875	1.0	726000.0	306360
230.50465	115.3125	1.0	726000.0	306360
116.0924	55.9375	1.0	726000.0	306360
108.80971	63.125	1.0	726000.0	306360
87.383865	54.03125	1.0	726000.0	306360
52.862648	87.125	1.0	726000.0	306360
127.036224	110.9375	1.0	726000.0	306360
45.419224	122.125	1.0	726000.0	306360
146.69382	63.9375	1.0	726000.0	306360
141.74763	143.5	1.0	726000.0	306360
51.768692	79.1875	1.0	726000.0	306360
71.33654	116.1875	1.0	726000.0	306360
32.320526	60.5625	1.0	726000.0	306360
121.77289	47.375	1.0	726000.0	306360
63.72837	111.8125	1.0	726000.0	306360
134.92581	76.125	1.0	726000.0	306360
171.64377	103.4375	1.0	726000.0	306360
48.09292	83.625	1.0	726000.0	306360
40.945015	95.875	1.0	726000.0	306360
83.77981	99.25	1.0	726000.0	306360
51.254753	68.3125	1.0	726000.0	306360
45.65773	160.375	1.0	726000.0	306360
60.635212	67.9375	1.0	726000.0	306360
84.517494	65.125	1.0	726000.0	306360
170.76102	96.875	1.0	726000.0	306360
130.89459	74.125	1.0	726000.0	306360
50.083923	123.5	1.0	726000.0	306360
109.602486	38.09375	1.0	726000.0	306360
57.59212	80.25	1.0	726000.0	306360
116.468445	145.0	1.0	726000.0	306360
90.886894	66.1875	1.0	726000.0	306360
56.856632	66.1875	1.0	726000.0	306360
142.20676	105.875	1.0	726000.0	306360
51.96362	50.3125	1.0	726000.0	306360
164.48134	88.625	1.0	726000.0	306360
136.61588	121.75	1.0	726000.0	306360
41.560665	60.46875	1.0	726000.0	306360
46.31075	55.0625	1.0	726000.0	306360
82.2672	136.5	1.0	726000.0	306360
65.2492	69.5	1.0	726000.0	306360
34.426785	36.6875	1.0	726000.0	306360
53.893887	74.0	1.0	726000.0	306360
44.03578	160.625	1.0	726000.0	306360
59.659878	100.75	1.0	726000.0	306360
68.28748	71.25	1.0	726000.0	306360
71.373535	136.25	1.0	726000.0	306360
71.145775	68.3125	1.0	726000.0	306360
141.40715	42.625	1.0	726000.0	306360
40.660316	156.625	1.0	726000.0	306360
56.75505	47.28125	1.0	726000.0	306360
72.96686	88.0625	1.0	726000.0	306360
100.91702	132.375	1.0	726000.0	306360
53.968918	55.875	1.0	726000.0	306360
129.51514	46.3125	1.0	726000.0	306360
90.93286	104.0	1.0	726000.0	306360
143.46416	85.9375	1.0	726000.0	306360
154.02863	94.3125	1.0	726000.0	306360
65.08818	73.875	1.0	726000.0	306360
95.7835	90.5	1.0	726000.0	306360
77.36984	57.625	1.0	726000.0	306360
102.10807	107.3125	1.0	726000.0	306360
70.66466	118.4375	1.0	726000.0	306360
56.41572	91.0625	1.0	726000.0	306360
103.85372	88.1875	1.0	726000.0	306360
62.92043	94.5625	1.0	726000.0	306360
115.09757	82.375	1.0	726000.0	306360
85.20459	136.5	1.0	726000.0	306360
70.509094	71.0625	1.0	726000.0	306360
103.49064	152.375	1.0	726000.0	306360
42.421394	63.78125	1.0	726000.0	306360
113.33642	142.75	1.0	726000.0	306360
101.70257	109.3125	1.0	726000.0	306360
50.997047	59.53125	1.0	726000.0	306360
96.635475	84.0	1.0	726000.0	306360
114.93077	62.34375	1.0	726000.0	306360
55.398907	107.6875	1.0	726000.0	306360
107.394196	63.40625	1.0	726000.0	306360
68.17833	58.65625	1.0	726000.0	306360
65.731384	66.8125	1.0	726000.0	306360
83.537346	91.0	1.0	726000.0	306360
34.520046	75.9375	1.0	726000.0	306360
59.790165	83.3125	1.0	726000.0	306360
80.337944	74.3125	1.0	726000.0	306360
103.40219	115.75	1.0	726000.0	306360
34.024582	129.375	1.0	726000.0	306360
81.75653	121.5	1.0	726000.0	306360
89.39657	142.0	1.0	726000.0	306360
71.427086	91.4375	1.0	726000.0	306360
99.841805	110.9375	1.0	726000.0	306360
58.21814	163.375	1.0	726000.0	306360
72.66596	75.1875	1.0	726000.0	306360
60.785973	152.875	1.0	726000.0	306360
82.647995	88.1875	1.0	726000.0	306360
76.69369	90.875	1.0	726000.0	306360
55.294197	60.90625	1.0	726000.0	306360
71.78729	87.8125	1.0	726000.0	306360
116.7161	60.6875	1.0	726000.0	306360
278.84866	59.15625	1.0	726000.0	306360
96.22971	131.5	1.0	726000.0	306360
56.358894	66.6875	1.0	726000.0	306360
64.7836	94.25	1.0	726000.0	306360
112.49207	142.75	1.0	726000.0	306360
111.17459	95.25	1.0	726000.0	306360
69.01527	89.5	1.0	726000.0	306360
55.18148	111.0625	1.0	726000.0	306360
60.912758	63.71875	1.0	726000.0	306360
130.79407	62.1875	1.0	726000.0	306360
119.971596	93.3125	1.0	726000.0	306360
83.07281	157.0	1.0	726000.0	306360
67.107285	84.3125	1.0	726000.0	306360
78.34973	92.6875	1.0	726000.0	306360
128.24507	84.5	1.0	726000.0	306360
64.55713	73.25	1.0	726000.0	306360
82.416985	79.5	1.0	726000.0	306360
92.58855	72.9375	1.0	726000.0	306360
47.869003	38.21875	1.0	726000.0	306360
119.14759	108.125	1.0	726000.0	306360
56.129154	103.125	1.0	726000.0	306360
37.601273	67.5	1.0	726000.0	306360
74.16842	42.6875	1.0	726000.0	306360
65.24291	82.375	1.0	726000.0	306360
91.73626	99.6875	1.0	726000.0	306360
68.45108	84.625	1.0	726000.0	306360
72.96163	100.4375	1.0	726000.0	306360
108.60062	60.375	1.0	726000.0	306360
47.34396	85.5	1.0	726000.0	306360
180.88297	86.25	1.0	726000.0	306360
71.8293	86.6875	1.0	726000.0	306360
64.67504	81.8125	1.0	726000.0	306360
68.596855	78.0	1.0	726000.0	306360
32.483604	59.0	1.0	726000.0	306360
76.30858	112.25	1.0	726000.0	306360
45.108948	82.125	1.0	726000.0	306360
72.4654	118.75	1.0	726000.0	306360
165.37555	146.375	1.0	726000.0	306360
65.205284	108.375	1.0	726000.0	306360
107.30262	94.9375	1.0	726000.0	306360
81.65855	100.75	1.0	726000.0	306360
42.566967	97.5	1.0	726000.0	306360
104.49486	262.5	1.0	726000.0	306360
95.37773	90.5625	1.0	726000.0	306360
108.10788	103.375	1.0	726000.0	306360
46.622856	136.625	1.0	726000.0	306360
184.90819	104.75	1.0	726000.0	306360
63.24325	155.75	1.0	726000.0	306360
58.049297	82.875	1.0	726000.0	306360
97.173355	80.8125	1.0	726000.0	306360
43.480762	93.0625	1.0	726000.0	306360
86.31457	70.5625	1.0	726000.0	306360
92.61679	130.875	1.0	726000.0	306360
162.1085	104.25	1.0	726000.0	306360
36.629112	163.25	1.0	726000.0	306360
65.929085	79.1875	1.0	726000.0	306360
80.68321	76.9375	1.0	726000.0	306360
113.25009	132.0	1.0	726000.0	306360
63.501595	74.5625	1.0	726000.0	306360
46.233154	93.0	1.0	726000.0	306360
46.332302	122.3125	1.0	726000.0	306360
38.9792	74.9375	1.0	726000.0	306360
74.085205	60.65625	1.0	726000.0	306360
92.21142	129.25	1.0	726000.0	306360
128.22076	125.8125	1.0	726000.0	306360
61.113503	103.375	1.0	726000.0	306360
143.53368	49.90625	1.0	726000.0	306360
82.21441	73.8125	1.0	726000.0	306360
69.03122	64.625	1.0	726000.0	306360
48.471905	101.1875	1.0	726000.0	306360
64.98472	124.875	1.0	726000.0	306360
62.693127	86.8125	1.0	726000.0	306360
53.42641	71.0	1.0	726000.0	306360
66.92291	55.125	1.0	726000.0	306360
107.403305	58.0	1.0	726000.0	306360
94.683815	111.8125	1.0	726000.0	306360
54.229755	130.0	1.0	726000.0	306360
97.091064	100.25	1.0	726000.0	306360
49.907837	83.875	1.0	726000.0	306360
72.32007	90.5625	1.0	726000.0	306360
69.47283	60.125	1.0	726000.0	306360
55.919064	56.78125	1.0	726000.0	306360
