lep_pt	AK4_pt	genWeights	sumWeight	N_exp
84.3148	157.75	1.0	264000.0	306360
90.323074	89.9375	1.0	264000.0	306360
69.88104	131.625	1.0	264000.0	306360
164.32669	71.125	1.0	264000.0	306360
51.309086	106.1875	1.0	264000.0	306360
45.3695	88.5	1.0	264000.0	306360
133.14029	100.5625	1.0	264000.0	306360
31.475996	114.5	1.0	264000.0	306360
57.47349	70.75	1.0	264000.0	306360
62.55137	105.9375	1.0	264000.0	306360
75.76496	83.9375	1.0	264000.0	306360
124.22314	75.125	1.0	264000.0	306360
144.03792	43.40625	1.0	264000.0	306360
67.77877	128.0	1.0	264000.0	306360
112.42668	61.84375	1.0	264000.0	306360
74.09066	131.5	1.0	264000.0	306360
67.36674	63.875	1.0	264000.0	306360
43.603714	159.25	1.0	264000.0	306360
112.42204	102.0	1.0	264000.0	306360
71.48912	84.9375	1.0	264000.0	306360
64.61632	100.875	1.0	264000.0	306360
88.74264	66.625	1.0	264000.0	306360
91.09795	146.875	1.0	264000.0	306360
45.81791	69.3125	1.0	264000.0	306360
57.239735	119.4375	1.0	264000.0	306360
33.56019	67.6875	1.0	264000.0	306360
66.6611	115.625	1.0	264000.0	306360
121.0167	39.0	1.0	264000.0	306360
57.14377	57.96875	1.0	264000.0	306360
158.53749	43.875	1.0	264000.0	306360
86.00287	81.625	1.0	264000.0	306360
105.18278	55.8125	1.0	264000.0	306360
63.438168	97.8125	1.0	264000.0	306360
150.32886	60.1875	1.0	264000.0	306360
93.33184	34.75	1.0	264000.0	306360
99.10745	126.0625	1.0	264000.0	306360
166.75813	104.4375	1.0	264000.0	306360
53.57448	147.0	1.0	264000.0	306360
40.143402	120.375	1.0	264000.0	306360
71.62947	63.59375	1.0	264000.0	306360
138.64111	57.90625	1.0	264000.0	306360
89.15793	30.625	1.0	264000.0	306360
56.916473	92.1875	1.0	264000.0	306360
54.65418	100.1875	1.0	264000.0	306360
72.63286	78.0	1.0	264000.0	306360
128.4388	120.4375	1.0	264000.0	306360
64.92085	115.8125	1.0	264000.0	306360
61.726368	136.625	1.0	264000.0	306360
45.03934	142.625	1.0	264000.0	306360
150.7412	130.875	1.0	264000.0	306360
70.79126	74.25	1.0	264000.0	306360
204.65912	68.125	1.0	264000.0	306360
76.84161	128.375	1.0	264000.0	306360
20.164062	116.6875	1.0	264000.0	306360
63.068672	96.375	1.0	264000.0	306360
82.365395	111.4375	1.0	264000.0	306360
141.56361	49.96875	1.0	264000.0	306360
44.072433	96.9375	1.0	264000.0	306360
54.78736	109.1875	1.0	264000.0	306360
65.58081	122.8125	1.0	264000.0	306360
52.10699	57.375	1.0	264000.0	306360
68.43462	84.1875	1.0	264000.0	306360
74.63149	71.875	1.0	264000.0	306360
101.07258	48.65625	1.0	264000.0	306360
60.536465	110.8125	1.0	264000.0	306360
38.97389	150.375	1.0	264000.0	306360
93.60403	130.125	1.0	264000.0	306360
62.967773	87.8125	1.0	264000.0	306360
65.87831	60.28125	1.0	264000.0	306360
64.477844	93.75	1.0	264000.0	306360
53.659775	136.75	1.0	264000.0	306360
59.619602	80.4375	1.0	264000.0	306360
82.387856	101.9375	1.0	264000.0	306360
133.54872	111.9375	1.0	264000.0	306360
48.694187	64.125	1.0	264000.0	306360
65.993256	68.625	1.0	264000.0	306360
39.999146	92.5	1.0	264000.0	306360
62.05093	132.875	1.0	264000.0	306360
126.2325	79.25	1.0	264000.0	306360
59.282196	81.3125	1.0	264000.0	306360
43.793938	125.125	1.0	264000.0	306360
44.712566	74.4375	1.0	264000.0	306360
156.82596	52.625	1.0	264000.0	306360
162.53156	69.6875	1.0	264000.0	306360
99.47046	115.75	1.0	264000.0	306360
36.672768	91.0	1.0	264000.0	306360
94.79107	54.25	1.0	264000.0	306360
69.35618	98.8125	1.0	264000.0	306360
92.24729	160.125	1.0	264000.0	306360
58.204906	69.3125	1.0	264000.0	306360
106.30208	82.3125	1.0	264000.0	306360
40.40586	60.90625	1.0	264000.0	306360
85.123055	95.1875	1.0	264000.0	306360
63.080383	81.9375	1.0	264000.0	306360
71.73358	148.5	1.0	264000.0	306360
39.354397	71.3125	1.0	264000.0	306360
186.49785	74.5625	1.0	264000.0	306360
51.0405	95.1875	1.0	264000.0	306360
63.74816	145.25	1.0	264000.0	306360
57.53947	121.75	1.0	264000.0	306360
105.53905	81.6875	1.0	264000.0	306360
133.39369	103.5625	1.0	264000.0	306360
82.139694	81.6875	1.0	264000.0	306360
72.076515	101.75	1.0	264000.0	306360
130.23492	137.875	1.0	264000.0	306360
126.18661	105.5625	1.0	264000.0	306360
46.49826	86.6875	1.0	264000.0	306360
119.088196	96.375	1.0	264000.0	306360
49.456924	52.0625	1.0	264000.0	306360
63.840923	129.25	1.0	264000.0	306360
47.18238	94.875	1.0	264000.0	306360
81.100494	100.75	1.0	264000.0	306360
143.28	159.0	1.0	264000.0	306360
180.9158	118.0	1.0	264000.0	306360
129.99179	61.5625	1.0	264000.0	306360
174.39609	136.0	1.0	264000.0	306360
46.642525	146.75	1.0	264000.0	306360
101.07788	69.0	1.0	264000.0	306360
117.7908	38.65625	1.0	264000.0	306360
53.997578	75.1875	1.0	264000.0	306360
43.89046	105.1875	1.0	264000.0	306360
28.913761	97.875	1.0	264000.0	306360
195.58775	88.0	1.0	264000.0	306360
88.990715	30.859375	1.0	264000.0	306360
62.99114	108.3125	1.0	264000.0	306360
133.88022	127.4375	1.0	264000.0	306360
152.97818	103.0625	1.0	264000.0	306360
55.046963	52.03125	1.0	264000.0	306360
47.47367	95.1875	1.0	264000.0	306360
60.61299	70.75	1.0	264000.0	306360
114.32639	59.40625	1.0	264000.0	306360
120.96297	124.75	1.0	264000.0	306360
67.642586	119.6875	1.0	264000.0	306360
62.126534	82.375	1.0	264000.0	306360
78.07443	55.03125	1.0	264000.0	306360
73.19934	120.125	1.0	264000.0	306360
170.18976	124.9375	1.0	264000.0	306360
64.161995	64.875	1.0	264000.0	306360
145.47064	86.8125	1.0	264000.0	306360
72.672424	105.3125	1.0	264000.0	306360
44.70347	80.25	1.0	264000.0	306360
87.08103	110.3125	1.0	264000.0	306360
63.473637	50.59375	1.0	264000.0	306360
46.54194	102.0	1.0	264000.0	306360
114.63664	102.875	1.0	264000.0	306360
112.27521	68.6875	1.0	264000.0	306360
55.22423	63.375	1.0	264000.0	306360
50.616867	116.0625	1.0	264000.0	306360
104.57925	172.625	1.0	264000.0	306360
58.557743	83.1875	1.0	264000.0	306360
80.29635	160.75	1.0	264000.0	306360
152.69574	115.125	1.0	264000.0	306360
49.39717	157.75	1.0	264000.0	306360
48.115208	75.0625	1.0	264000.0	306360
111.045616	71.5625	1.0	264000.0	306360
65.35249	59.125	1.0	264000.0	306360
84.21524	115.4375	1.0	264000.0	306360
119.6215	142.125	1.0	264000.0	306360
188.0068	78.25	1.0	264000.0	306360
68.12731	123.875	1.0	264000.0	306360
45.998077	104.0	1.0	264000.0	306360
51.876312	122.0	1.0	264000.0	306360
79.963905	67.4375	1.0	264000.0	306360
50.678623	64.875	1.0	264000.0	306360
106.75525	97.75	1.0	264000.0	306360
170.2338	80.25	1.0	264000.0	306360
71.76915	78.125	1.0	264000.0	306360
149.74718	93.125	1.0	264000.0	306360
109.17817	58.1875	1.0	264000.0	306360
177.84758	44.5	1.0	264000.0	306360
57.94228	35.75	1.0	264000.0	306360
72.65156	93.0625	1.0	264000.0	306360
51.85367	66.125	1.0	264000.0	306360
69.76569	142.125	1.0	264000.0	306360
87.71814	79.625	1.0	264000.0	306360
39.78875	128.875	1.0	264000.0	306360
84.57729	93.6875	1.0	264000.0	306360
75.57375	128.125	1.0	264000.0	306360
77.60536	81.625	1.0	264000.0	306360
48.275345	66.0625	1.0	264000.0	306360
43.087284	148.0	1.0	264000.0	306360
144.59285	129.125	1.0	264000.0	306360
77.00457	76.9375	1.0	264000.0	306360
159.61493	61.78125	1.0	264000.0	306360
62.040226	99.125	1.0	264000.0	306360
47.973938	61.28125	1.0	264000.0	306360
31.294823	141.875	1.0	264000.0	306360
48.07053	158.0	1.0	264000.0	306360
71.97447	132.0	1.0	264000.0	306360
58.003857	66.3125	1.0	264000.0	306360
95.10835	109.1875	1.0	264000.0	306360
60.2842	67.875	1.0	264000.0	306360
36.243446	99.625	1.0	264000.0	306360
44.717197	139.25	1.0	264000.0	306360
60.77239	69.4375	1.0	264000.0	306360
41.84368	64.9375	1.0	264000.0	306360
95.99731	61.875	1.0	264000.0	306360
65.560265	81.5	1.0	264000.0	306360
44.545517	82.5	1.0	264000.0	306360
65.74331	106.625	1.0	264000.0	306360
60.58749	153.25	1.0	264000.0	306360
29.28394	109.625	1.0	264000.0	306360
152.56322	140.125	1.0	264000.0	306360
49.468655	137.875	1.0	264000.0	306360
155.7689	62.9375	1.0	264000.0	306360
82.69156	46.4375	1.0	264000.0	306360
46.585785	84.0	1.0	264000.0	306360
83.81914	114.625	1.0	264000.0	306360
53.7702	73.4375	1.0	264000.0	306360
36.697582	99.25	1.0	264000.0	306360
70.1386	104.625	1.0	264000.0	306360
185.69931	132.75	1.0	264000.0	306360
120.998474	105.9375	1.0	264000.0	306360
49.2276	155.25	1.0	264000.0	306360
62.79278	150.0	1.0	264000.0	306360
61.003742	114.875	1.0	264000.0	306360
163.32558	115.125	1.0	264000.0	306360
72.00841	67.25	1.0	264000.0	306360
120.20307	94.625	1.0	264000.0	306360
102.64225	89.625	1.0	264000.0	306360
83.07474	63.625	1.0	264000.0	306360
88.895424	103.6875	1.0	264000.0	306360
43.72352	155.625	1.0	264000.0	306360
56.25315	60.5	1.0	264000.0	306360
118.42631	105.9375	1.0	264000.0	306360
39.57843	49.78125	1.0	264000.0	306360
53.64513	60.9375	1.0	264000.0	306360
86.65433	124.3125	1.0	264000.0	306360
63.60848	97.9375	1.0	264000.0	306360
59.641083	132.375	1.0	264000.0	306360
53.58715	150.125	1.0	264000.0	306360
167.76431	150.125	1.0	264000.0	306360
67.860756	74.375	1.0	264000.0	306360
59.241924	99.5	1.0	264000.0	306360
86.07537	111.125	1.0	264000.0	306360
51.88298	50.15625	1.0	264000.0	306360
37.125263	95.1875	1.0	264000.0	306360
46.17606	132.875	1.0	264000.0	306360
54.915203	132.375	1.0	264000.0	306360
39.775326	102.25	1.0	264000.0	306360
52.166096	101.8125	1.0	264000.0	306360
40.52534	105.4375	1.0	264000.0	306360
90.0054	111.5625	1.0	264000.0	306360
83.45745	62.53125	1.0	264000.0	306360
81.80802	64.4375	1.0	264000.0	306360
146.14691	133.75	1.0	264000.0	306360
70.231186	103.875	1.0	264000.0	306360
41.38697	145.625	1.0	264000.0	306360
151.82924	33.03125	1.0	264000.0	306360
76.2383	68.5	1.0	264000.0	306360
91.38216	124.625	1.0	264000.0	306360
74.18456	109.0625	1.0	264000.0	306360
62.197304	147.375	1.0	264000.0	306360
60.546974	103.4375	1.0	264000.0	306360
61.999973	90.3125	1.0	264000.0	306360
74.186905	106.5	1.0	264000.0	306360
37.82782	140.875	1.0	264000.0	306360
70.88074	82.25	1.0	264000.0	306360
82.84446	147.875	1.0	264000.0	306360
71.77469	64.9375	1.0	264000.0	306360
75.98217	150.125	1.0	264000.0	306360
47.514755	114.0625	1.0	264000.0	306360
119.94297	133.0	1.0	264000.0	306360
112.05806	73.3125	1.0	264000.0	306360
61.598988	94.25	1.0	264000.0	306360
53.958225	82.125	1.0	264000.0	306360
51.187866	66.1875	1.0	264000.0	306360
164.44218	91.5625	1.0	264000.0	306360
92.43066	138.875	1.0	264000.0	306360
37.652798	60.625	1.0	264000.0	306360
40.759426	113.4375	1.0	264000.0	306360
48.854126	62.03125	1.0	264000.0	306360
47.802628	78.25	1.0	264000.0	306360
61.775986	61.25	1.0	264000.0	306360
84.75907	76.6875	1.0	264000.0	306360
103.92775	85.75	1.0	264000.0	306360
131.09137	67.625	1.0	264000.0	306360
70.75194	122.875	1.0	264000.0	306360
116.80988	109.3125	1.0	264000.0	306360
54.928688	62.375	1.0	264000.0	306360
66.07091	85.6875	1.0	264000.0	306360
44.99271	107.1875	1.0	264000.0	306360
28.853315	74.75	1.0	264000.0	306360
61.363083	139.125	1.0	264000.0	306360
46.64449	97.0	1.0	264000.0	306360
81.490486	138.5	1.0	264000.0	306360
85.821365	45.125	1.0	264000.0	306360
70.53125	61.9375	1.0	264000.0	306360
104.41231	90.25	1.0	264000.0	306360
61.893917	78.25	1.0	264000.0	306360
154.30753	72.375	1.0	264000.0	306360
50.276443	78.8125	1.0	264000.0	306360
62.237057	92.3125	1.0	264000.0	306360
52.623035	150.125	1.0	264000.0	306360
97.27691	109.3125	1.0	264000.0	306360
131.40106	114.5625	1.0	264000.0	306360
61.926617	102.25	1.0	264000.0	306360
100.52063	33.96875	1.0	264000.0	306360
198.77197	111.625	1.0	264000.0	306360
125.78941	129.25	1.0	264000.0	306360
104.54739	150.375	1.0	264000.0	306360
29.521784	62.28125	1.0	264000.0	306360
50.49709	108.0	1.0	264000.0	306360
67.67119	46.625	1.0	264000.0	306360
139.67043	56.34375	1.0	264000.0	306360
82.540535	104.625	1.0	264000.0	306360
107.59896	91.5625	1.0	264000.0	306360
92.54344	84.375	1.0	264000.0	306360
87.89126	83.375	1.0	264000.0	306360
100.32079	69.1875	1.0	264000.0	306360
64.20713	72.625	1.0	264000.0	306360
76.4455	119.625	1.0	264000.0	306360
58.468185	55.25	1.0	264000.0	306360
59.479546	69.375	1.0	264000.0	306360
171.65518	148.25	1.0	264000.0	306360
38.997463	103.75	1.0	264000.0	306360
88.3348	95.75	1.0	264000.0	306360
54.3682	125.75	1.0	264000.0	306360
75.92652	100.8125	1.0	264000.0	306360
143.70816	155.125	1.0	264000.0	306360
59.208458	35.65625	1.0	264000.0	306360
57.09573	123.0625	1.0	264000.0	306360
102.93041	112.8125	1.0	264000.0	306360
44.840126	161.75	1.0	264000.0	306360
53.979984	81.8125	1.0	264000.0	306360
51.706127	41.625	1.0	264000.0	306360
59.252644	70.3125	1.0	264000.0	306360
60.48352	127.0625	1.0	264000.0	306360
73.59116	98.75	1.0	264000.0	306360
55.798367	106.8125	1.0	264000.0	306360
47.821056	65.625	1.0	264000.0	306360
35.84281	117.625	1.0	264000.0	306360
79.247696	80.625	1.0	264000.0	306360
65.222244	66.0	1.0	264000.0	306360
43.287033	124.4375	1.0	264000.0	306360
46.352016	110.5	1.0	264000.0	306360
96.293205	108.5	1.0	264000.0	306360
106.3171	113.6875	1.0	264000.0	306360
75.00466	59.09375	1.0	264000.0	306360
105.371475	95.625	1.0	264000.0	306360
73.25359	90.125	1.0	264000.0	306360
72.380135	77.125	1.0	264000.0	306360
25.444246	120.875	1.0	264000.0	306360
72.685974	87.875	1.0	264000.0	306360
63.386395	85.0625	1.0	264000.0	306360
41.82615	130.75	1.0	264000.0	306360
74.83143	83.375	1.0	264000.0	306360
53.821472	129.75	1.0	264000.0	306360
106.69009	67.1875	1.0	264000.0	306360
54.2695	144.875	1.0	264000.0	306360
41.803055	66.5625	1.0	264000.0	306360
30.650345	114.1875	1.0	264000.0	306360
146.32469	117.8125	1.0	264000.0	306360
70.89783	144.125	1.0	264000.0	306360
54.33949	82.3125	1.0	264000.0	306360
108.28435	55.0	1.0	264000.0	306360
52.920345	111.0625	1.0	264000.0	306360
124.1845	75.4375	1.0	264000.0	306360
66.74662	106.1875	1.0	264000.0	306360
67.56303	102.9375	1.0	264000.0	306360
87.59878	45.4375	1.0	264000.0	306360
42.56679	85.25	1.0	264000.0	306360
48.44258	79.8125	1.0	264000.0	306360
88.36035	91.8125	1.0	264000.0	306360
67.63702	93.8125	1.0	264000.0	306360
151.94725	148.125	1.0	264000.0	306360
106.76515	154.625	1.0	264000.0	306360
59.017563	68.6875	1.0	264000.0	306360
154.0114	87.4375	1.0	264000.0	306360
68.67552	72.75	1.0	264000.0	306360
70.06568	45.6875	1.0	264000.0	306360
107.62607	120.6875	1.0	264000.0	306360
58.39762	49.375	1.0	264000.0	306360
55.529945	128.625	1.0	264000.0	306360
66.348366	97.4375	1.0	264000.0	306360
56.856342	186.5	1.0	264000.0	306360
63.50862	35.96875	1.0	264000.0	306360
64.728294	57.03125	1.0	264000.0	306360
157.34291	64.4375	1.0	264000.0	306360
100.11294	97.75	1.0	264000.0	306360
223.78885	137.25	1.0	264000.0	306360
53.934593	84.3125	1.0	264000.0	306360
93.95322	107.4375	1.0	264000.0	306360
193.6439	92.5625	1.0	264000.0	306360
84.80011	74.375	1.0	264000.0	306360
98.13991	29.40625	1.0	264000.0	306360
59.33657	87.0	1.0	264000.0	306360
99.657455	140.875	1.0	264000.0	306360
165.48907	43.4375	1.0	264000.0	306360
54.33098	109.3125	1.0	264000.0	306360
100.03345	87.5625	1.0	264000.0	306360
93.84862	99.875	1.0	264000.0	306360
90.16382	87.5	1.0	264000.0	306360
24.483364	118.0625	1.0	264000.0	306360
48.774117	29.734375	1.0	264000.0	306360
41.72793	56.0	1.0	264000.0	306360
43.134174	79.375	1.0	264000.0	306360
123.212166	34.75	1.0	264000.0	306360
122.628845	32.0625	1.0	264000.0	306360
16.862406	100.125	1.0	264000.0	306360
158.93893	49.28125	1.0	264000.0	306360
55.339886	60.9375	1.0	264000.0	306360
156.47151	58.09375	1.0	264000.0	306360
100.72098	175.25	1.0	264000.0	306360
48.9255	131.75	1.0	264000.0	306360
48.40209	155.625	1.0	264000.0	306360
51.174004	86.8125	1.0	264000.0	306360
51.983253	161.125	1.0	264000.0	306360
34.803486	120.75	1.0	264000.0	306360
45.15566	134.625	1.0	264000.0	306360
57.895054	143.75	1.0	264000.0	306360
72.32501	64.75	1.0	264000.0	306360
108.69571	72.5625	1.0	264000.0	306360
67.324356	74.8125	1.0	264000.0	306360
32.34735	108.25	1.0	264000.0	306360
45.644382	102.4375	1.0	264000.0	306360
48.831997	104.4375	1.0	264000.0	306360
75.99369	82.5	1.0	264000.0	306360
120.81865	132.625	1.0	264000.0	306360
81.04887	60.21875	1.0	264000.0	306360
48.846478	98.4375	1.0	264000.0	306360
58.124058	86.3125	1.0	264000.0	306360
55.62714	147.625	1.0	264000.0	306360
52.68433	100.75	1.0	264000.0	306360
96.66626	77.625	1.0	264000.0	306360
29.437353	91.6875	1.0	264000.0	306360
113.49124	78.0	1.0	264000.0	306360
53.048965	154.0	1.0	264000.0	306360
163.63536	122.875	1.0	264000.0	306360
95.87233	76.875	1.0	264000.0	306360
73.77168	119.4375	1.0	264000.0	306360
48.353703	83.75	1.0	264000.0	306360
95.470116	73.1875	1.0	264000.0	306360
155.0895	103.5	1.0	264000.0	306360
130.18896	116.25	1.0	264000.0	306360
92.71541	144.5	1.0	264000.0	306360
194.83679	52.84375	1.0	264000.0	306360
85.26269	32.59375	1.0	264000.0	306360
39.7723	144.125	1.0	264000.0	306360
25.962904	159.0	1.0	264000.0	306360
75.12994	116.9375	1.0	264000.0	306360
33.22588	82.5625	1.0	264000.0	306360
51.587074	115.875	1.0	264000.0	306360
52.296513	84.375	1.0	264000.0	306360
92.66552	90.1875	1.0	264000.0	306360
86.13575	51.03125	1.0	264000.0	306360
88.36721	108.0625	1.0	264000.0	306360
58.85698	82.625	1.0	264000.0	306360
72.03253	119.625	1.0	264000.0	306360
68.82826	62.78125	1.0	264000.0	306360
44.150314	107.25	1.0	264000.0	306360
165.40564	172.625	1.0	264000.0	306360
130.87852	55.375	1.0	264000.0	306360
68.97236	87.625	1.0	264000.0	306360
66.850365	82.1875	1.0	264000.0	306360
63.994747	128.875	1.0	264000.0	306360
55.594658	57.21875	1.0	264000.0	306360
108.66115	79.375	1.0	264000.0	306360
57.69058	109.25	1.0	264000.0	306360
41.89676	116.625	1.0	264000.0	306360
60.41535	58.9375	1.0	264000.0	306360
60.653954	126.25	1.0	264000.0	306360
63.730404	81.25	1.0	264000.0	306360
59.368088	154.5	1.0	264000.0	306360
75.2294	148.75	1.0	264000.0	306360
59.23373	109.75	1.0	264000.0	306360
53.042847	87.9375	1.0	264000.0	306360
58.460056	69.0625	1.0	264000.0	306360
47.542156	120.6875	1.0	264000.0	306360
76.78335	106.1875	1.0	264000.0	306360
64.43941	166.125	1.0	264000.0	306360
51.018337	68.875	1.0	264000.0	306360
80.86096	35.5	1.0	264000.0	306360
68.18416	144.875	1.0	264000.0	306360
60.802586	150.625	1.0	264000.0	306360
90.97496	124.25	1.0	264000.0	306360
69.323784	97.0	1.0	264000.0	306360
43.648052	130.0	1.0	264000.0	306360
63.45607	78.625	1.0	264000.0	306360
110.66845	92.8125	1.0	264000.0	306360
189.78648	40.21875	1.0	264000.0	306360
40.27609	118.1875	1.0	264000.0	306360
60.241383	96.75	1.0	264000.0	306360
77.447685	156.75	1.0	264000.0	306360
78.397736	63.25	1.0	264000.0	306360
99.3929	74.875	1.0	264000.0	306360
28.453125	154.125	1.0	264000.0	306360
84.09764	136.125	1.0	264000.0	306360
55.32397	69.875	1.0	264000.0	306360
164.51624	84.4375	1.0	264000.0	306360
52.483124	57.34375	1.0	264000.0	306360
43.753574	88.5625	1.0	264000.0	306360
46.50777	157.0	1.0	264000.0	306360
29.142078	41.65625	1.0	264000.0	306360
74.16151	99.0625	1.0	264000.0	306360
53.745575	88.625	1.0	264000.0	306360
42.313225	98.3125	1.0	264000.0	306360
23.107376	110.3125	1.0	264000.0	306360
92.42811	95.25	1.0	264000.0	306360
39.309685	80.3125	1.0	264000.0	306360
36.61366	56.96875	1.0	264000.0	306360
77.093056	96.0	1.0	264000.0	306360
63.991955	99.9375	1.0	264000.0	306360
62.361454	56.90625	1.0	264000.0	306360
49.191486	76.875	1.0	264000.0	306360
64.73138	80.1875	1.0	264000.0	306360
