lep_pt	AK8_pt	H_t	AK4_pt	t32	Msd	genWeights	sumWeight	N_exp
364.71774	644.5	225.8125	85.8125	0.4709193	156.625	0.005284793	404.65662	415
149.8965	390.0	108.25	108.25	0.7382526	157.875	0.005284793	404.65662	415
274.29272	549.5	39.09375	39.09375	0.38178694	185.625	0.005284793	404.65662	415
162.5323	363.25	51.84375	51.84375	0.6128848	161.375	-0.005284793	404.65662	415
306.27832	363.25	25.265625	25.265625	0.77496755	119.5	0.005284793	404.65662	415
181.95338	258.0	71.4375	71.4375	0.41782787	127.875	0.005284793	404.65662	415
181.69081	510.0	96.375	96.375	0.28654546	182.25	0.005284793	404.65662	415
125.90294	254.125	176.0625	82.75	0.8700928	90.875	0.005284793	404.65662	415
215.38025	376.5	53.140625	27.65625	0.5233645	171.0	-0.005284793	404.65662	415
364.84274	377.75	167.0625	131.625	0.827509	143.5	0.005284793	404.65662	415
169.8676	203.625	102.125	102.125	0.907058	78.25	0.005284793	404.65662	415
114.64059	356.75	45.0625	45.0625	0.5841281	126.0	-0.005284793	404.65662	415
152.21645	346.75	30.078125	30.078125	0.7213682	119.3125	0.005284793	404.65662	415
233.65012	361.25	119.375	119.375	0.65368974	143.625	0.005284793	404.65662	415
106.865524	317.75	169.07812	83.625	0.75845665	118.9375	0.005284793	404.65662	415
167.97656	277.25	105.9375	105.9375	0.62969166	126.125	0.005284793	404.65662	415
206.61356	274.5	145.25	91.875	0.85637945	99.0	0.005284793	404.65662	415
106.809044	478.75	94.625	94.625	0.6569274	1.734375	0.005284793	404.65662	415
255.63266	288.25	52.6875	52.6875	0.78922415	96.125	0.005284793	404.65662	415
337.42477	343.25	29.5625	29.5625	0.64437556	140.125	-0.005284793	404.65662	415
278.7292	326.25	65.0	65.0	0.5255339	142.0	-0.005284793	404.65662	415
202.24951	308.25	27.0	27.0	0.7873194	101.25	0.005284793	404.65662	415
341.44824	526.5	175.0625	138.875	0.755153	147.25	0.005284793	404.65662	415
247.98926	571.5	64.875	64.875	0.6784141	148.125	0.005284793	404.65662	415
147.10416	322.0	107.875	107.875	0.5898204	118.1875	0.005284793	404.65662	415
446.96558	559.5	36.59375	36.59375	0.5341805	154.375	-0.005284793	404.65662	415
91.19275	307.25	142.78125	81.1875	0.40463415	120.9375	0.005284793	404.65662	415
89.33645	352.0	219.875	86.75	0.625	149.875	0.005284793	404.65662	415
397.1436	250.25	142.375	142.375	0.6474501	84.5	-0.005284793	404.65662	415
56.30999	310.25	79.125	79.125	0.462313	122.625	0.005284793	404.65662	415
199.66426	383.5	75.0625	75.0625	0.3902611	144.125	0.005284793	404.65662	415
289.61163	507.5	39.875	39.875	0.82871795	103.6875	0.005284793	404.65662	415
110.41359	328.75	31.765625	31.765625	0.8385067	101.375	0.005284793	404.65662	415
171.98929	624.0	80.9375	80.9375	0.53287464	166.5	0.005284793	404.65662	415
178.12527	323.0	220.4375	110.875	0.584121	118.3125	-0.005284793	404.65662	415
353.7894	398.25	27.671875	27.671875	0.7906886	94.8125	0.005284793	404.65662	415
375.27264	514.5	115.0	115.0	0.3299532	196.75	0.005284793	404.65662	415
439.59033	573.0	44.46875	44.46875	0.42498302	165.5	0.005284793	404.65662	415
403.7246	723.0	26.3125	26.3125	0.37748158	174.125	0.005284793	404.65662	415
333.16248	420.5	110.0	110.0	0.5122344	156.75	-0.005284793	404.65662	415
236.1431	339.75	115.328125	88.0	0.38999137	149.625	-0.005284793	404.65662	415
68.9223	253.875	48.5	48.5	0.75886524	77.5625	-0.005284793	404.65662	415
168.65355	425.75	131.42188	105.3125	0.3136853	172.875	-0.005284793	404.65662	415
240.50693	436.5	59.71875	59.71875	0.64535517	158.5	0.005284793	404.65662	415
207.4806	331.0	176.78125	114.125	0.3620837	153.5	-0.005284793	404.65662	415
161.00632	350.75	149.65625	86.9375	0.5065502	145.75	-0.005284793	404.65662	415
284.1188	384.5	188.46875	128.625	0.26870576	168.5	0.005284793	404.65662	415
266.94095	487.25	183.25	183.25	0.79718006	163.0	0.005284793	404.65662	415
359.86395	548.5	101.9375	59.6875	0.5323847	149.875	0.005284793	404.65662	415
357.18073	507.5	58.65625	58.65625	0.83451957	37.5	0.005284793	404.65662	415
142.4483	219.5	78.75	78.75	0.7416332	84.75	0.005284793	404.65662	415
219.36613	200.5	161.5	161.5	0.8384146	82.375	0.005284793	404.65662	415
326.6481	538.0	156.25	156.25	0.8013834	186.125	-0.005284793	404.65662	415
276.46463	420.75	61.0	61.0	0.70620435	123.6875	0.005284793	404.65662	415
113.9116	299.25	36.09375	36.09375	0.77272725	88.6875	0.005284793	404.65662	415
191.97955	347.0	27.296875	27.296875	0.57247627	150.5	0.005284793	404.65662	415
292.22922	703.0	97.125	97.125	0.6705269	180.625	0.005284793	404.65662	415
232.34665	283.25	76.4375	76.4375	0.7579062	111.5	-0.005284793	404.65662	415
403.7879	501.75	145.25	145.25	0.76945245	139.5	0.005284793	404.65662	415
158.85643	249.125	119.671875	92.1875	0.92272264	95.5	0.005284793	404.65662	415
108.736084	377.5	35.21875	35.21875	0.87270343	120.8125	-0.005284793	404.65662	415
127.97045	323.25	30.78125	30.78125	0.46170342	131.625	0.005284793	404.65662	415
367.40317	499.25	27.515625	27.515625	0.8692886	97.125	-0.005284793	404.65662	415
232.85059	410.25	186.125	107.3125	0.43398726	145.625	0.005284793	404.65662	415
276.90097	486.75	63.03125	63.03125	0.49676898	168.125	0.005284793	404.65662	415
136.42787	482.5	25.484375	25.484375	0.40123057	181.875	0.005284793	404.65662	415
187.56265	409.0	145.375	145.375	0.8451557	154.125	0.005284793	404.65662	415
55.93754	388.75	102.125	102.125	0.5209125	178.875	0.005284793	404.65662	415
803.42334	668.5	97.375	97.375	0.43951133	181.375	0.005284793	404.65662	415
167.29245	410.75	181.4375	114.0	0.45232153	181.125	0.005284793	404.65662	415
164.40645	353.75	116.5	116.5	0.9346613	143.25	0.005284793	404.65662	415
450.87268	283.0	194.5625	97.875	0.86083955	8.0703125	0.005284793	404.65662	415
200.68875	339.75	85.09375	45.25	0.40699816	147.25	0.005284793	404.65662	415
357.82016	435.0	54.34375	54.34375	0.86501515	105.375	0.005284793	404.65662	415
251.3506	412.0	47.65625	47.65625	0.8230479	115.875	0.005284793	404.65662	415
187.96423	304.25	63.09375	63.09375	0.43437707	119.25	0.005284793	404.65662	415
181.16637	466.25	48.0	48.0	0.7842409	136.125	0.005284793	404.65662	415
238.0923	429.75	82.875	82.875	0.4546837	172.25	0.005284793	404.65662	415
427.80545	330.25	122.5625	122.5625	0.5318888	171.125	0.005284793	404.65662	415
299.232	539.5	79.9375	79.9375	0.5406125	157.375	-0.005284793	404.65662	415
471.39883	461.0	150.5	150.5	0.25773516	163.0	0.005284793	404.65662	415
357.42365	364.5	192.64062	165.75	0.8842105	141.625	0.005284793	404.65662	415
113.626785	290.75	54.53125	54.53125	0.5566258	127.1875	0.005284793	404.65662	415
84.71096	380.5	144.21875	108.875	0.29600194	185.5	0.005284793	404.65662	415
173.95456	287.0	56.84375	56.84375	0.5176471	71.625	0.005284793	404.65662	415
393.1552	386.0	26.171875	26.171875	0.61634266	140.625	0.005284793	404.65662	415
213.74437	442.25	98.75	68.0	0.4748264	154.375	-0.005284793	404.65662	415
241.37344	344.75	157.75	157.75	0.87119114	142.375	0.005284793	404.65662	415
409.434	556.0	117.9375	117.9375	0.59974986	174.0	0.005284793	404.65662	415
232.60396	384.25	119.125	78.5	0.7612559	134.875	0.005284793	404.65662	415
80.17288	295.25	27.34375	27.34375	0.6113402	115.8125	0.005284793	404.65662	415
259.55173	447.25	124.375	124.375	0.61909175	158.0	0.005284793	404.65662	415
65.07892	427.0	35.96875	35.96875	0.7189441	158.0	0.005284793	404.65662	415
204.79893	310.25	125.28125	96.375	0.1981915	138.625	0.005284793	404.65662	415
200.85211	321.75	126.4375	126.4375	0.85022026	105.375	0.005284793	404.65662	415
451.3429	516.0	259.3125	112.0	0.8263119	193.75	-0.005284793	404.65662	415
315.759	354.25	97.9375	97.9375	0.5125254	121.8125	0.005284793	404.65662	415
140.69673	399.0	221.4375	143.75	0.59877676	134.5	0.005284793	404.65662	415
103.21265	318.75	110.0	110.0	0.6559809	118.5	0.005284793	404.65662	415
382.1731	469.0	301.42188	212.125	0.5857271	189.5	0.005284793	404.65662	415
195.93886	644.5	60.78125	60.78125	0.50898474	171.375	-0.005284793	404.65662	415
158.5475	394.75	249.25	87.3125	0.60106385	163.875	0.005284793	404.65662	415
101.96672	315.25	26.453125	26.453125	0.6225758	127.8125	0.005284793	404.65662	415
187.09505	429.5	146.0	117.625	0.83384615	147.875	0.005284793	404.65662	415
254.06564	247.75	80.1875	80.1875	0.8687922	82.9375	0.005284793	404.65662	415
388.17203	429.25	90.125	90.125	0.67317706	63.78125	0.005284793	404.65662	415
194.01389	389.0	54.28125	54.28125	0.8957883	117.1875	0.005284793	404.65662	415
96.86362	276.0	56.28125	56.28125	0.57834756	99.8125	0.005284793	404.65662	415
80.414246	334.25	65.1875	65.1875	0.37148595	139.75	0.005284793	404.65662	415
211.68735	298.0	126.984375	97.8125	0.6162869	135.0	0.005284793	404.65662	415
168.57416	294.5	160.3125	97.625	0.8222826	67.0	0.005284793	404.65662	415
89.67089	253.875	104.125	77.5	0.8802436	99.0625	0.005284793	404.65662	415
257.7197	218.5	220.28125	83.9375	0.6655373	79.25	0.005284793	404.65662	415
163.9694	337.75	94.75	62.9375	0.91611624	105.9375	0.005284793	404.65662	415
81.354485	393.25	104.59375	67.1875	0.5078555	139.875	0.005284793	404.65662	415
89.23572	292.75	163.0	110.5625	0.6875512	121.25	0.005284793	404.65662	415
236.01094	390.5	87.625	87.625	0.60355484	107.0	0.005284793	404.65662	415
172.15453	458.75	168.1875	110.875	0.5247012	186.125	0.005284793	404.65662	415
531.4989	722.0	108.9375	108.9375	0.6761006	228.375	0.005284793	404.65662	415
191.68489	284.5	141.625	141.625	0.8618968	78.1875	0.005284793	404.65662	415
132.62668	354.75	116.5	116.5	0.2486911	169.625	0.005284793	404.65662	415
345.5558	429.75	26.6875	26.6875	0.7761194	138.0	-0.005284793	404.65662	415
176.78699	209.375	52.21875	52.21875	0.62955296	106.8125	0.005284793	404.65662	415
129.92906	291.5	98.75	98.75	0.39698276	142.875	0.005284793	404.65662	415
227.6352	399.75	122.5	122.5	0.65433675	181.25	0.005284793	404.65662	415
174.36755	445.25	227.375	148.875	0.71640784	177.875	0.005284793	404.65662	415
227.60492	391.25	32.25	32.25	0.64022756	120.875	0.005284793	404.65662	415
132.41249	327.0	116.4375	116.4375	0.65106153	124.9375	0.005284793	404.65662	415
467.74277	651.5	30.609375	30.609375	0.5581301	154.25	-0.005284793	404.65662	415
278.7433	493.75	159.875	159.875	0.41671845	181.125	0.005284793	404.65662	415
241.42734	801.0	48.46875	48.46875	0.71774894	91.9375	0.005284793	404.65662	415
94.00865	208.75	54.5	54.5	0.846399	71.3125	-0.005284793	404.65662	415
40.03972	363.25	108.125	108.125	0.8947602	142.125	0.005284793	404.65662	415
276.637	321.0	27.96875	27.96875	0.52832323	111.25	0.005284793	404.65662	415
238.8918	546.5	191.9375	123.0	0.47261485	182.5	0.005284793	404.65662	415
191.47018	532.5	44.625	44.625	0.7030739	109.25	0.005284793	404.65662	415
51.68611	625.0	57.46875	57.46875	0.5776952	145.625	0.005284793	404.65662	415
148.84291	435.5	47.84375	47.84375	0.61243385	161.0	0.005284793	404.65662	415
270.41968	440.25	136.125	136.125	0.5436548	143.375	0.005284793	404.65662	415
134.81514	401.75	152.5	152.5	0.42013574	181.875	0.005284793	404.65662	415
75.46677	345.25	78.9375	78.9375	0.9042266	83.375	0.005284793	404.65662	415
203.21095	455.25	91.9375	91.9375	0.31555706	171.125	-0.005284793	404.65662	415
199.84401	332.75	84.8125	44.46875	0.42352322	53.1875	-0.005284793	404.65662	415
263.93637	392.5	127.625	127.625	0.49137932	159.625	0.005284793	404.65662	415
302.82477	389.25	76.1875	76.1875	0.59046376	141.125	0.005284793	404.65662	415
96.72721	284.5	152.5	152.5	0.7251958	110.75	0.005284793	404.65662	415
120.413376	355.75	112.75	112.75	0.83065	129.0	0.005284793	404.65662	415
202.74275	477.0	197.1875	131.5	0.6719324	155.5	0.005284793	404.65662	415
105.23876	316.75	69.6875	69.6875	0.7133333	134.5	-0.005284793	404.65662	415
229.29619	288.5	114.125	114.125	0.8677326	112.8125	0.005284793	404.65662	415
172.21867	288.25	32.1875	32.1875	0.44039088	123.3125	-0.005284793	404.65662	415
152.69373	354.25	139.84375	111.875	0.53647274	121.75	-0.005284793	404.65662	415
83.47724	387.0	168.125	168.125	0.44947508	181.25	0.005284793	404.65662	415
218.09543	502.0	114.3125	114.3125	0.40966076	175.125	0.005284793	404.65662	415
195.80219	337.5	107.1875	107.1875	0.47146118	122.125	0.005284793	404.65662	415
207.66669	557.5	123.171875	96.5	0.40022677	179.625	-0.005284793	404.65662	415
442.57553	549.5	119.9375	119.9375	0.23912229	184.75	0.005284793	404.65662	415
228.72113	433.5	47.9375	47.9375	0.5705596	206.375	0.005284793	404.65662	415
170.67372	279.75	55.1875	55.1875	0.65361184	135.375	0.005284793	404.65662	415
212.84323	402.75	148.0	148.0	0.89850247	149.375	0.005284793	404.65662	415
208.07439	494.5	85.25	85.25	0.81478405	156.625	-0.005284793	404.65662	415
240.67888	493.25	123.6875	123.6875	0.3722307	168.75	0.005284793	404.65662	415
233.51086	549.0	108.625	108.625	0.3222028	180.5	0.005284793	404.65662	415
285.6573	401.5	170.5	170.5	0.6602289	187.75	0.005284793	404.65662	415
304.17764	651.5	174.875	117.9375	0.5977208	174.375	-0.005284793	404.65662	415
152.60681	570.5	107.875	107.875	0.37998936	172.125	0.005284793	404.65662	415
299.646	403.25	258.8125	185.875	0.30829832	176.375	0.005284793	404.65662	415
301.63315	364.25	113.625	86.625	0.69651085	108.375	0.005284793	404.65662	415
160.03458	378.5	36.03125	36.03125	0.8890633	119.0	0.005284793	404.65662	415
142.33267	330.25	53.625	53.625	0.8825	123.3125	0.005284793	404.65662	415
144.53459	307.25	101.125	51.125	0.6934487	107.125	0.005284793	404.65662	415
507.14288	796.0	59.34375	59.34375	0.85963684	126.5	0.005284793	404.65662	415
179.48291	360.25	125.1875	125.1875	0.4353156	172.625	0.005284793	404.65662	415
139.52563	730.0	35.6875	35.6875	0.3029344	200.625	0.005284793	404.65662	415
204.18777	302.5	60.375	60.375	0.75622606	99.6875	0.005284793	404.65662	415
331.06558	792.0	91.125	91.125	0.49941793	168.875	0.005284793	404.65662	415
345.15793	468.0	38.625	38.625	0.58006537	171.875	0.005284793	404.65662	415
67.72276	260.0	62.21875	62.21875	0.62587005	102.5	0.005284793	404.65662	415
92.52513	238.625	71.3125	71.3125	0.7894737	90.375	0.005284793	404.65662	415
123.08209	547.5	102.0625	102.0625	0.504717	183.75	-0.005284793	404.65662	415
196.25597	445.75	53.96875	53.96875	0.787155	124.25	-0.005284793	404.65662	415
229.2121	343.25	92.0	92.0	0.60943776	162.875	-0.005284793	404.65662	415
89.72428	500.25	111.0625	111.0625	0.5031056	191.625	0.005284793	404.65662	415
224.57758	275.0	117.1875	117.1875	0.74098796	120.3125	0.005284793	404.65662	415
137.8443	516.0	53.65625	53.65625	0.8439376	149.75	0.005284793	404.65662	415
261.74313	590.5	57.9375	57.9375	0.85302323	101.4375	0.005284793	404.65662	415
204.15952	361.0	34.03125	34.03125	0.8086844	123.75	0.005284793	404.65662	415
245.33649	254.5	85.0	85.0	0.5109108	106.0625	0.005284793	404.65662	415
420.36902	723.5	51.09375	51.09375	0.75544626	179.25	-0.005284793	404.65662	415
259.84857	421.25	33.59375	33.59375	0.7225681	95.125	0.005284793	404.65662	415
229.73744	476.0	75.3125	75.3125	0.56709146	82.625	0.005284793	404.65662	415
243.43686	436.0	141.125	141.125	0.5825688	141.25	0.005284793	404.65662	415
205.3531	320.25	37.46875	37.46875	0.63491476	134.25	0.005284793	404.65662	415
192.73442	433.5	126.125	126.125	0.3062787	193.0	0.005284793	404.65662	415
166.76318	485.0	167.6875	133.625	0.3762755	199.0	0.005284793	404.65662	415
181.20667	398.5	53.8125	53.8125	0.833713	101.5625	0.005284793	404.65662	415
192.43712	314.25	135.64062	103.875	0.5924574	152.5	0.005284793	404.65662	415
138.56429	333.25	118.875	118.875	0.5689455	143.875	-0.005284793	404.65662	415
102.740166	335.25	119.375	119.375	0.7294292	134.375	0.005284793	404.65662	415
591.40857	364.5	134.53125	92.125	0.8039718	111.8125	0.005284793	404.65662	415
159.70772	502.5	168.375	168.375	0.60566664	224.375	-0.005284793	404.65662	415
103.017456	403.5	175.25	175.25	0.7979798	154.625	0.005284793	404.65662	415
241.55408	495.25	28.6875	28.6875	0.8720266	135.5	0.005284793	404.65662	415
235.85378	277.5	132.70312	101.6875	0.473902	127.9375	-0.005284793	404.65662	415
428.0056	594.0	27.640625	27.640625	0.82250804	174.75	0.005284793	404.65662	415
107.0513	336.75	101.375	101.375	0.37335527	147.5	0.005284793	404.65662	415
339.73526	425.0	57.40625	57.40625	0.78701407	7.0	0.005284793	404.65662	415
100.110954	588.5	123.3125	123.3125	0.4524181	195.875	0.005284793	404.65662	415
328.90576	339.25	66.75	66.75	0.5734191	80.1875	0.005284793	404.65662	415
146.3381	353.0	29.3125	29.3125	0.73862535	142.625	0.005284793	404.65662	415
520.9862	455.5	105.75	105.75	0.78108805	3.1660156	-0.005284793	404.65662	415
94.885284	332.0	25.25	25.25	0.42591268	145.375	-0.005284793	404.65662	415
612.0118	499.75	138.25	138.25	0.61917514	186.75	0.005284793	404.65662	415
70.601006	513.5	77.0	77.0	0.6240058	7.625	0.005284793	404.65662	415
204.79012	335.5	92.4375	92.4375	0.8063512	147.875	0.005284793	404.65662	415
282.40057	362.25	165.125	165.125	0.8979592	133.625	0.005284793	404.65662	415
261.3509	425.25	72.625	72.625	0.8449074	9.7734375	0.005284793	404.65662	415
244.2071	357.0	146.9375	103.5625	0.6276423	123.3125	0.005284793	404.65662	415
248.88414	742.0	283.75	234.75	0.57668066	264.25	0.005284793	404.65662	415
239.2618	254.375	25.453125	25.453125	0.908686	89.4375	-0.005284793	404.65662	415
103.237495	336.5	74.0	74.0	0.54508954	135.0	0.005284793	404.65662	415
132.89105	259.5	293.09375	104.5625	0.76707315	110.875	-0.005284793	404.65662	415
638.7508	744.5	43.0625	43.0625	0.5423397	180.25	0.005284793	404.65662	415
207.13744	268.0	120.625	120.625	0.87347823	109.6875	-0.005284793	404.65662	415
190.68518	349.25	113.125	113.125	0.3977876	170.25	0.005284793	404.65662	415
73.75706	443.0	148.875	148.875	0.5776316	204.625	0.005284793	404.65662	415
200.10167	338.5	33.78125	33.78125	0.56387305	116.0	-0.005284793	404.65662	415
389.27414	566.0	84.25	84.25	0.8290993	155.75	0.005284793	404.65662	415
124.69245	205.75	102.9375	102.9375	0.63582844	101.375	-0.005284793	404.65662	415
154.74612	466.75	290.75	153.5	0.7351779	141.0	0.005284793	404.65662	415
369.3668	536.5	233.75	154.0	0.29455042	198.5	0.005284793	404.65662	415
70.56596	254.375	127.75	127.75	0.6951159	112.8125	0.005284793	404.65662	415
241.08	328.25	104.078125	44.75	0.81489676	100.375	-0.005284793	404.65662	415
242.56781	337.5	90.8125	90.8125	0.28047436	145.0	0.005284793	404.65662	415
333.57773	299.75	122.0	66.0625	0.5966694	106.5625	0.005284793	404.65662	415
234.89912	495.75	78.6875	78.6875	0.96742207	153.75	0.005284793	404.65662	415
342.2692	404.5	88.6875	88.6875	0.46778244	180.25	-0.005284793	404.65662	415
275.2671	471.5	69.6875	69.6875	0.32931036	165.625	0.005284793	404.65662	415
210.68547	361.0	102.5625	102.5625	0.3947508	143.875	0.005284793	404.65662	415
517.3625	460.0	70.125	70.125	0.5368421	170.75	-0.005284793	404.65662	415
178.25806	325.75	90.3125	90.3125	0.50036335	177.25	0.005284793	404.65662	415
96.98497	404.5	35.90625	35.90625	0.4082547	188.0	0.005284793	404.65662	415
289.0299	253.875	80.75	80.75	0.82251656	96.625	0.005284793	404.65662	415
207.28511	295.75	148.96875	123.5	0.6801746	11.015625	0.005284793	404.65662	415
504.02274	588.0	76.3125	76.3125	0.53076065	161.875	0.005284793	404.65662	415
217.9402	336.5	139.875	139.875	0.48722044	163.375	0.005284793	404.65662	415
240.22247	585.0	29.875	29.875	0.3663757	215.75	0.005284793	404.65662	415
217.49661	385.75	56.46875	56.46875	0.6877304	115.3125	0.005284793	404.65662	415
144.52112	316.5	70.9375	70.9375	0.55392915	127.625	-0.005284793	404.65662	415
471.67776	587.0	54.671875	28.046875	0.68536806	157.125	0.005284793	404.65662	415
84.3673	342.0	106.0	106.0	0.7641369	145.375	-0.005284793	404.65662	415
163.29776	524.0	25.828125	25.828125	0.5297003	190.25	0.005284793	404.65662	415
388.39148	368.5	72.375	72.375	0.76187783	84.75	0.005284793	404.65662	415
156.31023	319.25	178.21875	117.3125	0.57694525	145.875	0.005284793	404.65662	415
179.2823	216.125	202.75	170.25	0.7764128	76.5	0.005284793	404.65662	415
153.37874	259.5	33.3125	33.3125	0.765035	96.875	0.005284793	404.65662	415
127.141205	466.5	116.0625	116.0625	0.40220386	181.875	-0.005284793	404.65662	415
156.92053	279.75	41.125	41.125	0.6837238	74.875	0.005284793	404.65662	415
200.37915	459.75	46.21875	46.21875	0.5673077	76.5	0.005284793	404.65662	415
673.43414	790.5	142.375	142.375	0.527845	186.0	0.005284793	404.65662	415
135.10541	318.0	63.625	63.625	0.72403103	124.375	0.005284793	404.65662	415
156.76967	386.5	158.125	158.125	0.40620115	184.75	0.005284793	404.65662	415
322.69202	725.5	182.25	119.9375	0.42950985	189.0	0.005284793	404.65662	415
126.2046	342.75	79.5	79.5	0.60186046	133.625	0.005284793	404.65662	415
61.03181	337.25	29.375	29.375	0.762144	83.3125	0.005284793	404.65662	415
111.88139	272.0	91.6875	91.6875	0.54444444	109.3125	0.005284793	404.65662	415
204.96893	340.0	28.40625	28.40625	0.3327329	145.25	0.005284793	404.65662	415
48.078564	348.75	62.59375	62.59375	0.76950145	145.125	0.005284793	404.65662	415
269.57547	351.25	78.75	78.75	0.88578945	97.875	0.005284793	404.65662	415
245.14758	319.5	136.125	93.3125	0.27568492	126.375	0.005284793	404.65662	415
199.81717	494.0	182.15625	153.5	0.38338763	187.25	0.005284793	404.65662	415
256.74033	284.75	121.5	121.5	0.8133428	119.0625	-0.005284793	404.65662	415
485.59195	570.0	149.75	109.3125	0.7848276	3.1972656	-0.005284793	404.65662	415
158.12	326.75	104.875	104.875	0.7567271	133.5	0.005284793	404.65662	415
324.27884	486.25	187.28125	133.75	0.5657826	195.0	0.005284793	404.65662	415
162.58112	240.75	52.3125	52.3125	0.6095604	85.0625	0.005284793	404.65662	415
270.86475	430.25	145.75	145.75	0.85208774	144.375	0.005284793	404.65662	415
120.40319	327.0	29.34375	29.34375	0.33017817	127.3125	0.005284793	404.65662	415
175.75374	471.0	129.625	129.625	0.58659005	173.125	-0.005284793	404.65662	415
332.97223	444.75	104.5	104.5	0.55856323	121.4375	-0.005284793	404.65662	415
455.3309	823.5	98.6875	98.6875	0.3912535	275.25	-0.005284793	404.65662	415
147.38332	367.0	179.25	146.0	0.7382054	161.375	0.005284793	404.65662	415
153.84074	486.75	56.21875	56.21875	0.7259091	158.5	0.005284793	404.65662	415
249.68527	352.25	125.484375	97.375	0.6928464	120.25	0.005284793	404.65662	415
324.68704	352.0	55.5	55.5	0.58780485	144.375	0.005284793	404.65662	415
156.11198	332.0	49.46875	49.46875	0.77264494	121.4375	-0.005284793	404.65662	415
381.46725	276.25	212.9375	139.25	0.5790068	123.25	0.005284793	404.65662	415
275.93906	315.0	63.09375	63.09375	0.48509935	112.75	0.005284793	404.65662	415
158.30814	364.5	42.0625	42.0625	0.88180274	124.3125	0.005284793	404.65662	415
77.29803	401.5	186.875	186.875	0.53351104	189.25	0.005284793	404.65662	415
148.06206	392.25	32.09375	32.09375	0.51188356	162.75	0.005284793	404.65662	415
179.96562	365.75	110.4375	110.4375	0.86647725	129.875	0.005284793	404.65662	415
164.66736	449.5	81.9375	81.9375	0.49259022	155.625	0.005284793	404.65662	415
264.7026	397.25	114.0	114.0	0.41181365	101.4375	0.005284793	404.65662	415
267.74933	359.25	95.5625	95.5625	0.5163128	143.625	0.005284793	404.65662	415
195.20091	263.25	70.25	70.25	0.61064565	91.1875	0.005284793	404.65662	415
298.99905	544.0	50.78125	50.78125	0.5971888	76.1875	0.005284793	404.65662	415
425.36118	444.75	337.46875	154.5	0.72947454	179.5	0.005284793	404.65662	415
68.68436	350.5	121.1875	121.1875	0.830738	140.0	0.005284793	404.65662	415
107.77573	434.75	77.5625	77.5625	0.3815029	154.5	-0.005284793	404.65662	415
574.8838	466.5	107.0	107.0	0.29953846	168.625	0.005284793	404.65662	415
227.28775	470.5	257.32812	177.375	0.5751971	197.5	0.005284793	404.65662	415
175.39044	350.0	284.76562	110.5625	0.47157297	186.5	0.005284793	404.65662	415
196.5497	440.5	82.375	82.375	0.44155094	179.875	0.005284793	404.65662	415
335.38687	265.5	106.9375	106.9375	0.46697775	131.625	0.005284793	404.65662	415
257.55142	324.25	123.0625	123.0625	0.8244048	117.0	0.005284793	404.65662	415
101.841576	285.5	90.5	90.5	0.56876606	105.8125	0.005284793	404.65662	415
220.70726	403.75	116.6875	116.6875	0.531307	168.125	0.005284793	404.65662	415
388.90158	373.0	235.8125	106.9375	0.7271167	71.125	0.005284793	404.65662	415
178.93608	377.75	96.875	96.875	0.44777563	146.5	0.005284793	404.65662	415
141.33704	264.5	44.53125	44.53125	0.9195219	87.125	0.005284793	404.65662	415
468.2363	510.75	42.6875	42.6875	0.46936148	161.625	0.005284793	404.65662	415
136.99728	347.5	27.0625	27.0625	0.8699095	114.5625	0.005284793	404.65662	415
121.975044	273.5	101.375	101.375	0.780192	135.125	0.005284793	404.65662	415
163.67241	391.0	198.125	116.9375	0.4092004	186.5	-0.005284793	404.65662	415
126.079636	215.625	161.07812	99.125	0.62976813	93.6875	0.005284793	404.65662	415
217.93376	583.0	189.625	101.875	0.61088085	185.875	0.005284793	404.65662	415
158.30365	405.75	124.3125	124.3125	0.6416205	149.125	-0.005284793	404.65662	415
298.6009	569.5	70.3125	37.09375	0.75440806	143.625	0.005284793	404.65662	415
270.32492	467.25	139.53125	65.375	0.7637427	217.625	0.005284793	404.65662	415
310.1755	578.5	39.25	39.25	0.86625385	128.75	0.005284793	404.65662	415
60.43324	348.75	124.9375	124.9375	0.37851062	179.125	0.005284793	404.65662	415
229.12369	327.25	150.01562	122.9375	0.74623495	144.25	0.005284793	404.65662	415
144.6832	298.75	152.25	152.25	0.8125347	130.125	0.005284793	404.65662	415
208.04974	444.5	133.125	66.625	0.4916534	158.375	0.005284793	404.65662	415
134.10966	316.0	81.625	81.625	0.6665232	124.25	0.005284793	404.65662	415
279.44635	353.75	98.125	98.125	0.54805404	145.375	0.005284793	404.65662	415
83.68048	361.0	73.875	73.875	0.42521903	142.75	0.005284793	404.65662	415
238.38129	430.75	124.0	124.0	0.55893683	178.0	0.005284793	404.65662	415
318.8443	305.75	212.8125	122.1875	0.46900544	173.0	0.005284793	404.65662	415
130.53123	261.75	118.65625	81.375	0.66866565	110.1875	0.005284793	404.65662	415
277.92923	328.25	65.875	65.875	0.90053284	101.25	0.005284793	404.65662	415
425.20828	479.0	35.9375	35.9375	0.7546174	165.625	-0.005284793	404.65662	415
62.09924	551.0	106.5625	106.5625	0.8501094	110.25	-0.005284793	404.65662	415
145.37369	456.25	63.21875	63.21875	0.46769068	183.0	0.005284793	404.65662	415
199.51079	295.25	94.140625	65.6875	0.5352423	112.4375	0.005284793	404.65662	415
105.01343	560.0	85.0625	85.0625	0.44407895	167.25	0.005284793	404.65662	415
337.7918	446.75	104.15625	77.5	0.8317343	116.75	0.005284793	404.65662	415
448.56235	636.0	81.3125	81.3125	0.37970614	192.0	-0.005284793	404.65662	415
341.2813	465.5	31.6875	31.6875	0.74643874	93.5	0.005284793	404.65662	415
344.2132	465.0	47.59375	47.59375	0.59291446	136.375	0.005284793	404.65662	415
310.09708	460.5	184.5	184.5	0.28978738	200.5	0.005284793	404.65662	415
185.88809	684.0	131.75	131.75	0.6236702	176.0	-0.005284793	404.65662	415
205.58359	242.5	79.1875	79.1875	0.87445885	88.375	-0.005284793	404.65662	415
338.82617	620.0	46.25	46.25	0.5164645	195.25	0.005284793	404.65662	415
106.158676	514.5	89.5625	89.5625	0.28154132	180.25	-0.005284793	404.65662	415
104.8665	340.5	126.625	126.625	0.82937604	121.125	-0.005284793	404.65662	415
365.97263	461.25	75.75	75.75	0.71488345	139.0	0.005284793	404.65662	415
156.86595	301.5	154.375	154.375	0.6078753	131.875	0.005284793	404.65662	415
423.2137	464.0	105.625	105.625	0.52392346	196.875	0.005284793	404.65662	415
164.49234	358.75	185.875	94.3125	0.4773504	171.75	-0.005284793	404.65662	415
181.1609	268.25	122.25	122.25	0.8101504	99.75	0.005284793	404.65662	415
295.32022	715.0	117.1875	74.6875	0.4616429	114.0	0.005284793	404.65662	415
333.1792	378.75	41.375	41.375	0.46361187	134.25	0.005284793	404.65662	415
240.01906	443.25	186.64062	158.0	0.6414687	178.375	0.005284793	404.65662	415
705.20166	865.5	154.0	154.0	0.4063409	312.75	0.005284793	404.65662	415
268.69617	345.5	80.25	80.25	0.71464777	142.125	0.005284793	404.65662	415
238.01508	431.75	78.4375	78.4375	0.46969697	154.375	0.005284793	404.65662	415
134.22304	406.25	129.375	129.375	0.5872362	148.5	-0.005284793	404.65662	415
490.58032	649.0	219.375	219.375	0.5272577	175.25	-0.005284793	404.65662	415
133.31363	346.5	30.609375	30.609375	0.67058057	95.125	0.005284793	404.65662	415
91.14896	432.5	101.4375	101.4375	0.43277645	174.0	0.005284793	404.65662	415
169.51219	470.0	106.8125	68.625	0.29119956	188.875	-0.005284793	404.65662	415
149.70555	471.75	232.0625	122.25	0.49027237	150.25	0.005284793	404.65662	415
269.52704	388.25	145.25	145.25	0.7951858	142.625	0.005284793	404.65662	415
471.71298	623.5	182.46875	150.25	0.85740626	140.875	0.005284793	404.65662	415
254.41719	452.25	62.375	62.375	0.53381014	178.375	0.005284793	404.65662	415
107.88171	583.0	76.25	76.25	0.7388749	4.1054688	0.005284793	404.65662	415
225.5724	210.75	88.09375	45.9375	0.78436965	71.875	-0.005284793	404.65662	415
168.1866	343.0	278.6875	159.125	0.9148336	127.625	-0.005284793	404.65662	415
254.50414	373.0	49.0625	49.0625	0.4011085	153.625	0.005284793	404.65662	415
303.72873	431.75	86.25	86.25	0.7133891	152.0	-0.005284793	404.65662	415
578.488	925.5	140.375	140.375	0.5420431	291.0	-0.005284793	404.65662	415
58.86573	313.25	138.75	138.75	0.29974705	150.0	0.005284793	404.65662	415
96.996635	399.75	181.4375	100.9375	0.6513365	129.75	-0.005284793	404.65662	415
450.97522	346.0	32.3125	32.3125	0.7838185	146.625	-0.005284793	404.65662	415
152.38377	256.5	26.875	26.875	0.7434457	105.8125	-0.005284793	404.65662	415
215.56294	249.375	102.84375	54.84375	0.5668418	135.625	-0.005284793	404.65662	415
301.34567	366.75	123.0625	123.0625	0.63724625	135.375	0.005284793	404.65662	415
134.65015	543.5	66.4375	66.4375	0.5997866	193.0	0.005284793	404.65662	415
145.6624	359.0	111.75	80.9375	0.76635516	99.125	0.005284793	404.65662	415
243.60434	480.25	166.125	166.125	0.81273764	192.125	0.005284793	404.65662	415
361.86557	668.0	25.109375	25.109375	0.41028097	199.0	0.005284793	404.65662	415
504.6075	620.0	40.90625	40.90625	0.66422516	171.875	0.005284793	404.65662	415
282.95255	345.5	52.4375	52.4375	0.704288	125.375	0.005284793	404.65662	415
349.9259	296.75	71.6875	71.6875	0.409734	124.3125	0.005284793	404.65662	415
175.30232	319.5	73.5625	73.5625	0.47038865	118.8125	0.005284793	404.65662	415
295.5252	561.0	144.54688	70.125	0.7212885	104.75	0.005284793	404.65662	415
61.410877	248.5	108.0	108.0	0.72774416	98.6875	0.005284793	404.65662	415
121.34682	423.75	176.75	138.625	0.7437604	159.125	0.005284793	404.65662	415
245.34596	615.5	26.375	26.375	0.4225017	189.625	0.005284793	404.65662	415
182.56557	399.5	137.5	137.5	0.37801933	183.625	0.005284793	404.65662	415
266.25998	346.0	70.625	70.625	0.5639891	142.875	0.005284793	404.65662	415
303.51047	527.5	97.875	97.875	0.78377265	149.0	-0.005284793	404.65662	415
105.78088	367.5	155.375	155.375	0.73812664	90.1875	0.005284793	404.65662	415
92.788635	336.0	44.0625	44.0625	0.63918066	123.1875	0.005284793	404.65662	415
191.64061	323.5	74.375	74.375	0.7932072	116.3125	-0.005284793	404.65662	415
568.5273	703.0	278.6875	155.0	0.4460809	265.5	0.005284793	404.65662	415
519.5079	444.0	37.5625	37.5625	0.71522176	3.3867188	0.005284793	404.65662	415
445.77203	455.75	77.875	77.875	0.47202548	158.5	0.005284793	404.65662	415
148.56825	452.75	72.25	72.25	0.32946146	173.375	0.005284793	404.65662	415
453.18863	311.75	41.0625	41.0625	0.7664449	142.625	0.005284793	404.65662	415
353.78308	657.5	114.484375	84.3125	0.5593995	177.0	0.005284793	404.65662	415
528.51074	460.5	76.25	76.25	0.816787	4.0976562	-0.005284793	404.65662	415
95.182175	382.5	50.21875	50.21875	0.40657803	133.5	0.005284793	404.65662	415
107.31908	329.25	100.875	100.875	0.40861812	153.125	0.005284793	404.65662	415
317.48718	466.25	28.421875	28.421875	0.45069876	148.75	0.005284793	404.65662	415
135.66371	335.0	189.5625	123.0625	0.31876752	150.875	0.005284793	404.65662	415
214.12177	242.625	106.625	106.625	0.78708375	91.8125	0.005284793	404.65662	415
79.85518	422.0	112.125	112.125	0.36424732	172.875	0.005284793	404.65662	415
130.05345	339.75	131.25	131.25	0.7609692	141.875	0.005284793	404.65662	415
159.30872	340.25	42.46875	42.46875	0.92135924	3.296875	0.005284793	404.65662	415
159.3865	260.25	144.84375	83.5	0.87563634	88.8125	0.005284793	404.65662	415
212.16835	403.25	123.546875	69.0625	0.72816324	166.375	-0.005284793	404.65662	415
223.30089	340.75	25.21875	25.21875	0.6847004	128.375	0.005284793	404.65662	415
275.3425	664.0	42.15625	42.15625	0.41858038	181.0	0.005284793	404.65662	415
206.33029	424.0	34.40625	34.40625	0.7823529	151.5	0.005284793	404.65662	415
189.16095	249.875	64.8125	64.8125	0.47691673	79.625	0.005284793	404.65662	415
289.2738	434.75	99.25	99.25	0.3291815	173.125	0.005284793	404.65662	415
267.34625	475.25	114.0	114.0	0.42674083	167.75	0.005284793	404.65662	415
682.40753	667.5	88.875	88.875	0.32538912	171.375	0.005284793	404.65662	415
1128.0846	793.5	145.125	145.125	0.6112731	108.75	0.005284793	404.65662	415
98.75065	350.5	29.40625	29.40625	0.8137705	170.625	0.005284793	404.65662	415
94.77696	356.75	226.6875	125.375	0.8949545	138.5	0.005284793	404.65662	415
181.19193	321.0	27.359375	27.359375	0.6983857	131.25	0.005284793	404.65662	415
199.807	377.5	235.125	149.0	0.90386266	135.875	0.005284793	404.65662	415
167.5741	599.5	25.09375	25.09375	0.6632	235.125	0.005284793	404.65662	415
305.9565	459.25	148.0	148.0	0.8567493	162.25	0.005284793	404.65662	415
161.38922	387.0	252.75	162.875	0.6888889	169.375	0.005284793	404.65662	415
226.78627	264.0	56.59375	29.125	0.817757	112.5	0.005284793	404.65662	415
227.32709	335.0	135.75	135.75	0.40793976	138.25	0.005284793	404.65662	415
81.28895	391.5	56.0625	56.0625	0.93632746	151.0	0.005284793	404.65662	415
167.09096	261.75	57.125	57.125	0.7183908	105.5625	0.005284793	404.65662	415
282.3105	497.25	150.5	150.5	0.36244255	168.5	0.005284793	404.65662	415
240.13193	321.5	69.875	69.875	0.89765626	125.0625	0.005284793	404.65662	415
196.10254	487.5	48.09375	48.09375	0.6251137	181.875	0.005284793	404.65662	415
253.76717	313.75	194.73438	74.5625	0.46771878	159.5	0.005284793	404.65662	415
288.72244	392.75	230.0625	123.125	0.30463347	157.375	-0.005284793	404.65662	415
275.29758	461.5	112.875	112.875	0.31844175	167.25	0.005284793	404.65662	415
187.51335	588.5	65.625	65.625	0.59947413	178.625	0.005284793	404.65662	415
107.97167	239.875	44.375	44.375	0.8310606	93.75	0.005284793	404.65662	415
345.34882	423.5	37.53125	37.53125	0.40041173	154.25	0.005284793	404.65662	415
317.21054	351.5	63.5	63.5	0.7252229	105.1875	0.005284793	404.65662	415
135.81467	395.0	70.9375	70.9375	0.5057168	135.375	-0.005284793	404.65662	415
233.59807	315.25	102.5	56.09375	0.3922857	131.625	0.005284793	404.65662	415
421.09772	513.5	62.5	62.5	0.42539904	188.75	0.005284793	404.65662	415
226.39021	391.25	124.8125	124.8125	0.80350554	132.625	0.005284793	404.65662	415
287.2268	475.0	179.25	179.25	0.37707788	202.5	0.005284793	404.65662	415
189.85838	363.25	36.125	36.125	0.7079208	101.875	0.005284793	404.65662	415
143.4788	271.75	37.40625	37.40625	0.70941055	99.875	0.005284793	404.65662	415
94.52865	239.625	30.328125	30.328125	0.60419315	67.125	0.005284793	404.65662	415
374.93643	594.5	93.6875	49.5625	0.608116	126.5625	0.005284793	404.65662	415
167.9018	361.25	219.0625	140.25	0.48435947	176.5	0.005284793	404.65662	415
69.656456	218.375	170.65625	142.5	0.35483137	101.875	0.005284793	404.65662	415
350.08545	632.5	32.09375	32.09375	0.6482064	174.75	-0.005284793	404.65662	415
256.27994	587.0	91.875	91.875	0.55582327	171.875	0.005284793	404.65662	415
233.29752	422.25	57.875	57.875	0.6460728	131.5	-0.005284793	404.65662	415
121.01633	236.75	45.625	45.625	0.8095238	87.125	0.005284793	404.65662	415
376.00195	640.5	109.8125	109.8125	0.60951525	191.375	-0.005284793	404.65662	415
381.9145	486.5	30.21875	30.21875	0.57506496	160.25	0.005284793	404.65662	415
278.57623	294.25	86.6875	86.6875	0.79005283	77.8125	0.005284793	404.65662	415
264.96393	270.5	196.0	111.3125	0.6712394	78.375	-0.005284793	404.65662	415
288.79208	518.5	31.125	31.125	0.5774286	159.625	0.005284793	404.65662	415
319.6918	286.75	31.78125	31.78125	0.76806086	111.375	0.005284793	404.65662	415
155.85834	411.25	59.1875	59.1875	0.7212171	51.75	-0.005284793	404.65662	415
328.1929	641.5	107.9375	62.6875	0.69700396	154.0	0.005284793	404.65662	415
92.91658	210.5	205.25	129.5	0.71661407	95.75	0.005284793	404.65662	415
228.79402	422.0	55.65625	55.65625	0.74243736	94.9375	0.005284793	404.65662	415
388.2032	297.25	108.1875	108.1875	0.3709378	129.25	0.005284793	404.65662	415
286.3578	536.5	70.4375	70.4375	0.56848705	163.75	0.005284793	404.65662	415
157.34023	322.5	129.125	129.125	0.42670622	149.875	0.005284793	404.65662	415
125.914795	373.5	126.9375	126.9375	0.44466183	152.5	0.005284793	404.65662	415
206.53835	337.25	132.125	132.125	0.9087591	128.375	-0.005284793	404.65662	415
139.804	209.125	175.1875	75.0625	0.7483901	105.0	-0.005284793	404.65662	415
46.19346	453.75	35.1875	35.1875	0.78526556	95.6875	0.005284793	404.65662	415
287.12494	398.25	105.9375	105.9375	0.8280387	169.875	0.005284793	404.65662	415
125.33038	433.75	162.625	162.625	0.51466274	161.75	-0.005284793	404.65662	415
79.73398	220.5	57.1875	57.1875	0.5774264	106.3125	0.005284793	404.65662	415
167.41223	368.75	26.75	26.75	0.72483224	153.875	0.005284793	404.65662	415
243.2294	464.75	135.625	135.625	0.69002694	153.125	-0.005284793	404.65662	415
551.35236	829.5	34.75	34.75	0.53614116	171.5	0.005284793	404.65662	415
202.5629	232.0	299.51562	121.75	0.7553688	102.0625	0.005284793	404.65662	415
239.5122	477.75	166.9375	128.5	0.47777084	164.375	0.005284793	404.65662	415
267.8354	367.0	163.8125	133.875	0.7521478	152.75	0.005284793	404.65662	415
193.33488	387.5	102.0625	102.0625	0.39219773	161.625	0.005284793	404.65662	415
216.1792	419.5	182.875	92.125	0.6480472	86.6875	0.005284793	404.65662	415
146.44063	269.0	133.46875	94.1875	0.5966667	110.5625	0.005284793	404.65662	415
152.51216	258.5	160.125	83.0	0.66466826	111.6875	0.005284793	404.65662	415
286.76688	347.25	75.0	75.0	0.4375645	157.5	0.005284793	404.65662	415
259.97836	414.0	132.0625	93.4375	0.3959767	169.5	0.005284793	404.65662	415
220.02753	326.0	172.75	172.75	0.842132	136.0	0.005284793	404.65662	415
222.901	496.75	122.3125	122.3125	0.3554361	189.875	0.005284793	404.65662	415
233.33391	401.5	123.640625	95.5	0.46087185	129.25	0.005284793	404.65662	415
640.4421	758.0	154.375	154.375	0.33653846	169.25	0.005284793	404.65662	415
442.6417	495.75	70.75	42.0625	0.55375785	147.875	0.005284793	404.65662	415
394.0821	823.0	27.171875	27.171875	0.627046	141.0	-0.005284793	404.65662	415
58.64446	827.5	48.6875	48.6875	0.87318206	0.79296875	0.005284793	404.65662	415
690.1916	885.0	149.8125	79.375	0.36802498	85.125	-0.005284793	404.65662	415
228.04192	371.25	77.375	77.375	0.8147471	94.125	0.005284793	404.65662	415
100.013084	802.0	91.0	91.0	0.57234186	143.0	0.005284793	404.65662	415
396.88113	700.0	53.53125	53.53125	0.7205341	171.5	0.005284793	404.65662	415
371.18222	605.5	81.375	81.375	0.40397045	173.125	-0.005284793	404.65662	415
124.75124	326.5	52.75	27.21875	0.65197134	121.5625	0.005284793	404.65662	415
386.68546	472.25	55.78125	55.78125	0.6392308	175.875	0.005284793	404.65662	415
155.25122	214.875	112.8125	112.8125	0.80557543	74.5	0.005284793	404.65662	415
125.25882	683.0	119.5	119.5	0.29982817	184.75	0.005284793	404.65662	415
146.94026	339.75	196.375	108.125	0.44525018	173.375	0.005284793	404.65662	415
145.04477	242.875	31.203125	31.203125	0.7147147	90.8125	0.005284793	404.65662	415
195.24649	305.25	215.9375	97.4375	0.6163488	94.0	0.005284793	404.65662	415
155.95758	295.75	227.8125	152.625	0.6468121	112.3125	0.005284793	404.65662	415
568.28424	791.5	443.0	443.0	0.40633938	170.75	-0.005284793	404.65662	415
113.977264	505.0	43.96875	43.96875	0.4983871	167.375	0.005284793	404.65662	415
418.155	388.75	28.53125	28.53125	0.7834254	148.5	0.005284793	404.65662	415
314.65973	327.25	172.0	172.0	0.8260309	129.75	0.005284793	404.65662	415
233.51631	375.75	94.46875	60.3125	0.7250608	133.0	0.005284793	404.65662	415
269.05197	398.75	157.75	157.75	0.47417182	192.875	0.005284793	404.65662	415
228.39684	288.0	57.5	57.5	0.77081543	92.5	0.005284793	404.65662	415
170.47862	436.5	46.90625	46.90625	0.42484248	164.125	-0.005284793	404.65662	415
156.79631	335.75	46.03125	46.03125	0.529552	120.5625	-0.005284793	404.65662	415
122.30039	283.0	159.25	102.25	0.70161915	129.125	-0.005284793	404.65662	415
112.74202	394.25	271.625	139.75	0.34507722	176.875	0.005284793	404.65662	415
97.43986	386.0	116.1875	116.1875	0.41366223	168.25	-0.005284793	404.65662	415
207.01512	299.25	225.25	115.375	0.51978415	130.25	0.005284793	404.65662	415
93.14782	405.25	41.375	41.375	0.8187328	120.75	-0.005284793	404.65662	415
197.73357	423.0	85.625	85.625	0.44650725	162.375	0.005284793	404.65662	415
310.14682	421.75	142.75	142.75	0.6200466	174.875	0.005284793	404.65662	415
315.8474	480.0	104.5625	104.5625	0.6778075	157.375	0.005284793	404.65662	415
268.71732	398.0	110.5625	110.5625	0.67843634	139.25	0.005284793	404.65662	415
185.64935	485.75	159.375	91.3125	0.45883685	191.375	0.005284793	404.65662	415
244.06944	400.75	147.5	90.0	0.73480296	111.3125	0.005284793	404.65662	415
209.40524	441.25	112.28125	78.4375	0.37038302	166.75	0.005284793	404.65662	415
143.95006	281.25	31.203125	31.203125	0.64903545	71.9375	0.005284793	404.65662	415
195.04865	266.0	26.875	26.875	0.8498749	105.0	0.005284793	404.65662	415
301.23352	470.25	121.09375	84.75	0.6363636	173.375	0.005284793	404.65662	415
202.2868	293.5	79.9375	79.9375	0.81089497	98.0625	0.005284793	404.65662	415
223.91856	421.5	49.34375	49.34375	0.8060708	118.0	0.005284793	404.65662	415
284.80972	295.25	57.5625	57.5625	0.7811647	96.4375	0.005284793	404.65662	415
31.435308	470.0	164.53125	103.875	0.43675253	186.125	0.005284793	404.65662	415
405.37204	328.25	29.140625	29.140625	0.851983	101.8125	-0.005284793	404.65662	415
203.58199	510.5	131.375	131.375	0.32464847	169.5	-0.005284793	404.65662	415
88.24914	301.0	27.5625	27.5625	0.7588235	74.0	-0.005284793	404.65662	415
277.32166	575.0	33.875	33.875	0.6199201	143.875	-0.005284793	404.65662	415
127.26144	207.125	192.09375	132.0	0.61245865	92.5625	0.005284793	404.65662	415
151.47263	499.25	42.125	42.125	0.6230661	121.25	0.005284793	404.65662	415
297.4062	395.25	52.9375	52.9375	0.5993711	124.875	-0.005284793	404.65662	415
246.63202	401.5	33.0625	33.0625	0.6552815	125.75	-0.005284793	404.65662	415
493.94983	834.5	118.0	46.96875	0.61114	92.8125	-0.005284793	404.65662	415
145.29518	368.0	267.3125	166.5	0.79141104	155.75	-0.005284793	404.65662	415
296.16714	448.25	210.71875	161.5	0.63235295	162.375	0.005284793	404.65662	415
223.29866	497.5	116.4375	116.4375	0.37684563	182.125	0.005284793	404.65662	415
282.43848	669.0	100.75	100.75	0.41372952	183.625	0.005284793	404.65662	415
187.65784	336.0	133.625	133.625	0.46614906	134.5	-0.005284793	404.65662	415
357.28992	578.5	222.5	144.5	0.47534245	245.75	0.005284793	404.65662	415
193.191	474.25	71.25	71.25	0.7394312	80.3125	0.005284793	404.65662	415
184.71266	244.25	53.21875	53.21875	0.64903843	125.375	0.005284793	404.65662	415
258.28113	623.0	26.015625	26.015625	0.46121097	186.375	-0.005284793	404.65662	415
310.71854	220.625	95.484375	70.0625	0.696	93.25	0.005284793	404.65662	415
377.24268	646.5	83.5	49.1875	0.852191	2.3164062	-0.005284793	404.65662	415
499.81848	779.5	108.1875	72.3125	0.45022738	159.25	0.005284793	404.65662	415
409.92584	569.0	138.57812	107.9375	0.6584302	85.5625	-0.005284793	404.65662	415
114.41477	315.75	85.8125	85.8125	0.68102735	118.4375	0.005284793	404.65662	415
271.62543	365.5	199.0625	148.875	0.6762115	135.125	0.005284793	404.65662	415
207.73615	225.25	60.34375	60.34375	0.6718147	66.1875	0.005284793	404.65662	415
275.11316	570.0	41.71875	41.71875	0.5449531	202.625	-0.005284793	404.65662	415
274.9942	388.75	67.4375	67.4375	0.7276065	87.875	-0.005284793	404.65662	415
202.19621	242.875	44.25	44.25	0.7906619	60.09375	0.005284793	404.65662	415
228.0842	300.5	81.375	81.375	0.610322	113.625	0.005284793	404.65662	415
221.16666	388.0	105.375	105.375	0.5669516	187.5	0.005284793	404.65662	415
90.98826	271.0	73.4375	73.4375	0.78739613	116.25	-0.005284793	404.65662	415
395.46332	368.25	31.84375	31.84375	0.6594315	129.75	0.005284793	404.65662	415
490.39023	377.75	25.59375	25.59375	0.6452952	109.1875	0.005284793	404.65662	415
356.39282	350.0	196.34375	101.125	0.8227345	145.5	0.005284793	404.65662	415
95.92299	474.75	240.5625	151.5	0.40779907	188.75	0.005284793	404.65662	415
95.800964	439.5	111.0625	111.0625	0.24276915	193.75	0.005284793	404.65662	415
96.761284	530.0	79.25	79.25	0.45503747	199.875	0.005284793	404.65662	415
441.78528	716.0	92.1875	92.1875	0.5947192	178.625	0.005284793	404.65662	415
404.0889	516.0	88.375	88.375	0.5960912	186.75	0.005284793	404.65662	415
265.9326	204.625	116.625	116.625	0.90537083	75.25	0.005284793	404.65662	415
164.03653	422.25	61.40625	61.40625	0.5596184	160.375	0.005284793	404.65662	415
203.93253	346.25	151.5	151.5	0.65150744	168.25	0.005284793	404.65662	415
53.520893	273.25	41.53125	41.53125	0.8246311	1.6152344	0.005284793	404.65662	415
367.7637	551.5	243.625	139.625	0.61661345	271.25	0.005284793	404.65662	415
210.21149	401.75	37.1875	37.1875	0.49584776	123.0625	0.005284793	404.65662	415
92.377045	338.75	30.515625	30.515625	0.5239453	103.4375	0.005284793	404.65662	415
310.57022	335.75	107.1875	107.1875	0.77112675	124.25	0.005284793	404.65662	415
191.35828	393.0	79.0625	79.0625	0.8533019	101.4375	0.005284793	404.65662	415
113.497856	375.75	126.3125	69.375	0.43211833	114.75	0.005284793	404.65662	415
164.47217	325.0	222.25	92.9375	0.8758708	101.9375	0.005284793	404.65662	415
288.24866	379.5	40.125	40.125	0.75193	127.9375	-0.005284793	404.65662	415
154.84258	234.75	78.6875	78.6875	0.8592007	95.5625	0.005284793	404.65662	415
281.39252	370.0	138.875	138.875	0.70264065	135.625	0.005284793	404.65662	415
272.05194	405.25	36.0625	36.0625	0.8942872	108.6875	0.005284793	404.65662	415
82.85603	255.875	128.375	79.6875	0.43631437	116.5	-0.005284793	404.65662	415
63.876236	592.0	68.1875	68.1875	0.714094	69.4375	0.005284793	404.65662	415
442.90894	559.0	148.25	148.25	0.7555012	237.25	0.005284793	404.65662	415
319.39825	287.75	45.875	45.875	0.8258984	108.9375	0.005284793	404.65662	415
191.90674	380.0	140.9375	69.8125	0.49044585	134.875	0.005284793	404.65662	415
177.10245	496.0	83.1875	83.1875	0.6793933	40.875	0.005284793	404.65662	415
208.75258	438.75	78.125	78.125	0.61450046	106.3125	-0.005284793	404.65662	415
157.17062	244.25	45.84375	45.84375	0.6618513	99.375	-0.005284793	404.65662	415
226.99965	477.0	106.03125	62.96875	0.64783716	83.375	-0.005284793	404.65662	415
498.78046	520.0	56.40625	56.40625	0.85808146	124.5	0.005284793	404.65662	415
207.13536	386.75	27.21875	27.21875	0.5503145	136.25	0.005284793	404.65662	415
150.31924	532.5	89.75	89.75	0.4231115	157.625	-0.005284793	404.65662	415
194.10687	423.5	100.375	100.375	0.33399773	166.25	0.005284793	404.65662	415
119.342186	365.0	141.375	141.375	0.32729357	166.625	0.005284793	404.65662	415
150.3493	389.25	132.875	132.875	0.6551907	177.375	0.005284793	404.65662	415
243.7268	349.5	26.078125	26.078125	0.3728563	131.0	0.005284793	404.65662	415
164.47777	213.625	182.76562	152.875	0.6493289	49.75	0.005284793	404.65662	415
252.99763	318.5	274.5	133.875	0.55937976	144.25	0.005284793	404.65662	415
204.1242	343.25	38.46875	38.46875	0.6015385	128.625	0.005284793	404.65662	415
367.05115	402.25	209.375	138.375	0.35252997	149.875	0.005284793	404.65662	415
158.18068	281.5	51.65625	51.65625	0.85907644	86.875	-0.005284793	404.65662	415
84.44496	283.5	119.4375	119.4375	0.66594046	113.4375	-0.005284793	404.65662	415
134.91362	723.0	89.75	89.75	0.6133817	269.0	0.005284793	404.65662	415
142.29503	305.75	76.0625	76.0625	0.60731417	112.9375	0.005284793	404.65662	415
191.99313	415.25	106.5	106.5	0.49312297	187.875	0.005284793	404.65662	415
164.60114	560.5	67.8125	67.8125	0.32107356	169.5	0.005284793	404.65662	415
203.24942	440.5	188.75	100.0	0.25598475	186.5	0.005284793	404.65662	415
159.42749	289.5	98.6875	98.6875	0.73173076	95.0625	-0.005284793	404.65662	415
179.84972	418.5	201.625	92.125	0.37529832	192.125	0.005284793	404.65662	415
97.091675	414.5	116.4375	116.4375	0.6364877	139.75	0.005284793	404.65662	415
368.13495	588.0	63.5625	63.5625	0.68222094	247.375	0.005284793	404.65662	415
433.00165	349.25	27.0625	27.0625	0.8787062	151.0	0.005284793	404.65662	415
342.77652	621.0	83.0	83.0	0.4953832	184.25	0.005284793	404.65662	415
216.1402	439.5	193.0	193.0	0.3905142	194.0	-0.005284793	404.65662	415
107.63962	269.5	41.34375	41.34375	0.50926477	128.625	-0.005284793	404.65662	415
131.07678	400.25	133.25	133.25	0.4397541	172.25	0.005284793	404.65662	415
215.6985	300.25	175.54688	92.875	0.65645015	109.0625	0.005284793	404.65662	415
157.52316	256.75	75.1875	75.1875	0.76060605	112.0625	0.005284793	404.65662	415
131.0133	591.0	223.8125	171.5	0.8405986	4.5273438	0.005284793	404.65662	415
181.4254	489.25	95.75	95.75	0.32964972	160.25	0.005284793	404.65662	415
287.38812	389.75	117.21875	71.75	0.55134356	104.375	0.005284793	404.65662	415
492.4108	631.5	142.375	142.375	0.6587571	207.625	0.005284793	404.65662	415
449.698	557.0	178.125	178.125	0.60202867	182.875	0.005284793	404.65662	415
155.01868	246.5	130.375	130.375	0.73473376	86.75	0.005284793	404.65662	415
142.04332	407.0	186.875	186.875	0.34578496	189.625	0.005284793	404.65662	415
202.73595	419.0	109.0625	109.0625	0.5522936	166.375	0.005284793	404.65662	415
72.67102	326.0	119.6875	119.6875	0.45264405	134.875	0.005284793	404.65662	415
191.04845	329.25	155.5625	82.75	0.47244355	145.75	-0.005284793	404.65662	415
132.78848	487.0	72.5625	72.5625	0.6012536	152.625	0.005284793	404.65662	415
122.87087	300.5	25.4375	25.4375	0.72203535	81.3125	-0.005284793	404.65662	415
192.1671	490.75	32.0	32.0	0.6563193	179.25	0.005284793	404.65662	415
162.20213	561.0	76.5625	76.5625	0.590175	224.0	0.005284793	404.65662	415
529.53253	385.25	42.875	42.875	0.6955414	146.875	-0.005284793	404.65662	415
234.79427	457.5	99.625	99.625	0.9173847	22.34375	-0.005284793	404.65662	415
251.80876	220.0	26.203125	26.203125	0.5071259	100.8125	0.005284793	404.65662	415
145.76587	220.75	33.1875	33.1875	0.778649	87.25	0.005284793	404.65662	415
83.49733	309.0	32.28125	32.28125	0.84515196	99.0	0.005284793	404.65662	415
98.70539	338.0	104.875	104.875	0.9248082	118.1875	0.005284793	404.65662	415
138.61566	328.25	133.9375	74.9375	0.5284974	165.0	0.005284793	404.65662	415
92.3431	443.5	245.59375	139.5	0.39738807	172.875	0.005284793	404.65662	415
322.10464	256.75	153.25	77.4375	0.7104811	94.0625	0.005284793	404.65662	415
281.78647	296.75	68.4375	68.4375	0.7113843	99.9375	-0.005284793	404.65662	415
490.92856	1208.0	30.109375	30.109375	0.23220268	160.25	-0.005284793	404.65662	415
343.0958	365.75	63.78125	63.78125	0.5089374	135.625	0.005284793	404.65662	415
80.61925	389.5	95.5	95.5	0.51536435	166.375	0.005284793	404.65662	415
149.0384	364.75	81.875	81.875	0.6591981	162.375	0.005284793	404.65662	415
157.9976	219.5	25.984375	25.984375	0.4941142	90.3125	0.005284793	404.65662	415
345.84808	384.25	71.3125	71.3125	0.7401575	150.25	0.005284793	404.65662	415
234.68481	326.25	104.625	104.625	0.36812714	176.25	0.005284793	404.65662	415
224.02873	478.5	167.875	167.875	0.5042017	206.0	0.005284793	404.65662	415
259.6808	457.5	144.375	144.375	0.60199654	153.125	0.005284793	404.65662	415
293.8336	386.5	196.375	152.375	0.85846627	141.75	0.005284793	404.65662	415
230.36769	443.0	176.125	176.125	0.83483756	182.625	0.005284793	404.65662	415
206.33243	318.0	43.9375	43.9375	0.8200673	122.625	0.005284793	404.65662	415
335.88788	597.0	118.125	118.125	0.41084746	193.125	0.005284793	404.65662	415
255.02144	599.0	28.796875	28.796875	0.8336237	148.625	0.005284793	404.65662	415
355.89114	450.25	29.75	29.75	0.84407896	124.625	0.005284793	404.65662	415
100.53897	504.75	96.8125	66.6875	0.7485236	162.875	0.005284793	404.65662	415
253.9104	472.75	107.375	107.375	0.39248776	198.75	0.005284793	404.65662	415
273.6099	704.5	72.25	72.25	0.49281314	156.125	0.005284793	404.65662	415
185.78265	222.0	25.015625	25.015625	0.70740473	102.0625	0.005284793	404.65662	415
146.2105	494.0	148.375	148.375	0.46609226	199.75	0.005284793	404.65662	415
213.55309	279.5	97.15625	56.875	0.81850535	87.8125	-0.005284793	404.65662	415
449.49185	425.25	131.625	66.6875	0.45848855	172.25	0.005284793	404.65662	415
132.03961	224.875	141.90625	84.9375	0.6682243	90.8125	0.005284793	404.65662	415
306.85834	300.75	62.21875	62.21875	0.74372184	100.8125	0.005284793	404.65662	415
174.22545	352.0	155.875	155.875	0.7894057	151.25	0.005284793	404.65662	415
308.27167	465.75	115.890625	55.28125	0.93246895	161.875	-0.005284793	404.65662	415
212.24312	572.5	143.5	143.5	0.66396934	100.3125	0.005284793	404.65662	415
220.05914	251.5	33.53125	33.53125	0.6486831	114.875	0.005284793	404.65662	415
193.17676	436.25	216.9375	145.375	0.955196	158.625	-0.005284793	404.65662	415
265.61758	466.5	133.5625	90.125	0.43003914	197.0	0.005284793	404.65662	415
297.30142	495.25	133.3125	66.8125	0.55866563	158.75	0.005284793	404.65662	415
592.4911	627.0	82.25	82.25	0.4806701	171.25	0.005284793	404.65662	415
183.04431	260.5	38.96875	38.96875	0.8285908	107.4375	0.005284793	404.65662	415
125.32568	452.5	158.125	158.125	0.7967718	144.25	0.005284793	404.65662	415
195.59154	361.75	223.75	156.625	0.37600717	190.125	0.005284793	404.65662	415
208.80742	326.25	74.5625	74.5625	0.74577636	83.9375	0.005284793	404.65662	415
601.6771	504.0	211.625	138.625	0.80988026	172.875	0.005284793	404.65662	415
228.62619	231.75	96.59375	58.5	0.3964588	107.5625	0.005284793	404.65662	415
409.70203	598.0	31.125	31.125	0.77623993	124.25	0.005284793	404.65662	415
90.63301	464.25	45.625	45.625	0.55668867	124.375	0.005284793	404.65662	415
63.405296	322.75	149.5625	113.4375	0.78571427	107.0	0.005284793	404.65662	415
100.37719	242.375	113.890625	87.5625	0.5750518	105.9375	-0.005284793	404.65662	415
114.192085	286.25	85.5	85.5	0.45126927	118.375	0.005284793	404.65662	415
125.78222	552.5	34.875	34.875	0.44619763	202.875	0.005284793	404.65662	415
431.90433	437.0	123.4375	123.4375	0.47287524	182.875	0.005284793	404.65662	415
279.16754	460.0	178.0625	147.125	0.3459596	195.375	0.005284793	404.65662	415
74.764656	394.5	245.21875	128.875	0.4044044	184.375	-0.005284793	404.65662	415
197.64851	303.25	114.6875	114.6875	0.8789607	106.875	-0.005284793	404.65662	415
112.72688	395.25	65.265625	38.0625	0.4657943	137.125	0.005284793	404.65662	415
122.06197	320.25	171.26562	100.625	0.7220779	16.9375	-0.005284793	404.65662	415
105.57622	527.0	194.125	194.125	0.4489796	218.125	0.005284793	404.65662	415
280.55054	304.75	53.21875	53.21875	0.60339946	129.375	0.005284793	404.65662	415
359.97787	764.0	57.0	57.0	0.45530728	86.5	-0.005284793	404.65662	415
117.53502	923.0	43.8125	43.8125	0.9040197	5.2773438	-0.005284793	404.65662	415
255.14	553.5	33.0625	33.0625	0.6371753	195.375	0.005284793	404.65662	415
192.71404	444.0	156.25	156.25	0.37519872	203.375	0.005284793	404.65662	415
131.05997	250.75	193.4375	114.125	0.70713073	120.1875	0.005284793	404.65662	415
110.42818	423.0	114.25	114.25	0.48545069	199.625	-0.005284793	404.65662	415
409.99915	454.5	139.625	139.625	0.22955607	184.0	-0.005284793	404.65662	415
280.89392	307.75	33.59375	33.59375	0.6069364	95.375	0.005284793	404.65662	415
186.66315	228.375	124.90625	89.375	0.86839896	86.875	0.005284793	404.65662	415
228.34605	338.0	53.4375	53.4375	0.96019554	55.53125	-0.005284793	404.65662	415
486.38718	487.5	93.84375	47.4375	0.5826087	76.375	0.005284793	404.65662	415
189.38051	366.25	33.40625	33.40625	0.80664915	149.75	0.005284793	404.65662	415
297.31686	443.5	94.0	94.0	0.7565663	151.125	0.005284793	404.65662	415
171.88593	362.0	73.0	73.0	0.38423645	126.0625	0.005284793	404.65662	415
106.120995	279.5	110.0625	110.0625	0.4168362	147.0	0.005284793	404.65662	415
80.542725	233.625	36.3125	36.3125	0.8436308	75.0625	0.005284793	404.65662	415
269.89294	369.0	52.40625	52.40625	0.5808672	71.75	0.005284793	404.65662	415
88.90744	305.0	93.9375	93.9375	0.91948915	123.125	-0.005284793	404.65662	415
306.36472	494.25	109.75	109.75	0.37628588	191.0	0.005284793	404.65662	415
285.29932	440.75	35.34375	35.34375	0.663522	115.0	0.005284793	404.65662	415
103.51965	315.75	29.71875	29.71875	0.6511628	125.3125	-0.005284793	404.65662	415
192.746	488.25	100.875	100.875	0.39300412	163.125	0.005284793	404.65662	415
301.97925	358.75	92.375	92.375	0.21870047	177.25	0.005284793	404.65662	415
200.83075	358.25	27.5	27.5	0.7475827	118.9375	0.005284793	404.65662	415
469.24997	518.0	224.125	136.5	0.60445684	211.875	0.005284793	404.65662	415
379.9978	435.0	29.3125	29.3125	0.8166863	120.0	0.005284793	404.65662	415
418.58316	424.0	30.796875	30.796875	0.90583944	134.125	0.005284793	404.65662	415
236.65932	405.25	119.5	119.5	0.32282913	183.875	0.005284793	404.65662	415
82.13097	219.125	71.125	42.5	0.7913621	69.75	0.005284793	404.65662	415
606.6815	570.0	95.1875	95.1875	0.37797618	114.875	0.005284793	404.65662	415
278.41574	571.5	117.921875	59.8125	0.31482363	91.125	0.005284793	404.65662	415
133.7272	221.875	43.09375	43.09375	0.88591117	94.5	0.005284793	404.65662	415
268.0591	604.0	32.09375	32.09375	0.88471395	128.5	0.005284793	404.65662	415
42.29808	357.5	64.890625	36.75	0.75138736	113.3125	0.005284793	404.65662	415
207.2792	581.0	140.25	140.25	0.76375	191.625	0.005284793	404.65662	415
124.23754	481.25	128.75	128.75	0.8270393	153.25	0.005284793	404.65662	415
172.66011	436.0	107.5	107.5	0.34587312	178.0	0.005284793	404.65662	415
355.6962	426.0	60.4375	60.4375	0.740498	141.125	0.005284793	404.65662	415
395.85318	554.0	32.09375	32.09375	0.67811406	77.5	0.005284793	404.65662	415
143.19334	316.25	89.1875	49.25	0.32058546	134.875	0.005284793	404.65662	415
380.71658	343.75	142.875	142.875	0.68184066	130.5	0.005284793	404.65662	415
221.91478	423.5	93.6875	93.6875	0.42458335	155.5	0.005284793	404.65662	415
239.77232	345.75	165.625	165.625	0.90736043	138.625	0.005284793	404.65662	415
193.40404	397.0	63.4375	63.4375	0.31575793	139.625	0.005284793	404.65662	415
189.42117	328.0	41.25	41.25	0.70578086	130.125	0.005284793	404.65662	415
137.06192	324.75	109.875	109.875	0.6921824	126.6875	0.005284793	404.65662	415
161.8067	396.5	57.5	57.5	0.76111114	44.28125	0.005284793	404.65662	415
168.2789	433.5	70.25	42.25	0.3420339	174.625	0.005284793	404.65662	415
144.4157	357.25	108.8125	108.8125	0.84461266	117.375	0.005284793	404.65662	415
269.68323	306.5	119.515625	94.4375	0.45604396	106.375	0.005284793	404.65662	415
187.65945	365.25	42.53125	42.53125	0.7877095	100.4375	-0.005284793	404.65662	415
190.03592	338.0	142.59375	113.125	0.32814237	167.0	0.005284793	404.65662	415
155.24863	339.0	87.4375	87.4375	0.7804332	107.125	0.005284793	404.65662	415
301.66733	292.75	187.67188	123.6875	0.64054215	119.125	-0.005284793	404.65662	415
403.1693	344.75	76.25	76.25	0.71539843	82.9375	0.005284793	404.65662	415
106.05638	343.5	90.078125	61.40625	0.6062914	115.5625	0.005284793	404.65662	415
71.39003	348.0	103.46875	77.0625	0.5330552	145.875	-0.005284793	404.65662	415
61.82058	303.0	95.4375	95.4375	0.41038603	139.125	0.005284793	404.65662	415
230.84904	339.5	96.1875	96.1875	0.5199039	90.9375	-0.005284793	404.65662	415
215.18913	451.75	173.65625	134.0	0.66428083	161.625	0.005284793	404.65662	415
117.306656	366.75	50.4375	50.4375	0.66405606	125.125	0.005284793	404.65662	415
251.46516	584.0	140.35938	114.3125	0.56128246	176.0	0.005284793	404.65662	415
40.262497	211.75	98.75	59.1875	0.6500888	89.1875	0.005284793	404.65662	415
221.57547	312.25	74.4375	74.4375	0.5488479	131.375	0.005284793	404.65662	415
181.84991	270.25	85.25	85.25	0.75	97.0625	0.005284793	404.65662	415
153.02063	555.5	72.75	72.75	0.3641493	179.375	0.005284793	404.65662	415
133.90419	537.0	85.34375	55.5625	0.8167832	21.109375	0.005284793	404.65662	415
253.5901	378.0	197.8125	134.125	0.45363215	144.875	0.005284793	404.65662	415
315.9181	262.75	114.25	114.25	0.5943033	119.6875	0.005284793	404.65662	415
93.30392	529.5	40.6875	40.6875	0.6165265	175.5	0.005284793	404.65662	415
255.67296	536.0	177.1875	128.125	0.37983426	162.125	0.005284793	404.65662	415
319.7892	372.5	156.125	87.5625	0.48029134	151.0	0.005284793	404.65662	415
258.3995	829.5	26.078125	26.078125	0.77090746	174.5	0.005284793	404.65662	415
90.73857	246.875	100.625	100.625	0.46851325	111.25	0.005284793	404.65662	415
158.68633	456.25	129.10938	103.3125	0.7148125	167.375	0.005284793	404.65662	415
324.80182	399.75	117.875	117.875	0.62114537	168.375	0.005284793	404.65662	415
51.539047	353.5	137.125	137.125	0.759542	144.625	-0.005284793	404.65662	415
98.75188	524.5	124.1875	124.1875	0.30908763	184.875	-0.005284793	404.65662	415
424.83173	578.0	112.0625	112.0625	0.6328734	144.5	0.005284793	404.65662	415
72.99183	388.0	155.71875	122.625	0.5151111	190.5	0.005284793	404.65662	415
285.19836	267.5	118.375	60.03125	0.5802718	124.25	0.005284793	404.65662	415
435.5408	333.25	125.6875	125.6875	0.9141455	143.875	0.005284793	404.65662	415
209.06137	499.75	75.8125	75.8125	0.82753515	155.5	-0.005284793	404.65662	415
245.78401	525.5	219.21875	164.0	0.414957	192.625	0.005284793	404.65662	415
251.85295	312.75	40.5625	40.5625	0.7563782	86.375	0.005284793	404.65662	415
231.33287	398.5	117.5625	65.6875	0.78678536	148.0	-0.005284793	404.65662	415
313.00613	457.25	179.75	110.375	0.57752407	117.75	0.005284793	404.65662	415
326.56772	418.25	126.375	126.375	0.37871748	186.0	0.005284793	404.65662	415
131.28477	416.5	117.625	117.625	0.4216614	189.25	0.005284793	404.65662	415
134.49492	341.75	105.75	105.75	0.6259574	130.5	0.005284793	404.65662	415
343.96906	299.75	96.4375	71.1875	0.614792	116.5	0.005284793	404.65662	415
149.45258	364.5	110.96875	78.6875	0.58246654	83.3125	-0.005284793	404.65662	415
303.36588	358.0	129.875	129.875	0.54497606	137.0	0.005284793	404.65662	415
119.035164	265.25	26.84375	26.84375	0.5595054	121.3125	-0.005284793	404.65662	415
149.54515	258.25	63.9375	63.9375	0.75804967	91.0625	0.005284793	404.65662	415
348.2311	399.5	116.5625	116.5625	0.20969626	164.875	0.005284793	404.65662	415
188.21811	509.0	48.4375	48.4375	0.74007386	120.875	-0.005284793	404.65662	415
286.89246	465.5	70.3125	70.3125	0.5288591	176.25	-0.005284793	404.65662	415
355.61087	380.75	63.1875	63.1875	0.39658716	146.875	0.005284793	404.65662	415
183.31348	217.625	82.75	82.75	0.8577259	91.5	0.005284793	404.65662	415
133.85556	308.25	33.90625	33.90625	0.55950415	120.375	-0.005284793	404.65662	415
92.98063	561.0	124.875	124.875	0.8979875	147.125	0.005284793	404.65662	415
200.23135	293.0	91.3125	91.3125	0.7347328	103.25	0.005284793	404.65662	415
185.97897	419.75	131.84375	100.6875	0.25236967	180.375	0.005284793	404.65662	415
134.06584	367.5	60.4375	60.4375	0.8822017	121.875	0.005284793	404.65662	415
175.97528	365.0	130.625	130.625	0.78088576	139.625	-0.005284793	404.65662	415
295.88284	568.5	168.25	142.75	0.599073	172.75	0.005284793	404.65662	415
256.43063	601.0	28.125	28.125	0.5315985	150.0	0.005284793	404.65662	415
86.58302	356.75	83.8125	42.8125	0.67606914	97.25	0.005284793	404.65662	415
237.26773	319.0	48.375	48.375	0.55269414	76.3125	0.005284793	404.65662	415
256.15564	304.75	193.8125	107.9375	0.72309357	88.3125	0.005284793	404.65662	415
167.29808	456.5	103.9375	103.9375	0.75377107	157.25	-0.005284793	404.65662	415
378.27597	659.0	51.40625	51.40625	0.55740184	166.875	-0.005284793	404.65662	415
453.4859	445.0	291.875	149.625	0.47839135	182.5	-0.005284793	404.65662	415
128.69157	457.0	188.875	188.875	0.27129015	199.875	0.005284793	404.65662	415
441.18805	477.25	50.875	50.875	0.44614363	160.125	0.005284793	404.65662	415
161.9046	466.5	66.6875	66.6875	0.48296916	160.625	0.005284793	404.65662	415
66.13973	430.5	196.67188	169.125	0.26335877	199.25	-0.005284793	404.65662	415
225.88477	291.5	99.75	99.75	0.9257143	102.875	-0.005284793	404.65662	415
144.22429	409.5	125.46875	98.25	0.7831652	117.375	0.005284793	404.65662	415
135.64186	335.25	37.0	37.0	0.5413701	121.9375	0.005284793	404.65662	415
173.44676	306.25	74.40625	49.34375	0.6598721	127.6875	0.005284793	404.65662	415
249.05927	527.0	48.8125	48.8125	0.75934577	93.375	0.005284793	404.65662	415
255.41266	490.25	160.375	160.375	0.6506812	191.875	0.005284793	404.65662	415
129.55295	421.0	108.0625	108.0625	0.8040541	160.875	-0.005284793	404.65662	415
187.88222	458.0	167.125	167.125	0.4106225	188.125	0.005284793	404.65662	415
347.31473	696.0	107.75	107.75	0.19560085	155.875	0.005284793	404.65662	415
189.34819	350.75	101.46875	72.1875	0.8503236	107.1875	0.005284793	404.65662	415
147.59416	456.25	50.3125	50.3125	0.7202944	131.0	0.005284793	404.65662	415
140.44368	411.5	58.34375	58.34375	0.8139115	158.75	0.005284793	404.65662	415
147.90514	258.75	123.46875	83.0625	0.5379972	91.0625	0.005284793	404.65662	415
168.82957	313.25	220.15625	140.125	0.6676301	162.25	-0.005284793	404.65662	415
179.03748	454.75	106.0	106.0	0.59811485	174.125	0.005284793	404.65662	415
196.59644	233.625	74.109375	44.53125	0.8430726	86.625	0.005284793	404.65662	415
169.96037	302.25	41.03125	41.03125	0.83273596	114.5625	0.005284793	404.65662	415
276.74188	473.75	164.625	164.625	0.48262033	189.25	0.005284793	404.65662	415
185.19366	362.5	31.8125	31.8125	0.6692496	129.625	0.005284793	404.65662	415
210.7362	291.0	42.34375	42.34375	0.5838471	105.0625	0.005284793	404.65662	415
295.90106	284.75	75.5	75.5	0.8264	77.625	0.005284793	404.65662	415
378.05072	439.0	42.0	42.0	0.40903026	170.375	0.005284793	404.65662	415
216.54877	409.5	35.0	35.0	0.552072	157.5	-0.005284793	404.65662	415
68.519485	457.5	37.25	37.25	0.8931937	55.65625	0.005284793	404.65662	415
280.79453	360.0	89.3125	89.3125	0.6523335	137.875	0.005284793	404.65662	415
146.92369	259.5	165.6875	87.6875	0.6690759	120.6875	-0.005284793	404.65662	415
195.18024	504.0	291.1875	171.75	0.3746138	214.375	0.005284793	404.65662	415
379.3744	554.5	111.4375	111.4375	0.65360826	178.0	0.005284793	404.65662	415
341.06662	467.5	100.3125	100.3125	0.36492375	166.25	-0.005284793	404.65662	415
178.48529	258.0	61.6875	61.6875	0.85045457	83.9375	0.005284793	404.65662	415
461.3647	636.5	46.90625	46.90625	0.57284766	277.0	0.005284793	404.65662	415
168.82373	340.25	149.0	149.0	0.6580767	6.1328125	-0.005284793	404.65662	415
245.136	401.5	174.78125	70.75	0.62630963	162.875	0.005284793	404.65662	415
130.95851	464.0	155.75	155.75	0.82974285	189.875	0.005284793	404.65662	415
137.3133	383.75	164.0	164.0	0.8366534	150.375	-0.005284793	404.65662	415
428.79883	473.0	30.078125	30.078125	0.7070949	86.1875	0.005284793	404.65662	415
240.38954	392.75	102.0	102.0	0.3934993	163.125	-0.005284793	404.65662	415
313.3718	619.0	30.96875	30.96875	0.63886255	129.25	-0.005284793	404.65662	415
257.71408	572.5	137.1875	111.625	0.42286393	118.9375	0.005284793	404.65662	415
263.37094	372.25	47.625	47.625	0.5937719	138.125	0.005284793	404.65662	415
124.18216	678.5	201.5	201.5	0.7700592	272.75	-0.005284793	404.65662	415
284.1427	419.0	236.79688	207.75	0.5706619	191.125	0.005284793	404.65662	415
279.0245	382.0	263.8125	135.875	0.30323276	169.875	0.005284793	404.65662	415
88.78099	673.5	29.3125	29.3125	0.6924842	147.5	0.005284793	404.65662	415
249.48172	572.5	125.125	125.125	0.41898826	167.375	0.005284793	404.65662	415
292.19293	225.125	96.25	96.25	0.9295866	82.75	-0.005284793	404.65662	415
205.29668	310.25	103.625	103.625	0.52881736	108.8125	0.005284793	404.65662	415
70.01911	364.75	74.5	74.5	0.43819776	115.375	0.005284793	404.65662	415
282.15042	403.75	45.4375	45.4375	0.47447553	171.625	0.005284793	404.65662	415
352.2954	454.75	151.17188	119.6875	0.76843464	158.25	0.005284793	404.65662	415
372.9598	833.0	145.59375	110.125	0.7918159	148.125	0.005284793	404.65662	415
295.44846	410.5	35.53125	35.53125	0.7272031	140.25	-0.005284793	404.65662	415
221.35738	290.75	28.28125	28.28125	0.75816995	115.125	0.005284793	404.65662	415
116.31653	237.5	41.84375	41.84375	0.47294775	97.25	-0.005284793	404.65662	415
102.066315	226.125	51.09375	51.09375	0.8750751	62.34375	0.005284793	404.65662	415
280.09055	522.5	27.171875	27.171875	0.83030725	151.375	0.005284793	404.65662	415
220.82741	310.25	154.46875	91.5625	0.37425506	132.0	0.005284793	404.65662	415
367.19373	272.25	255.625	135.5	0.3216981	100.5	0.005284793	404.65662	415
309.37604	550.0	98.375	98.375	0.35473767	158.625	0.005284793	404.65662	415
122.72882	216.0	104.25	104.25	0.79971284	100.125	0.005284793	404.65662	415
202.9197	374.25	30.484375	30.484375	0.61213326	134.625	0.005284793	404.65662	415
486.55765	524.5	44.96875	44.96875	0.60136867	149.125	0.005284793	404.65662	415
159.24243	531.5	194.96875	158.625	0.35163617	200.875	0.005284793	404.65662	415
216.03775	353.25	128.375	128.375	0.61262375	184.125	0.005284793	404.65662	415
105.94049	240.5	136.0	136.0	0.81852657	98.125	-0.005284793	404.65662	415
524.84174	417.25	240.3125	207.125	0.6965548	171.625	0.005284793	404.65662	415
246.65121	274.5	122.3125	122.3125	0.6921167	123.3125	0.005284793	404.65662	415
242.51828	406.0	196.15625	154.0	0.7985133	150.0	0.005284793	404.65662	415
457.2672	1114.0	63.25	63.25	0.77715355	31.671875	-0.005284793	404.65662	415
491.7335	371.5	117.875	117.875	0.42758936	164.5	0.005284793	404.65662	415
180.3368	298.75	128.96875	89.3125	0.39122486	104.875	-0.005284793	404.65662	415
58.666573	218.0	27.453125	27.453125	0.83908796	82.6875	0.005284793	404.65662	415
155.3257	309.0	66.375	66.375	0.73509485	96.3125	-0.005284793	404.65662	415
181.56647	319.0	146.125	146.125	0.87689847	128.625	0.005284793	404.65662	415
85.63328	597.5	125.9375	125.9375	0.75351745	4.6289062	0.005284793	404.65662	415
202.48984	257.25	127.875	94.3125	0.7297457	108.1875	0.005284793	404.65662	415
115.54955	644.5	137.79688	106.75	0.50368327	138.25	0.005284793	404.65662	415
137.60446	309.0	92.6875	92.6875	0.75215685	116.5	0.005284793	404.65662	415
137.97353	429.75	150.375	150.375	0.34561482	188.875	0.005284793	404.65662	415
115.14857	438.75	50.4375	50.4375	0.6093156	103.0625	0.005284793	404.65662	415
133.09462	517.0	25.1875	25.1875	0.74912894	8.4140625	0.005284793	404.65662	415
479.43262	507.0	394.0625	183.75	0.45023948	201.25	-0.005284793	404.65662	415
375.19684	535.0	98.875	98.875	0.71554995	144.125	0.005284793	404.65662	415
311.3794	311.25	101.0	101.0	0.5254237	143.0	0.005284793	404.65662	415
300.34637	396.25	112.1875	112.1875	0.5992041	45.25	0.005284793	404.65662	415
423.20932	496.5	25.09375	25.09375	0.62709284	117.5625	0.005284793	404.65662	415
187.72372	244.25	77.5625	77.5625	0.70534176	83.5	0.005284793	404.65662	415
116.78505	470.75	225.625	110.0625	0.6866472	160.125	0.005284793	404.65662	415
94.13797	234.875	97.375	97.375	0.5262702	96.375	-0.005284793	404.65662	415
381.0552	576.5	44.40625	44.40625	0.60776806	125.625	0.005284793	404.65662	415
472.543	477.5	89.25	89.25	0.26668727	179.0	0.005284793	404.65662	415
421.35052	220.5	185.125	131.125	0.716129	81.375	0.005284793	404.65662	415
148.80722	275.5	57.46875	57.46875	0.7125	99.0	0.005284793	404.65662	415
331.44788	417.75	40.4375	40.4375	0.882243	115.625	0.005284793	404.65662	415
361.84097	369.0	27.109375	27.109375	0.83821136	139.75	0.005284793	404.65662	415
102.9745	248.625	139.8125	71.0	0.72218883	107.25	0.005284793	404.65662	415
149.68726	387.25	144.625	144.625	0.65759933	157.625	-0.005284793	404.65662	415
377.03146	504.0	148.71875	119.0625	0.609811	155.0	-0.005284793	404.65662	415
177.57375	382.5	144.375	144.375	0.9490446	171.75	0.005284793	404.65662	415
158.26964	510.25	103.875	103.875	0.7162095	168.875	0.005284793	404.65662	415
624.292	882.0	34.625	34.625	0.60574836	307.75	0.005284793	404.65662	415
366.7172	517.0	61.4375	61.4375	0.6988042	126.625	0.005284793	404.65662	415
390.0884	503.75	77.5	77.5	0.42549923	170.75	0.005284793	404.65662	415
244.148	423.0	105.5625	105.5625	0.51784414	173.625	0.005284793	404.65662	415
237.4362	436.0	78.765625	46.8125	0.5058916	124.3125	-0.005284793	404.65662	415
223.3979	429.0	159.78125	105.0	0.41350964	155.0	0.005284793	404.65662	415
391.19052	553.0	131.15625	79.875	0.7334821	173.125	0.005284793	404.65662	415
282.18753	438.75	131.5	131.5	0.886076	143.875	0.005284793	404.65662	415
188.31273	372.5	29.8125	29.8125	0.89442414	131.125	0.005284793	404.65662	415
162.67126	226.125	117.375	91.6875	0.7760449	84.375	0.005284793	404.65662	415
268.22668	323.75	56.4375	56.4375	0.7433752	118.8125	0.005284793	404.65662	415
126.30058	465.25	107.75	107.75	0.5234674	150.25	0.005284793	404.65662	415
192.2375	304.0	213.67188	105.9375	0.20206311	137.25	0.005284793	404.65662	415
302.52258	414.75	109.6875	109.6875	0.6030085	180.25	0.005284793	404.65662	415
165.12054	695.5	155.53125	118.8125	0.79094076	218.125	0.005284793	404.65662	415
273.0093	435.0	250.78125	113.3125	0.35416666	182.5	0.005284793	404.65662	415
351.47018	324.25	233.875	149.0	0.7289655	129.875	-0.005284793	404.65662	415
178.82379	229.375	101.75	73.3125	0.85738736	68.8125	0.005284793	404.65662	415
242.18454	396.0	199.375	142.75	0.7449367	147.75	-0.005284793	404.65662	415
70.93753	503.5	72.4375	72.4375	0.5514051	139.0	-0.005284793	404.65662	415
146.49226	382.25	35.8125	35.8125	0.63955724	146.125	-0.005284793	404.65662	415
123.113914	523.0	97.875	53.03125	0.48783696	151.375	0.005284793	404.65662	415
572.82947	758.0	53.9375	53.9375	0.37245393	176.875	0.005284793	404.65662	415
133.04373	218.0	177.25	101.3125	0.7421919	90.8125	0.005284793	404.65662	415
359.60696	246.875	98.96875	51.5625	0.5857988	110.375	0.005284793	404.65662	415
74.53994	375.25	97.375	97.375	0.28563628	152.75	0.005284793	404.65662	415
189.5237	423.0	219.375	134.875	0.29551744	181.0	0.005284793	404.65662	415
310.30954	497.75	51.625	51.625	0.598207	92.1875	-0.005284793	404.65662	415
224.24106	204.625	34.90625	34.90625	0.66231555	102.375	0.005284793	404.65662	415
174.1306	490.75	127.375	127.375	0.28020516	165.75	0.005284793	404.65662	415
495.34763	560.0	155.5	155.5	0.31841338	191.5	-0.005284793	404.65662	415
178.62654	367.75	113.40625	77.875	0.5895676	142.875	0.005284793	404.65662	415
361.93738	430.5	46.78125	46.78125	0.5634184	160.875	0.005284793	404.65662	415
214.22345	476.75	111.625	111.625	0.548249	168.25	0.005284793	404.65662	415
221.57414	485.75	163.03125	106.0625	0.33819154	186.5	0.005284793	404.65662	415
449.5892	870.0	83.3125	44.96875	0.4598906	173.625	0.005284793	404.65662	415
78.053696	361.5	109.25	109.25	0.7088452	2.6972656	0.005284793	404.65662	415
535.8559	283.5	90.03125	63.96875	0.46203494	105.6875	0.005284793	404.65662	415
236.63637	384.5	70.5	70.5	0.8119761	116.8125	0.005284793	404.65662	415
296.93768	408.75	106.9375	106.9375	0.38232514	171.375	0.005284793	404.65662	415
227.27965	336.75	138.375	138.375	0.8729198	145.625	0.005284793	404.65662	415
268.63132	416.0	185.125	185.125	0.67153996	146.625	-0.005284793	404.65662	415
327.1608	492.75	102.75	102.75	0.3898196	157.625	0.005284793	404.65662	415
83.03728	201.75	216.875	148.875	0.7687934	70.125	0.005284793	404.65662	415
147.63579	339.5	67.25	67.25	0.58125	121.0	0.005284793	404.65662	415
101.40743	305.0	31.015625	31.015625	0.38252658	118.625	-0.005284793	404.65662	415
155.40082	234.25	99.78125	54.84375	0.7038177	99.375	0.005284793	404.65662	415
203.727	379.5	99.625	99.625	0.31652522	185.375	-0.005284793	404.65662	415
196.88742	417.75	136.375	136.375	0.8245614	147.875	0.005284793	404.65662	415
485.19012	583.0	33.15625	33.15625	0.68105066	95.5625	0.005284793	404.65662	415
75.46579	255.75	45.5625	45.5625	0.39758596	112.4375	0.005284793	404.65662	415
357.72272	528.0	33.0625	33.0625	0.7965517	131.75	0.005284793	404.65662	415
107.97194	279.75	282.89062	154.75	0.64020914	99.3125	0.005284793	404.65662	415
125.29904	301.5	147.0	147.0	0.7583039	127.625	0.005284793	404.65662	415
166.89749	497.5	101.4375	101.4375	0.29706642	169.75	0.005284793	404.65662	415
252.33519	400.5	149.375	149.375	0.52936095	144.125	0.005284793	404.65662	415
221.036	397.5	26.09375	26.09375	0.67146975	90.6875	0.005284793	404.65662	415
157.98009	384.0	174.48438	106.375	0.72868216	160.375	-0.005284793	404.65662	415
116.455666	392.25	121.5	121.5	0.58221024	158.125	0.005284793	404.65662	415
119.11288	464.25	116.890625	86.75	0.7055648	168.125	-0.005284793	404.65662	415
305.52985	493.75	171.03125	115.3125	0.718318	98.5	0.005284793	404.65662	415
109.944084	537.5	25.609375	25.609375	0.64266056	88.6875	0.005284793	404.65662	415
187.08038	402.5	93.8125	93.8125	0.3803336	185.125	0.005284793	404.65662	415
319.66537	445.5	44.65625	44.65625	0.43509352	104.5	0.005284793	404.65662	415
189.49568	423.0	132.0	132.0	0.46101806	165.125	0.005284793	404.65662	415
287.9239	387.25	84.6875	84.6875	0.66001815	108.5625	0.005284793	404.65662	415
296.9907	363.25	134.625	134.625	0.4965812	167.125	0.005284793	404.65662	415
226.99791	446.5	61.96875	61.96875	0.47921762	155.125	-0.005284793	404.65662	415
275.3476	374.75	104.375	104.375	0.5321959	168.125	-0.005284793	404.65662	415
220.9874	339.25	58.84375	58.84375	0.60161567	131.0	0.005284793	404.65662	415
173.8587	376.5	177.875	177.875	0.40701002	174.25	0.005284793	404.65662	415
139.94614	339.5	117.046875	88.6875	0.7497326	109.9375	0.005284793	404.65662	415
253.25853	306.75	59.125	59.125	0.8741887	109.75	0.005284793	404.65662	415
142.69165	358.25	104.5625	104.5625	0.88114756	129.125	-0.005284793	404.65662	415
66.01649	203.375	63.1875	63.1875	0.40985486	97.125	0.005284793	404.65662	415
262.43085	441.25	155.5625	107.0	0.55886203	175.5	0.005284793	404.65662	415
224.80986	396.75	298.125	160.375	0.5462671	181.0	0.005284793	404.65662	415
266.5376	463.25	128.875	128.875	0.3037486	147.5	-0.005284793	404.65662	415
138.01494	221.75	40.375	40.375	0.84053797	54.8125	0.005284793	404.65662	415
151.95018	449.5	89.5	89.5	0.42965558	151.25	0.005284793	404.65662	415
120.89677	285.75	56.75	56.75	0.59030247	130.125	0.005284793	404.65662	415
384.9823	665.0	136.6875	78.0625	0.5996802	170.75	0.005284793	404.65662	415
139.10652	270.5	121.4375	61.90625	0.67661214	88.1875	0.005284793	404.65662	415
536.4924	659.0	32.1875	32.1875	0.5	190.375	0.005284793	404.65662	415
77.06478	484.25	105.4375	105.4375	0.6585239	164.875	-0.005284793	404.65662	415
522.2596	393.75	247.0	153.5	0.41082275	163.75	0.005284793	404.65662	415
107.10097	286.0	65.5625	65.5625	0.80508965	58.6875	0.005284793	404.65662	415
509.25272	536.0	133.125	133.125	0.83482504	11.2265625	0.005284793	404.65662	415
98.98205	215.875	54.625	54.625	0.8966443	83.125	-0.005284793	404.65662	415
402.26047	346.0	201.78125	113.5625	0.82329637	164.25	0.005284793	404.65662	415
277.97165	534.5	70.75	70.75	0.53692114	188.25	0.005284793	404.65662	415
146.21986	446.25	284.25	173.5	0.6083086	208.375	0.005284793	404.65662	415
277.7125	493.0	122.25	122.25	0.875067	160.875	0.005284793	404.65662	415
470.16943	640.0	29.0625	29.0625	0.275562	167.75	0.005284793	404.65662	415
135.79852	291.0	133.65625	76.75	0.66211605	168.625	0.005284793	404.65662	415
340.56003	376.5	96.625	96.625	0.54846627	171.875	0.005284793	404.65662	415
221.40466	211.125	80.25	80.25	0.5715823	85.0	-0.005284793	404.65662	415
210.6539	218.25	37.6875	37.6875	0.7180809	99.25	0.005284793	404.65662	415
94.0204	269.5	32.78125	32.78125	0.7626628	98.75	0.005284793	404.65662	415
521.0131	459.25	41.0	41.0	0.54651165	76.8125	0.005284793	404.65662	415
366.17905	297.75	141.25	141.25	0.696129	114.8125	0.005284793	404.65662	415
140.42487	406.25	25.78125	25.78125	0.6771177	145.375	0.005284793	404.65662	415
527.7252	375.5	234.0	120.5625	0.44136807	165.25	0.005284793	404.65662	415
117.26414	325.0	84.0625	45.8125	0.7809524	126.375	0.005284793	404.65662	415
206.34087	460.75	115.578125	84.875	0.91855204	168.25	-0.005284793	404.65662	415
177.71375	301.5	141.46875	107.5	0.59456927	122.875	0.005284793	404.65662	415
412.81534	499.0	121.96875	91.8125	0.85519123	137.25	0.005284793	404.65662	415
200.1016	283.75	26.65625	26.65625	0.6759582	100.0625	-0.005284793	404.65662	415
112.58771	421.75	191.09375	152.25	0.48155183	191.375	0.005284793	404.65662	415
117.807976	385.0	168.84375	127.125	0.6628049	163.0	-0.005284793	404.65662	415
149.39793	340.75	29.859375	29.859375	0.7372549	95.4375	0.005284793	404.65662	415
339.14804	727.0	61.5	61.5	0.53880465	179.875	-0.005284793	404.65662	415
257.77914	599.5	243.25	132.375	0.85422534	141.25	0.005284793	404.65662	415
89.56792	408.0	122.125	122.125	0.25412914	173.5	0.005284793	404.65662	415
166.53308	338.25	52.90625	52.90625	0.8804567	71.4375	0.005284793	404.65662	415
271.11072	420.5	155.32812	104.8125	0.29479283	176.625	0.005284793	404.65662	415
248.8782	275.25	139.3125	69.6875	0.64001626	124.9375	0.005284793	404.65662	415
189.16182	377.0	141.25	141.25	0.7806354	142.0	0.005284793	404.65662	415
215.74355	312.75	101.78125	64.5625	0.8915033	82.0625	-0.005284793	404.65662	415
493.4819	708.0	94.484375	66.0625	0.6460905	198.375	0.005284793	404.65662	415
64.15754	288.5	32.90625	32.90625	0.5944407	135.125	0.005284793	404.65662	415
74.77612	301.75	126.1875	126.1875	0.5579825	136.5	0.005284793	404.65662	415
183.6598	398.75	51.90625	51.90625	0.7651072	139.75	0.005284793	404.65662	415
68.18307	366.0	325.4375	141.25	0.3957976	158.25	0.005284793	404.65662	415
107.391594	343.25	28.421875	28.421875	0.8250171	131.25	-0.005284793	404.65662	415
219.61961	347.25	82.875	82.875	0.8858859	145.125	-0.005284793	404.65662	415
283.40668	417.75	128.25	128.25	0.2822757	186.125	0.005284793	404.65662	415
134.39507	447.0	33.75	33.75	0.7821489	152.125	0.005284793	404.65662	415
211.73126	369.0	86.75	86.75	0.3356962	169.375	-0.005284793	404.65662	415
270.85132	224.25	28.40625	28.40625	0.5572289	89.9375	-0.005284793	404.65662	415
130.97133	295.5	85.0	85.0	0.7195349	90.3125	0.005284793	404.65662	415
135.07686	459.0	286.5625	169.125	0.61300737	235.125	0.005284793	404.65662	415
333.5585	394.5	127.875	127.875	0.8773292	165.625	0.005284793	404.65662	415
445.05814	627.0	147.84375	49.125	0.7158072	121.625	0.005284793	404.65662	415
255.35155	518.0	41.5	41.5	0.76551723	84.3125	0.005284793	404.65662	415
193.9369	223.75	82.75	82.75	0.77449274	97.4375	0.005284793	404.65662	415
740.66406	971.5	122.96875	73.25	0.5829038	266.75	0.005284793	404.65662	415
173.98938	385.75	60.90625	60.90625	0.50213414	134.5	0.005284793	404.65662	415
264.78058	460.5	42.84375	42.84375	0.5115473	154.25	0.005284793	404.65662	415
243.61353	332.5	263.96875	118.375	0.67231077	98.0	0.005284793	404.65662	415
184.11046	596.5	219.3125	117.9375	0.46565732	200.625	0.005284793	404.65662	415
130.06378	624.0	26.546875	26.546875	0.9036851	50.09375	0.005284793	404.65662	415
507.3092	691.5	62.84375	62.84375	0.6151142	178.75	0.005284793	404.65662	415
209.93208	367.0	141.84375	110.375	0.416609	164.625	0.005284793	404.65662	415
248.40353	336.5	249.625	161.25	0.66167665	141.5	0.005284793	404.65662	415
81.78989	314.0	174.53125	121.0	0.62258065	138.375	0.005284793	404.65662	415
386.98712	519.5	137.375	137.375	0.6304627	177.0	0.005284793	404.65662	415
131.96185	462.0	89.09375	44.875	0.44536084	161.625	0.005284793	404.65662	415
314.79337	556.0	34.09375	34.09375	0.45416933	168.25	0.005284793	404.65662	415
83.04972	321.0	124.875	76.5625	0.83680916	96.125	-0.005284793	404.65662	415
69.12361	359.0	152.25	152.25	0.6238185	175.0	-0.005284793	404.65662	415
665.65375	833.0	122.125	122.125	0.40119436	193.25	0.005284793	404.65662	415
