lep_pt	AK8_pt	AK4_pt	M_sd	genWeights	sumWeight	N_exp
438.886	519.5	149.375	182.875	1.0	719142.0	173880
444.76416	684.5	255.0	297.25	1.0	719142.0	173880
124.521614	247.375	151.25	102.125	1.0	719142.0	173880
283.58002	448.75	218.125	192.75	1.0	719142.0	173880
367.83588	524.0	257.5	234.125	1.0	719142.0	173880
601.06854	600.5	237.875	250.375	1.0	719142.0	173880
311.32632	405.0	198.375	165.75	1.0	719142.0	173880
583.8225	365.25	146.375	130.875	1.0	719142.0	173880
213.6763	375.25	186.625	154.75	1.0	719142.0	173880
42.832222	375.75	186.625	167.5	1.0	719142.0	173880
95.894684	343.25	126.625	138.125	1.0	719142.0	173880
478.1802	482.5	194.875	210.375	1.0	719142.0	173880
234.38832	381.25	132.75	147.25	1.0	719142.0	173880
196.07565	421.0	124.75	175.5	1.0	719142.0	173880
