lep_pt	AK8_pt	AK4_pt	M_sd	genWeights	sumWeight	N_exp
110.64423	337.5	142.125	136.875	1.0	633884.0	173880
154.52016	410.75	135.5	163.375	1.0	633884.0	173880
121.47224	342.5	164.125	156.375	1.0	633884.0	173880
459.1292	670.5	218.5	273.5	1.0	633884.0	173880
360.87817	480.25	205.125	172.0	1.0	633884.0	173880
176.7224	291.25	123.0625	114.0625	1.0	633884.0	173880
233.27472	523.0	195.375	190.625	1.0	633884.0	173880
63.377	288.0	135.625	3.9472656	1.0	633884.0	173880
109.78118	342.5	125.0625	123.125	1.0	633884.0	173880
