AK4_pt	AK8_pt	H_t	t_tag	b_tag	Minv	genWeights	sumWeight	signal
41.5625	177.0	41.5625	7.2084367e-06	0.14929199	1.4295534857207315	338270.73962402344	1221055.2	False
52.75	438.25	52.75	5.636364e-06	0.2232666	7.839706676041203	338270.73962402344	1221055.2	False
134.375	299.25	134.375	0.00046634674	0.09399414	2.625563887524791	338270.73962402344	1221055.2	False
30.25	261.75	30.25	1.186505e-06	0.28271484	4.8436887186392	338270.73962402344	1221055.2	False
42.28125	173.25	42.28125	1.3615936e-06	0.16052246	2.010484825710421	338270.73962402344	1221055.2	False
29.796875	336.25	29.796875	2.7522445e-05	0.15124512	0.48759114437004314	338270.73962402344	1221055.2	False
25.59375	348.0	25.59375	0.00025224686	0.055267334	3.9639760108585733	338270.73962402344	1221055.2	False
28.921875	218.375	28.921875	0.00022900105	0.49902344	1.0619367647759645	338270.73962402344	1221055.2	False
47.8125	180.375	47.8125	1.0147691e-05	0.24584961	1.1578023359536331	338270.73962402344	1221055.2	False
28.71875	241.0	28.71875	5.77569e-05	0.07598877	0.926809288487604	338270.73962402344	1221055.2	False
141.625	340.5	141.625	1.9595027e-05	0.27856445	1.6503121866704333	338270.73962402344	1221055.2	False
156.125	264.25	156.125	3.5054982e-06	0.8286133	6.237270638630079	338270.73962402344	1221055.2	False
66.4375	375.25	66.4375	2.4102628e-06	0.9921875	0.5071903983077135	338270.73962402344	1221055.2	False
26.53125	189.25	26.53125	0.7783203	0.07043457	1.7547297886722362	338270.73962402344	1221055.2	False
77.9375	221.375	77.9375	0.0021400452	0.24682617	0.3364162194769733	338270.73962402344	1221055.2	False
32.3125	206.625	32.3125	0.00017035007	0.12475586	0.47985906209969187	338270.73962402344	1221055.2	False
26.546875	178.375	26.546875	0.00018382072	0.40234375	1.7293690170379676	338270.73962402344	1221055.2	False
40.8125	173.375	40.8125	-10.0	0.11029053	7.823127004021202	338270.73962402344	1221055.2	False
48.96875	225.5	48.96875	0.00014853477	0.18139648	0.18536797561959872	338270.73962402344	1221055.2	False
109.75	234.0	109.75	1.2870878e-06	0.05847168	1.1046346123808917	338270.73962402344	1221055.2	False
26.375	183.5	26.375	6.121397e-05	0.11541748	0.7345719615665729	338270.73962402344	1221055.2	False
25.234375	207.125	25.234375	0.0003683567	0.09118652	0.8369203594021712	338270.73962402344	1221055.2	False
67.375	193.0	67.375	0.0003836155	0.2536621	5.882319731545579	338270.73962402344	1221055.2	False
38.28125	290.0	38.28125	4.5984983e-05	0.6904297	0.17849120772771698	338270.73962402344	1221055.2	False
84.8125	201.625	84.8125	9.737909e-06	0.9951172	3.6932942602337278	338270.73962402344	1221055.2	False
38.34375	205.75	38.34375	3.1381845e-05	0.63720703	4.99425693303192	338270.73962402344	1221055.2	False
28.546875	247.75	28.546875	1.8835068e-05	0.08483887	6.643005102038302	338270.73962402344	1221055.2	False
59.15625	186.25	59.15625	6.4730644e-05	0.99609375	1.7570115028912028	338270.73962402344	1221055.2	False
32.9375	187.0	32.9375	7.644296e-06	0.39916992	0.3929474817050078	338270.73962402344	1221055.2	False
31.453125	232.125	31.453125	7.4040145e-07	0.22302246	3.04084940311148	338270.73962402344	1221055.2	False
49.0	318.25	49.0	1.1846423e-05	0.053100586	3.481176324299213	338270.73962402344	1221055.2	False
58.09375	241.875	58.09375	1.1101365e-05	0.18164062	5.1185208239272555	338270.73962402344	1221055.2	False
56.03125	230.875	56.03125	3.1609088e-06	0.53125	0.2578873314869554	338270.73962402344	1221055.2	False
26.234375	198.125	26.234375	0.0009379387	0.053344727	0.10999076792840867	338270.73962402344	1221055.2	False
95.9375	197.75	95.9375	2.142042e-06	0.1459961	4.762727663291656	338270.73962402344	1221055.2	False
25.6875	176.0	25.6875	0.00090169907	0.05166626	4.3999115478684985	338270.73962402344	1221055.2	False
84.125	217.625	84.125	2.0172447e-06	0.09490967	6.723718954018807	338270.73962402344	1221055.2	False
29.375	206.75	29.375	2.7450733e-07	0.053649902	7.329517410706927	338270.73962402344	1221055.2	False
53.09375	180.25	53.09375	0.0001538992	0.5732422	3.218327734040713	338270.73962402344	1221055.2	False
34.03125	173.25	34.03125	4.347414e-06	0.15783691	0.887259548141202	338270.73962402344	1221055.2	False
25.53125	196.75	25.53125	0.008163452	0.08343506	0.17842508079539243	338270.73962402344	1221055.2	False
27.53125	291.0	27.53125	0.0044670105	0.1776123	8.110893824414887	338270.73962402344	1221055.2	False
32.0	220.25	32.0	7.992983e-05	0.10046387	0.3432440175341611	338270.73962402344	1221055.2	False
67.25	231.375	67.25	0.0015068054	0.95214844	0.24235987586121155	338270.73962402344	1221055.2	False
99.1875	274.75	99.1875	0.44702148	0.6489258	0.602577131788081	338270.73962402344	1221055.2	False
79.125	237.75	79.125	5.841255e-06	0.2998047	0.35218204708421297	338270.73962402344	1221055.2	False
116.125	175.875	116.125	3.8415194e-05	0.09466553	0.6344901295130683	338270.73962402344	1221055.2	False
47.84375	294.5	47.84375	0.0010089874	0.060516357	4.036136129279598	338270.73962402344	1221055.2	False
26.34375	179.75	26.34375	0.00041890144	0.096069336	1.5747854933686654	338270.73962402344	1221055.2	False
40.53125	241.5	40.53125	7.5139105e-06	0.30444336	2.567664301239631	338270.73962402344	1221055.2	False
25.03125	242.875	25.03125	1.5221536e-05	0.105041504	0.17920705846000828	338270.73962402344	1221055.2	False
53.84375	190.75	53.84375	0.0011453629	0.40063477	0.2095555099430868	338270.73962402344	1221055.2	False
71.0625	285.0	71.0625	0.008148193	0.10662842	2.429529297069365	338270.73962402344	1221055.2	False
39.8125	297.5	39.8125	0.0021247864	0.6767578	2.0498500124201513	338270.73962402344	1221055.2	False
73.625	229.875	73.625	5.49946e-07	0.9995117	4.009291213271467	338270.73962402344	1221055.2	False
46.65625	416.5	46.65625	6.240606e-05	0.07879639	2.773340191542246	338270.73962402344	1221055.2	False
41.25	384.5	41.25	0.00207901	0.07116699	2.420579168219774	338270.73962402344	1221055.2	False
86.6875	174.375	86.6875	5.2414834e-06	0.27856445	5.464854553652856	338270.73962402344	1221055.2	False
34.03125	171.875	34.03125	0.00011634827	0.72216797	0.8849774647425903	338270.73962402344	1221055.2	False
29.6875	256.0	29.6875	7.327646e-06	0.15905762	1.714888087998986	338270.73962402344	1221055.2	False
30.765625	175.625	30.765625	4.3287873e-06	0.4255371	0.8101057000767184	338270.73962402344	1221055.2	False
37.03125	216.75	82.46875	1.2833625e-06	0.06665039	3.1845728565480442	338270.73962402344	1221055.2	False
33.28125	196.25	33.28125	5.349517e-05	0.08087158	0.6470361535629507	338270.73962402344	1221055.2	False
38.625	183.75	90.46875	3.6368147e-07	0.054656982	4.671766014041623e-05	338270.73962402344	1221055.2	False
50.75	227.375	50.75	0.031707764	0.050628662	2.457217057481813	338270.73962402344	1221055.2	False
27.171875	559.5	27.171875	4.082918e-05	0.30932617	2.3284699305511225	338270.73962402344	1221055.2	False
25.75	170.125	25.75	5.2936375e-06	0.18530273	1.5894046540090017	338270.73962402344	1221055.2	False
41.3125	277.25	41.3125	2.0451844e-06	0.73876953	0.4462842795016968	338270.73962402344	1221055.2	False
26.015625	187.875	26.015625	3.2424927e-05	0.064331055	4.522000491674746	338270.73962402344	1221055.2	False
76.0625	206.125	76.0625	4.0121377e-06	0.12042236	0.06458702743243805	338270.73962402344	1221055.2	False
33.59375	360.5	33.59375	0.0057144165	0.07531738	0.8934912319688095	338270.73962402344	1221055.2	False
26.953125	183.375	98.765625	0.0007662773	0.9897461	6.048657553493513	338270.73962402344	1221055.2	False
26.140625	180.625	26.140625	3.3583492e-06	0.21911621	9.788016453328552	338270.73962402344	1221055.2	False
25.4375	299.5	61.75	5.593896e-05	0.051483154	1.8430463595320532	338270.73962402344	1221055.2	False
44.46875	425.0	44.46875	5.1289797e-05	0.36376953	1.5189822175889987	338270.73962402344	1221055.2	False
36.1875	180.625	36.1875	0.00699234	0.7631836	2.837471785625226	338270.73962402344	1221055.2	False
33.46875	198.875	33.46875	3.4477562e-06	0.17675781	2.291303225063885	338270.73962402344	1221055.2	False
34.5625	191.875	34.5625	0.0010700226	0.8720703	2.972545370221326	338270.73962402344	1221055.2	False
26.203125	401.75	26.203125	1.6270205e-06	0.2331543	1.4521319336129181	338270.73962402344	1221055.2	False
73.3125	260.5	73.3125	0.0012388229	0.13293457	6.435094025381389	338270.73962402344	1221055.2	False
36.4375	190.75	36.4375	0.0001924038	0.04953003	7.572260102343094	338270.73962402344	1221055.2	False
108.625	302.0	108.625	5.3077936e-05	0.93310547	3.6487019198630577	338270.73962402344	1221055.2	False
25.453125	209.125	25.453125	0.0049858093	0.076171875	0.5968487557590549	338270.73962402344	1221055.2	False
37.78125	475.0	37.78125	1.0274351e-05	0.0519104	1.928988198852835	338270.73962402344	1221055.2	False
43.28125	190.875	43.28125	4.796311e-07	0.18688965	0.14816631214567622	338270.73962402344	1221055.2	False
51.3125	188.25	51.3125	0.0007376671	0.06640625	6.254031381305069	338270.73962402344	1221055.2	False
25.765625	410.5	25.765625	7.5343996e-07	0.10406494	2.523042695033837	338270.73962402344	1221055.2	False
26.21875	190.5	26.21875	4.861504e-07	0.47143555	9.498226799375672	338270.73962402344	1221055.2	False
43.15625	288.25	43.15625	0.0009379387	0.31689453	0.9580225806653431	338270.73962402344	1221055.2	False
34.5	176.5	34.5	0.000151515	0.06781006	3.095911961619194	338270.73962402344	1221055.2	False
40.375	200.625	101.84375	0.0016412735	0.3876953	0.5435118315631087	338270.73962402344	1221055.2	False
74.75	170.375	74.75	7.146597e-05	0.08477783	0.9939626887612008	338270.73962402344	1221055.2	False
25.3125	276.75	25.3125	4.1902065e-05	0.12072754	1.2013561754123998	338270.73962402344	1221055.2	False
31.03125	177.125	31.03125	5.8233738e-05	0.057556152	1.1731007070685848	338270.73962402344	1221055.2	False
110.125	264.75	110.125	0.0001090765	0.9057617	9.715217777513345	338270.73962402344	1221055.2	False
28.734375	190.375	28.734375	8.171797e-05	0.7602539	3.908239372410989	338270.73962402344	1221055.2	False
42.0	242.25	42.0	7.432699e-05	0.05609131	1.2249778938896156	338270.73962402344	1221055.2	False
26.140625	170.875	26.140625	0.00015079975	0.14489746	0.8073137983145529	338270.73962402344	1221055.2	False
63.8125	378.0	63.8125	2.95043e-05	0.40014648	1.343991205865109	338270.73962402344	1221055.2	False
46.09375	220.5	46.09375	1.0374933e-06	0.06665039	3.743376170959081	338270.73962402344	1221055.2	False
71.5	180.25	71.5	0.0004887581	0.17053223	9.434193068887083	338270.73962402344	1221055.2	False
43.78125	189.875	43.78125	2.2500753e-05	0.17749023	2.555467707339446	338270.73962402344	1221055.2	False
26.890625	206.375	26.890625	0.014266968	0.062072754	2.9498271796938127	338270.73962402344	1221055.2	False
40.3125	174.75	40.3125	5.543232e-06	0.06500244	1.953268814353052	338270.73962402344	1221055.2	False
35.78125	189.75	35.78125	1.7462298e-06	0.06072998	3.014911691354513	338270.73962402344	1221055.2	False
76.25	177.125	76.25	0.13244629	0.46118164	0.5679727685689784	338270.73962402344	1221055.2	False
29.8125	494.5	29.8125	0.0004351139	0.118774414	1.4261016808467986	338270.73962402344	1221055.2	False
27.40625	177.0	27.40625	4.7162175e-06	0.07745361	1.8819754967818056	338270.73962402344	1221055.2	False
68.1875	642.5	68.1875	1.185108e-07	0.05331421	0.5780564353789117	338270.73962402344	1221055.2	False
27.46875	176.5	27.46875	3.4570694e-05	0.3395996	0.6466349109814047	338270.73962402344	1221055.2	False
30.78125	220.875	63.96875	1.4126301e-05	0.7661133	0.054056934161081927	338270.73962402344	1221055.2	False
47.0625	235.25	169.0625	2.4344772e-06	0.06518555	1.0242752864921698	338270.73962402344	1221055.2	False
130.125	305.75	130.125	1.3550743e-06	0.06149292	1.8591604621843345	338270.73962402344	1221055.2	False
28.453125	203.125	57.796875	1.0337681e-06	0.3413086	2.038547389798552	338270.73962402344	1221055.2	False
32.0625	193.25	32.0625	0.0002465248	0.101745605	0.26846792147792087	338270.73962402344	1221055.2	False
31.265625	234.0	156.51562	0.013626099	0.056671143	1.088250363328271	338270.73962402344	1221055.2	False
67.625	177.5	67.625	0.00016331673	0.46313477	3.038306912100751	338270.73962402344	1221055.2	False
115.5625	291.75	115.5625	4.2259693e-05	0.3408203	1.8868690581084877	338270.73962402344	1221055.2	False
69.25	274.25	69.25	6.5006316e-07	0.15576172	1.84056694869318	338270.73962402344	1221055.2	False
35.65625	397.25	35.65625	2.283603e-06	0.61621094	3.420083990412678	338270.73962402344	1221055.2	False
32.53125	190.75	32.53125	1.9222498e-06	0.0552063	1.0674410406170551	338270.73962402344	1221055.2	False
66.3125	197.375	66.3125	0.06616211	0.5136719	2.4408052096001427	338270.73962402344	1221055.2	False
32.625	179.75	32.625	5.9865415e-06	0.13952637	0.1148185213244659	338270.73962402344	1221055.2	False
45.03125	197.375	45.03125	0.002855301	0.09674072	0.9325741105298277	338270.73962402344	1221055.2	False
25.46875	202.75	25.46875	1.9501895e-06	0.05657959	0.16798849433970986	338270.73962402344	1221055.2	False
36.875	204.375	99.28125	0.002910614	0.71240234	1.706802231934219	338270.73962402344	1221055.2	False
46.375	372.0	46.375	6.5239146e-07	0.1842041	5.081427904635532	338270.73962402344	1221055.2	False
25.40625	171.375	25.40625	-10.0	0.052215576	2.642681158585944	338270.73962402344	1221055.2	False
105.8125	202.75	105.8125	3.7252903e-05	0.28710938	2.6705081524861214	338270.73962402344	1221055.2	False
27.84375	175.625	27.84375	0.0008673668	0.22912598	0.44173441922609413	338270.73962402344	1221055.2	False
26.328125	208.5	26.328125	0.00096035004	0.41259766	0.7030097043585641	338270.73962402344	1221055.2	False
27.578125	202.0	107.328125	0.00020086765	0.47387695	0.9911325399550748	338270.73962402344	1221055.2	False
31.203125	193.625	31.203125	0.0006775856	0.23522949	0.14453514234020304	338270.73962402344	1221055.2	False
52.625	191.75	52.625	6.172806e-06	0.07336426	0.37489066763856727	338270.73962402344	1221055.2	False
57.875	220.125	57.875	8.898787e-07	0.049926758	4.438115147205437	338270.73962402344	1221055.2	False
77.8125	244.25	77.8125	1.0751188e-05	0.05419922	5.799556661745896	338270.73962402344	1221055.2	False
109.0625	184.5	109.0625	0.010795593	0.08972168	0.016722320445595074	338270.73962402344	1221055.2	False
31.109375	262.25	65.796875	0.00032138824	0.13830566	1.692046252296521	338270.73962402344	1221055.2	False
27.46875	208.0	27.46875	0.001534462	0.08355713	3.1659524255131686	338270.73962402344	1221055.2	False
25.625	178.625	25.625	0.00064229965	0.17272949	2.2148475396698473	338270.73962402344	1221055.2	False
32.625	228.625	32.625	0.017593384	0.8051758	1.2604530962684635	338270.73962402344	1221055.2	False
48.46875	253.25	48.46875	0.0015211105	0.07116699	3.8359772115527875	338270.73962402344	1221055.2	False
29.375	227.5	29.375	0.00079631805	0.3227539	1.9328586931965503	338270.73962402344	1221055.2	False
28.984375	222.875	28.984375	0.004852295	0.33911133	0.6241402883644724	338270.73962402344	1221055.2	False
34.25	214.875	34.25	1.5152618e-06	0.076660156	9.495875698787899	338270.73962402344	1221055.2	False
29.296875	283.5	60.609375	0.00072050095	0.05859375	3.5340488251264617	338270.73962402344	1221055.2	False
70.0	220.0	70.0	4.772097e-06	0.41625977	0.4778361350512057	338270.73962402344	1221055.2	False
30.28125	267.25	71.59375	0.0002732277	0.08532715	0.18257704457904822	338270.73962402344	1221055.2	False
59.4375	211.375	59.4375	0.00023400784	0.18774414	0.7965388963106079	338270.73962402344	1221055.2	False
126.75	258.75	126.75	3.0528754e-06	0.04949951	0.4264798159431109	338270.73962402344	1221055.2	False
57.0	191.125	57.0	8.262694e-06	0.099975586	0.6713380848643311	338270.73962402344	1221055.2	False
29.28125	255.0	29.28125	0.000110805035	0.06854248	0.3187629033285333	338270.73962402344	1221055.2	False
134.125	236.5	134.125	0.002960205	0.50097656	0.9981830045078226	338270.73962402344	1221055.2	False
30.5625	190.25	30.5625	0.00022614002	0.14660645	1.8245884939426134	338270.73962402344	1221055.2	False
53.5625	187.375	53.5625	0.00031805038	0.8256836	2.290004165180491	338270.73962402344	1221055.2	False
39.46875	327.75	39.46875	1.5683472e-06	0.9995117	3.3192079181901164	338270.73962402344	1221055.2	False
29.4375	184.375	29.4375	8.255243e-06	0.32080078	0.987222058406374	338270.73962402344	1221055.2	False
31.171875	209.5	31.171875	9.185076e-05	0.10101318	3.91659505823705	338270.73962402344	1221055.2	False
35.40625	301.25	35.40625	1.4729798e-05	0.9941406	2.016275120143547	338270.73962402344	1221055.2	False
28.296875	192.25	28.296875	1.0216609e-06	0.31298828	6.617583187315461	338270.73962402344	1221055.2	False
30.421875	195.0	30.421875	8.9764595e-05	0.09350586	0.38836341259860774	338270.73962402344	1221055.2	False
55.34375	193.0	55.34375	1.4975667e-05	0.1005249	2.335980055386969	338270.73962402344	1221055.2	False
28.453125	188.5	28.453125	0.0020542145	0.05206299	4.386493079651743	338270.73962402344	1221055.2	False
31.8125	256.0	67.125	0.008163452	0.05718994	1.7451833051060675	338270.73962402344	1221055.2	False
108.1875	279.25	108.1875	7.324852e-07	0.05368042	0.06503707687760141	338270.73962402344	1221055.2	False
34.28125	189.125	137.53125	1.9475818e-05	0.2709961	4.082693476674464	338270.73962402344	1221055.2	False
40.0625	171.0	40.0625	-10.0	0.20776367	1.9168557028367843	338270.73962402344	1221055.2	False
147.5	269.0	147.5	0.0001399517	0.65478516	3.0100592232242036	338270.73962402344	1221055.2	False
37.9375	228.25	37.9375	0.0020141602	0.062561035	1.9631820488213378	338270.73962402344	1221055.2	False
98.3125	417.5	98.3125	4.759431e-05	0.12207031	5.221343301181889	338270.73962402344	1221055.2	False
69.25	255.125	69.25	1.4275312e-05	0.06616211	0.21450623042933614	338270.73962402344	1221055.2	False
32.8125	176.375	32.8125	2.3376197e-06	0.10394287	2.8452745541356563	338270.73962402344	1221055.2	False
88.25	322.5	88.25	0.0061416626	0.054107666	0.04323983129518183	338270.73962402344	1221055.2	False
28.203125	181.5	28.203125	9.36985e-05	0.21313477	1.8204126410895327	338270.73962402344	1221055.2	False
39.59375	227.375	39.59375	2.5123358e-05	0.99609375	0.983415065901923	338270.73962402344	1221055.2	False
33.21875	190.5	33.21875	0.0010499954	0.24523926	1.6964098892313615	338270.73962402344	1221055.2	False
30.71875	274.0	30.71875	4.1425228e-05	0.35302734	4.421471059152481	338270.73962402344	1221055.2	False
32.09375	172.25	32.09375	0.00033259392	0.06976318	0.8014467695913083	338270.73962402344	1221055.2	False
28.09375	216.5	28.09375	3.5613775e-06	0.05908203	2.614695064205648	338270.73962402344	1221055.2	False
42.375	202.25	42.375	2.1010637e-05	0.5908203	0.599861441373065	338270.73962402344	1221055.2	False
69.75	237.0	69.75	0.0016641617	0.3996582	1.4289428181757842	338270.73962402344	1221055.2	False
56.5625	277.25	56.5625	5.298853e-05	0.07385254	4.482915253316349	338270.73962402344	1221055.2	False
26.859375	186.5	26.859375	0.0004169941	0.2154541	3.5360856795115296	338270.73962402344	1221055.2	False
47.375	204.625	47.375	5.8323145e-05	0.06640625	2.7882652288486156	338270.73962402344	1221055.2	False
109.0	404.0	109.0	0.7939453	0.13745117	1.036732641410012	338270.73962402344	1221055.2	False
42.9375	343.5	42.9375	6.303191e-06	0.056854248	3.5766798586984976	338270.73962402344	1221055.2	False
59.15625	190.0	59.15625	3.643334e-06	0.265625	2.7158351923450113	338270.73962402344	1221055.2	False
162.25	240.625	162.25	4.4494867e-05	0.09857178	1.3362568057238065	338270.73962402344	1221055.2	False
45.46875	287.75	45.46875	0.00018274784	0.10772705	4.922850019634069	338270.73962402344	1221055.2	False
33.03125	267.5	33.03125	7.5250864e-07	0.76171875	1.610937247570618	338270.73962402344	1221055.2	False
154.625	1141.0	154.625	0.20288086	0.40771484	2.936975712018466	338270.73962402344	1221055.2	False
46.1875	214.5	46.1875	5.248934e-06	0.059173584	2.2378125165123066	338270.73962402344	1221055.2	False
34.84375	251.25	34.84375	0.013381958	0.10144043	1.7880621752398014	338270.73962402344	1221055.2	False
44.21875	206.125	44.21875	2.0802021e-05	0.07336426	0.8096927113390535	338270.73962402344	1221055.2	False
83.875	173.375	83.875	9.012222e-05	0.11682129	0.4714433576596804	338270.73962402344	1221055.2	False
57.28125	441.75	57.28125	0.005748749	0.06323242	1.8192028985800164	338270.73962402344	1221055.2	False
139.75	457.5	139.75	3.4365803e-06	0.99560547	1.834855403491801	338270.73962402344	1221055.2	False
28.515625	223.625	28.515625	3.002584e-05	0.3557129	5.626665478399403	338270.73962402344	1221055.2	False
96.3125	580.0	96.3125	2.4354085e-07	0.0904541	0.7209357730547907	338270.73962402344	1221055.2	False
98.875	174.0	98.875	4.800968e-07	0.95458984	4.805786888300489	338270.73962402344	1221055.2	False
129.375	399.5	129.375	4.3660402e-06	0.07055664	2.5415900672496576	338270.73962402344	1221055.2	False
81.1875	420.5	81.1875	0.03756714	0.9995117	3.280360667978968	338270.73962402344	1221055.2	False
67.8125	180.375	67.8125	1.6987324e-06	0.053009033	1.2572653069808268	338270.73962402344	1221055.2	False
93.5625	172.75	93.5625	0.0005879402	0.53808594	0.35495418787455435	338270.73962402344	1221055.2	False
27.03125	233.75	27.03125	2.454035e-07	0.089782715	0.3539489559904041	338270.73962402344	1221055.2	False
25.40625	188.375	25.40625	1.3142824e-05	0.10662842	0.13421571087060613	338270.73962402344	1221055.2	False
38.15625	271.25	38.15625	0.009765625	0.6455078	0.04072021617524513	338270.73962402344	1221055.2	False
33.25	194.5	33.25	5.5611134e-05	0.05407715	3.5746983351454844	338270.73962402344	1221055.2	False
35.21875	263.0	35.21875	4.2747706e-07	0.051696777	0.3883967836057991	338270.73962402344	1221055.2	False
25.0625	259.25	25.0625	2.656132e-06	0.06756592	3.510349990255193	338270.73962402344	1221055.2	False
26.6875	233.625	26.6875	1.328066e-06	0.13696289	0.6641818314473937	338270.73962402344	1221055.2	False
30.421875	175.0	30.421875	0.002948761	0.0692749	0.07942910924737134	338270.73962402344	1221055.2	False
55.21875	267.0	55.21875	0.004776001	0.15478516	0.888312289890095	338270.73962402344	1221055.2	False
30.359375	248.625	30.359375	1.3709068e-05	0.06939697	1.5670153488507452	338270.73962402344	1221055.2	False
54.53125	185.25	54.53125	6.5900385e-06	0.057128906	7.58624641338605	338270.73962402344	1221055.2	False
26.1875	201.875	26.1875	0.0030994415	0.11340332	0.6894804198132221	338270.73962402344	1221055.2	False
78.0625	173.125	78.0625	6.221235e-06	0.079711914	5.240888984632207	338270.73962402344	1221055.2	False
39.625	305.0	39.625	5.4836273e-06	0.48120117	3.5929340530802136	338270.73962402344	1221055.2	False
41.1875	302.75	92.65625	0.023498535	0.16149902	2.2627906482896663	338270.73962402344	1221055.2	False
25.09375	174.75	25.09375	4.939735e-06	0.0836792	2.45852988811275	338270.73962402344	1221055.2	False
32.0625	203.25	100.625	0.0018148422	0.49951172	2.7930696675216637	338270.73962402344	1221055.2	False
47.1875	182.625	47.1875	0.000112235546	0.31884766	0.1129277244789364	338270.73962402344	1221055.2	False
75.5	301.5	75.5	9.750947e-07	0.066711426	0.3239624034363686	338270.73962402344	1221055.2	False
26.125	244.0	26.125	3.863126e-06	0.08270264	0.3387933232133804	338270.73962402344	1221055.2	False
32.25	194.875	105.8125	1.8980354e-06	0.10455322	0.08900665700517152	338270.73962402344	1221055.2	False
54.96875	291.0	54.96875	0.00315094	0.08465576	0.9909323990600285	338270.73962402344	1221055.2	False
36.90625	176.625	36.90625	4.2051077e-05	0.08605957	0.3800452081197676	338270.73962402344	1221055.2	False
33.5625	318.5	33.5625	7.0147216e-06	0.06298828	0.24060309735406804	338270.73962402344	1221055.2	False
127.0625	234.75	127.0625	6.5527856e-06	0.97753906	1.1723401339497457	338270.73962402344	1221055.2	False
38.96875	235.0	38.96875	1.7940998e-05	0.049468994	2.699471728723381	338270.73962402344	1221055.2	False
73.0	236.5	73.0	0.12182617	0.06713867	3.460920876884444	338270.73962402344	1221055.2	False
52.65625	327.0	52.65625	1.2069941e-05	0.10101318	1.129218948046642	338270.73962402344	1221055.2	False
38.6875	206.375	38.6875	1.7769635e-06	0.1607666	2.5847998097810176	338270.73962402344	1221055.2	False
109.75	314.25	109.75	0.8227539	0.23925781	4.153623203128049	338270.73962402344	1221055.2	False
146.625	241.125	146.625	0.6826172	0.23999023	6.376570683498841	338270.73962402344	1221055.2	False
77.1875	491.75	77.1875	0.00010931492	0.44458008	1.5070491125197378	338270.73962402344	1221055.2	False
32.21875	206.25	32.21875	5.1781535e-07	0.07281494	2.186806216562445	338270.73962402344	1221055.2	False
27.28125	229.0	27.28125	0.00015866756	0.08270264	0.6264424811880787	338270.73962402344	1221055.2	False
30.265625	190.75	30.265625	0.00013458729	0.10992432	3.3836064383159936	338270.73962402344	1221055.2	False
25.265625	187.875	25.265625	3.6537647e-05	0.47851562	1.185318222242401	338270.73962402344	1221055.2	False
34.5625	291.75	34.5625	3.62657e-06	0.063964844	1.6384192758979736	338270.73962402344	1221055.2	False
61.1875	224.0	61.1875	1.4618039e-05	0.05618286	3.378708953542045	338270.73962402344	1221055.2	False
25.84375	210.375	143.59375	4.5523047e-06	0.0680542	0.28293696848912475	338270.73962402344	1221055.2	False
32.125	229.5	32.125	0.00024747849	0.0625	1.541657698428267	338270.73962402344	1221055.2	False
26.09375	350.75	26.09375	5.993992e-06	0.08135986	0.3148472014404433	338270.73962402344	1221055.2	False
46.1875	177.375	46.1875	0.00071287155	0.0871582	0.7310388449399312	338270.73962402344	1221055.2	False
40.75	176.5	40.75	0.0018119812	0.13427734	5.070775703073437	338270.73962402344	1221055.2	False
34.71875	237.125	34.71875	3.4831464e-06	0.36132812	0.6768454499646026	338270.73962402344	1221055.2	False
26.125	287.75	26.125	3.9070845e-05	0.28564453	6.7750429406195	338270.73962402344	1221055.2	False
28.1875	184.625	28.1875	9.253621e-06	0.070739746	3.3490908270798485	338270.73962402344	1221055.2	False
26.796875	349.0	26.796875	0.00012850761	0.051116943	4.734118812777567	338270.73962402344	1221055.2	False
27.15625	234.875	27.15625	1.9684434e-05	0.14892578	0.718626804234944	338270.73962402344	1221055.2	False
60.65625	223.625	60.65625	0.004020691	0.068847656	4.4960733697466395	338270.73962402344	1221055.2	False
34.3125	212.125	34.3125	0.0017414093	0.64990234	4.815122285092883	338270.73962402344	1221055.2	False
120.5625	249.0	120.5625	3.9604492e-07	0.059539795	3.332517448573327	338270.73962402344	1221055.2	False
79.8125	232.375	79.8125	0.00013303757	0.9375	0.6746569174291324	338270.73962402344	1221055.2	False
25.953125	215.25	25.953125	1.9967556e-05	0.051086426	5.412399038664532	338270.73962402344	1221055.2	False
26.109375	344.5	26.109375	4.7534704e-05	0.25439453	4.745791536967076	338270.73962402344	1221055.2	False
27.21875	298.25	27.21875	9.469688e-06	0.078308105	4.100949384109029	338270.73962402344	1221055.2	False
45.0	192.125	45.0	0.000172019	0.1875	4.051722134992218	338270.73962402344	1221055.2	False
132.125	247.375	132.125	3.823638e-05	0.12573242	0.1752164508156966	338270.73962402344	1221055.2	False
26.9375	272.0	26.9375	9.022653e-06	0.08343506	2.9641614013749944	338270.73962402344	1221055.2	False
29.65625	190.5	29.65625	1.2218952e-05	0.05480957	3.266513478492868	338270.73962402344	1221055.2	False
28.046875	353.5	28.046875	1.9203871e-06	0.14160156	2.3479231607581426	338270.73962402344	1221055.2	False
29.65625	170.75	29.65625	0.003271103	0.3100586	0.7412390469600041	338270.73962402344	1221055.2	False
36.25	177.125	36.25	2.1327287e-06	0.6010742	3.1072003752004775	338270.73962402344	1221055.2	False
25.296875	201.5	25.296875	7.2062016e-05	0.121032715	4.614172561998259	338270.73962402344	1221055.2	False
53.78125	238.5	53.78125	5.2452087e-05	0.15148926	0.3448964698880701	338270.73962402344	1221055.2	False
50.4375	296.0	50.4375	8.549541e-07	0.50146484	1.8762724088370675	338270.73962402344	1221055.2	False
26.125	287.5	26.125	0.0077705383	0.13085938	3.3182207731272513	338270.73962402344	1221055.2	False
52.5	289.0	52.5	2.3156404e-05	0.057250977	4.9219078573242285	338270.73962402344	1221055.2	False
90.625	382.0	211.6875	5.569309e-07	0.060821533	0.7312387771725071	338270.73962402344	1221055.2	False
28.25	171.25	28.25	-10.0	0.5444336	2.5276285521437103	338270.73962402344	1221055.2	False
54.40625	214.75	54.40625	8.6054206e-07	0.056732178	0.8600480206591499	338270.73962402344	1221055.2	False
43.625	270.0	43.625	0.047424316	0.8574219	3.542904508106872	338270.73962402344	1221055.2	False
25.515625	218.75	56.8125	0.00096702576	0.16638184	1.926576902560143	338270.73962402344	1221055.2	False
30.3125	291.0	30.3125	8.291006e-05	0.072265625	2.148085432119501	338270.73962402344	1221055.2	False
31.328125	201.625	31.328125	1.4249235e-07	0.9995117	1.015626883592418	338270.73962402344	1221055.2	False
50.40625	170.125	50.40625	8.59797e-06	0.9975586	1.0921378558723092	338270.73962402344	1221055.2	False
111.625	183.125	111.625	0.00014257431	0.12182617	1.6228443226380875	338270.73962402344	1221055.2	False
86.625	218.125	86.625	0.012260437	0.05429077	7.665405418513885	338270.73962402344	1221055.2	False
49.78125	185.375	49.78125	2.3022294e-06	0.1083374	0.32056674672715246	338270.73962402344	1221055.2	False
49.125	488.75	49.125	1.8416904e-07	0.35864258	1.4781333714019098	338270.73962402344	1221055.2	False
28.65625	178.375	28.65625	6.384216e-07	0.38378906	0.5847579678585646	338270.73962402344	1221055.2	False
56.75	222.5	56.75	0.00019919872	0.049835205	0.6246493069897809	338270.73962402344	1221055.2	False
43.375	213.875	43.375	5.580485e-06	0.34228516	1.460983903792723	338270.73962402344	1221055.2	False
69.1875	221.75	69.1875	0.0541687	0.42895508	4.692515931815947	338270.73962402344	1221055.2	False
39.625	280.25	39.625	6.496906e-05	0.06439209	1.291056579547245	338270.73962402344	1221055.2	False
25.265625	215.375	25.265625	1.1390075e-06	0.1595459	4.300365153653701	338270.73962402344	1221055.2	False
28.5	235.375	28.5	0.25097656	0.34570312	3.6570818613546123	338270.73962402344	1221055.2	False
39.96875	516.0	39.96875	0.011795044	0.7480469	5.848774020934812	338270.73962402344	1221055.2	False
44.3125	592.0	44.3125	4.1514635e-05	0.92089844	1.287421058328519	338270.73962402344	1221055.2	False
46.6875	205.75	46.6875	1.1799857e-06	0.16235352	1.0676132512699184	338270.73962402344	1221055.2	False
26.6875	194.25	26.6875	2.8386712e-06	0.09063721	1.4822627784676854	338270.73962402344	1221055.2	False
100.0	209.0	100.0	1.206249e-05	0.13391113	1.5084145655543608	338270.73962402344	1221055.2	False
27.9375	201.125	27.9375	5.583279e-07	0.12261963	0.3746983593866986	338270.73962402344	1221055.2	False
47.65625	182.625	47.65625	4.4703484e-06	0.06854248	7.075923740821324	338270.73962402344	1221055.2	False
89.875	305.5	89.875	0.0025291443	0.94873047	0.011529311967095168	338270.73962402344	1221055.2	False
37.59375	232.0	37.59375	6.362796e-06	0.9916992	0.5513965850053495	338270.73962402344	1221055.2	False
50.9375	236.625	50.9375	0.0014047623	0.05102539	0.3221688883302818	338270.73962402344	1221055.2	False
28.328125	179.375	28.328125	7.832423e-07	0.061828613	1.6552244804915262	338270.73962402344	1221055.2	False
29.640625	173.875	29.640625	0.013679504	0.10015869	3.772125789485898	338270.73962402344	1221055.2	False
35.3125	280.5	35.3125	1.5133992e-06	0.10473633	0.5500348651835907	338270.73962402344	1221055.2	False
87.5625	273.0	87.5625	0.00012767315	0.096191406	7.346089666203326	338270.73962402344	1221055.2	False
29.234375	275.0	29.234375	1.9341707e-05	0.98339844	0.6597809171833973	338270.73962402344	1221055.2	False
42.53125	222.5	155.71875	6.753206e-05	0.20812988	0.715224069980593	338270.73962402344	1221055.2	False
43.09375	202.5	43.09375	2.2929162e-06	0.71972656	2.007447309076028	338270.73962402344	1221055.2	False
67.4375	236.0	67.4375	9.529293e-06	0.093811035	3.307200485336921	338270.73962402344	1221055.2	False
39.40625	198.25	39.40625	2.4616718e-05	0.11816406	0.34554022258303974	338270.73962402344	1221055.2	False
83.9375	189.375	83.9375	1.4036894e-05	0.33911133	1.0422041840396616	338270.73962402344	1221055.2	False
28.765625	265.25	28.765625	8.934736e-05	0.05908203	1.543917956483952	338270.73962402344	1221055.2	False
34.6875	188.25	34.6875	0.00031495094	0.4802246	2.051913345636578	338270.73962402344	1221055.2	False
64.5	236.625	64.5	4.1611493e-06	0.12451172	1.1058765591897384	338270.73962402344	1221055.2	False
52.71875	171.5	52.71875	0.0009036064	0.08117676	5.726479679314309	338270.73962402344	1221055.2	False
128.5	827.5	128.5	0.18530273	0.08734131	0.765996070074749	338270.73962402344	1221055.2	False
29.953125	190.375	29.953125	0.00017392635	0.056915283	5.185414966885958	338270.73962402344	1221055.2	False
28.453125	217.875	28.453125	2.8330833e-06	0.19140625	2.2488266353301896	338270.73962402344	1221055.2	False
29.703125	312.25	29.703125	8.8615343e-07	0.13964844	3.2041074686606237	338270.73962402344	1221055.2	False
33.65625	219.25	33.65625	0.0076446533	0.8886719	5.378880742619145	338270.73962402344	1221055.2	False
30.859375	208.375	30.859375	0.00014638901	0.0637207	1.7262492751031289	338270.73962402344	1221055.2	False
25.328125	188.375	25.328125	7.726252e-06	0.11602783	0.5528233329307426	338270.73962402344	1221055.2	False
63.21875	195.0	63.21875	1.2367964e-05	0.057647705	1.1966467330042576	338270.73962402344	1221055.2	False
36.0625	280.75	36.0625	4.7422945e-06	0.68847656	0.9826016017111812	338270.73962402344	1221055.2	False
102.9375	198.625	102.9375	4.0769577e-05	0.07659912	1.821619191806846	338270.73962402344	1221055.2	False
29.09375	234.375	29.09375	0.009567261	0.08099365	2.657972206231264	338270.73962402344	1221055.2	False
35.46875	305.75	35.46875	0.00026726723	0.058258057	0.12559648159052017	338270.73962402344	1221055.2	False
28.359375	239.75	28.359375	9.872019e-07	0.05770874	0.7932897521500877	338270.73962402344	1221055.2	False
27.3125	270.75	27.3125	0.00049209595	0.5024414	4.079072340786638	338270.73962402344	1221055.2	False
81.9375	174.5	81.9375	-10.0	0.9975586	2.0406802849152825	338270.73962402344	1221055.2	False
29.6875	176.5	29.6875	5.494803e-07	0.0637207	3.597280152620243	338270.73962402344	1221055.2	False
50.1875	182.875	50.1875	0.00022101402	0.060058594	0.9432414709125396	338270.73962402344	1221055.2	False
28.53125	209.125	28.53125	0.0009822845	0.06719971	6.15399730163611	338270.73962402344	1221055.2	False
93.625	469.5	93.625	4.902482e-06	0.28222656	0.47548275361783965	338270.73962402344	1221055.2	False
103.6875	499.5	103.6875	0.030197144	0.11553955	1.464935924660665	338270.73962402344	1221055.2	False
27.296875	207.0	27.296875	1.0825694e-05	0.60253906	1.334042894687144	338270.73962402344	1221055.2	False
45.46875	213.125	45.46875	0.00097465515	0.10650635	0.6755441104650117	338270.73962402344	1221055.2	False
79.0	187.75	79.0	0.70703125	0.97558594	2.7539118250027315	338270.73962402344	1221055.2	False
64.9375	236.25	129.9375	0.027755737	0.099243164	4.3515100698747915	338270.73962402344	1221055.2	False
40.96875	227.5	40.96875	6.145239e-05	0.06945801	9.426814149837426	338270.73962402344	1221055.2	False
26.984375	190.625	26.984375	0.00013411045	0.05645752	0.6586974997356947	338270.73962402344	1221055.2	False
36.15625	255.5	36.15625	7.0175156e-07	0.077819824	3.0574630591301855	338270.73962402344	1221055.2	False
27.0625	219.75	27.0625	3.4496188e-06	0.050811768	1.9837337422140848	338270.73962402344	1221055.2	False
91.25	250.375	91.25	8.1300735e-05	0.061920166	0.1655160626582841	338270.73962402344	1221055.2	False
35.65625	247.625	35.65625	0.00034070015	0.19091797	3.69532494320687	338270.73962402344	1221055.2	False
26.234375	239.375	55.921875	0.0021476746	0.1697998	0.9975462317403725	338270.73962402344	1221055.2	False
73.0625	330.5	73.0625	0.0008568764	0.10308838	7.215072434451358	338270.73962402344	1221055.2	False
25.78125	240.375	25.78125	1.27106905e-05	0.06149292	2.4985477295816594	338270.73962402344	1221055.2	False
27.6875	188.5	27.6875	0.0005955696	0.60253906	1.2887098944354136	338270.73962402344	1221055.2	False
36.15625	191.25	36.15625	1.5953556e-06	0.09991455	0.013584427206438932	338270.73962402344	1221055.2	False
39.09375	306.25	39.09375	0.00051021576	0.6425781	5.701860823879187	338270.73962402344	1221055.2	False
43.0	460.0	43.0	2.2947788e-05	0.42358398	1.1997728283144795	338270.73962402344	1221055.2	False
25.328125	359.5	25.328125	1.2898818e-06	0.06939697	0.27227446937429534	338270.73962402344	1221055.2	False
46.4375	227.5	46.4375	0.000113248825	0.18005371	4.138678804695019	338270.73962402344	1221055.2	False
28.671875	249.125	28.671875	2.643466e-05	0.5595703	2.871667416698102	338270.73962402344	1221055.2	False
41.53125	281.25	41.53125	0.0024375916	0.05606079	0.8195083630872659	338270.73962402344	1221055.2	False
32.59375	170.25	32.59375	2.719462e-06	0.06689453	8.291464923315644	338270.73962402344	1221055.2	False
109.875	239.75	109.875	0.17333984	0.25439453	0.8930427488503909	338270.73962402344	1221055.2	False
43.53125	598.5	43.53125	0.06311035	0.12939453	3.654079255054455	338270.73962402344	1221055.2	False
25.1875	458.0	25.1875	1.0244548e-05	0.075683594	2.0245005013776165	338270.73962402344	1221055.2	False
96.75	210.75	96.75	7.674098e-06	0.32202148	1.2505877878580947	338270.73962402344	1221055.2	False
28.859375	211.5	28.859375	0.0007658005	0.48168945	9.449697782302366	338270.73962402344	1221055.2	False
34.40625	179.5	34.40625	7.43866e-05	0.3684082	0.934443724105023	338270.73962402344	1221055.2	False
28.640625	220.25	28.640625	1.3839453e-06	0.0770874	1.232445868801321	338270.73962402344	1221055.2	False
55.9375	229.5	55.9375	0.0012388229	0.84375	0.10891247661854209	338270.73962402344	1221055.2	False
28.921875	298.75	28.921875	3.5874546e-06	0.59521484	1.4253938673098787	338270.73962402344	1221055.2	False
28.90625	247.375	75.375	3.5315752e-05	0.121032715	2.978230019841803	338270.73962402344	1221055.2	False
78.875	356.25	78.875	0.000104665756	0.25805664	1.944839169411253	338270.73962402344	1221055.2	False
28.84375	411.0	79.5625	3.8510188e-07	0.099243164	0.09875640874928138	338270.73962402344	1221055.2	False
28.3125	212.0	120.640625	0.0018892288	0.9970703	1.269047852288594	338270.73962402344	1221055.2	False
28.359375	439.25	28.359375	2.3156404e-05	0.09283447	0.061174998114282175	338270.73962402344	1221055.2	False
103.5625	188.25	103.5625	3.4838915e-05	0.101257324	1.1063279494515115	338270.73962402344	1221055.2	False
44.71875	291.25	44.71875	0.00022614002	0.22167969	2.825218906067292	338270.73962402344	1221055.2	False
48.96875	329.5	198.96875	8.684397e-05	0.051635742	2.4415614040232327	338270.73962402344	1221055.2	False
48.84375	353.0	48.84375	0.0013923645	0.43115234	0.466596728346957	338270.73962402344	1221055.2	False
38.78125	235.625	105.40625	7.4207783e-06	0.07116699	7.988370323074278	338270.73962402344	1221055.2	False
96.0625	229.0	96.0625	8.888543e-06	0.06506348	4.248357909366931	338270.73962402344	1221055.2	False
100.25	246.875	100.25	0.00016474724	0.12573242	4.639701939378611	338270.73962402344	1221055.2	False
64.6875	202.25	148.3125	0.010559082	0.9814453	1.5772586613701662	338270.73962402344	1221055.2	False
104.6875	171.875	104.6875	0.000644207	0.04989624	2.23479771048585	338270.73962402344	1221055.2	False
27.59375	268.75	27.59375	1.1166558e-06	0.10925293	2.8658678529032358	338270.73962402344	1221055.2	False
64.4375	231.25	64.4375	0.04498291	0.3112793	0.04857244976076913	338270.73962402344	1221055.2	False
48.625	173.125	48.625	3.23914e-06	0.9995117	0.1544643566811459	338270.73962402344	1221055.2	False
37.71875	174.625	37.71875	1.0700896e-06	0.29077148	2.006456229656422	338270.73962402344	1221055.2	False
34.90625	238.25	34.90625	0.18078613	0.7685547	4.435357396847337	338270.73962402344	1221055.2	False
26.859375	236.625	26.859375	1.7788261e-06	0.06329346	0.46128379816433096	338270.73962402344	1221055.2	False
29.5	547.0	29.5	0.019424438	0.26733398	8.541643028185774	338270.73962402344	1221055.2	False
27.5625	171.125	57.09375	0.00071144104	0.082336426	0.9262654736494653	338270.73962402344	1221055.2	False
33.6875	246.0	33.6875	2.225861e-07	0.121154785	0.9522891974221324	338270.73962402344	1221055.2	False
40.8125	241.625	40.8125	0.0009975433	0.8886719	1.2114721042432564	338270.73962402344	1221055.2	False
25.515625	267.25	25.515625	0.0012807846	0.44628906	2.8319747705711933	338270.73962402344	1221055.2	False
35.75	201.5	35.75	1.1483207e-06	0.08544922	2.3099875119681457	338270.73962402344	1221055.2	False
77.9375	238.125	77.9375	0.49804688	0.122558594	1.7785710905987742	338270.73962402344	1221055.2	False
49.65625	187.5	124.53125	0.0011777878	0.08996582	0.1963010687199045	338270.73962402344	1221055.2	False
64.25	208.25	64.25	5.13196e-05	0.22912598	7.058567565729234	338270.73962402344	1221055.2	False
48.4375	182.25	48.4375	6.5611675e-07	0.049438477	9.462514004108854	338270.73962402344	1221055.2	False
58.9375	181.375	58.9375	3.4924597e-06	0.09918213	3.225290002138536	338270.73962402344	1221055.2	False
44.25	188.125	44.25	0.0003476143	0.17871094	6.371435463488012	338270.73962402344	1221055.2	False
31.8125	188.25	31.8125	2.6494265e-05	0.058135986	3.7364404939741576	338270.73962402344	1221055.2	False
38.3125	204.875	38.3125	7.543713e-06	0.070739746	7.060676706775141	338270.73962402344	1221055.2	False
83.5	305.5	83.5	4.6133995e-05	0.19165039	1.569754724767705	338270.73962402344	1221055.2	False
38.78125	189.25	38.78125	0.0019350052	0.10021973	0.3506626032220481	338270.73962402344	1221055.2	False
94.4375	185.625	94.4375	7.6321885e-07	0.18762207	2.6352881385378737	338270.73962402344	1221055.2	False
28.078125	226.5	120.765625	9.137392e-05	0.06555176	3.18725815882064	338270.73962402344	1221055.2	False
102.625	192.125	102.625	0.00031614304	0.33984375	0.5132674433993998	338270.73962402344	1221055.2	False
119.75	231.0	119.75	3.9301813e-06	0.11010742	4.561723191648966	338270.73962402344	1221055.2	False
33.375	325.5	33.375	0.4038086	0.99902344	0.40638754562169765	338270.73962402344	1221055.2	False
33.59375	251.75	33.59375	0.00045275688	0.12915039	0.8712727939925884	338270.73962402344	1221055.2	False
123.1875	235.5	123.1875	0.012329102	0.0647583	1.0524944329045098	338270.73962402344	1221055.2	False
76.1875	234.0	76.1875	0.038909912	0.051727295	5.0264373332257435	338270.73962402344	1221055.2	False
90.1875	180.75	90.1875	2.9623508e-05	0.06890869	2.034056055594462	338270.73962402344	1221055.2	False
29.421875	175.875	29.421875	1.9028783e-05	0.1083374	0.9025984426241251	338270.73962402344	1221055.2	False
62.625	185.0	62.625	6.8172812e-06	0.09588623	0.5937195462089164	338270.73962402344	1221055.2	False
31.546875	249.5	31.546875	1.6227365e-05	0.11291504	0.9915557258681673	338270.73962402344	1221055.2	False
30.15625	174.25	30.15625	-10.0	0.050842285	1.825463134773031	338270.73962402344	1221055.2	False
26.75	185.625	26.75	0.00027775764	0.08618164	0.5978783661167455	338270.73962402344	1221055.2	False
45.65625	251.875	45.65625	3.772974e-05	0.0552063	2.7749653564458328	338270.73962402344	1221055.2	False
127.875	217.0	127.875	0.0023345947	0.9970703	0.45218579787693614	338270.73962402344	1221055.2	False
36.34375	184.125	36.34375	0.00013267994	0.08105469	0.08675764543021103	338270.73962402344	1221055.2	False
30.96875	183.125	30.96875	9.298325e-06	0.06048584	1.051199074604142	338270.73962402344	1221055.2	False
37.3125	198.875	37.3125	0.0002706051	0.9863281	0.730009738532786	338270.73962402344	1221055.2	False
105.5	304.5	105.5	0.12634277	0.055114746	1.2572312144224753	338270.73962402344	1221055.2	False
37.25	320.5	37.25	7.026829e-07	0.053344727	3.3911864884114493	338270.73962402344	1221055.2	False
38.53125	206.125	121.84375	0.0017728806	0.13146973	3.7104940097860464	338270.73962402344	1221055.2	False
32.28125	182.125	32.28125	0.018325806	0.16040039	3.8940542900678565	338270.73962402344	1221055.2	False
29.65625	364.0	29.65625	0.0023117065	0.57958984	0.5751929454710165	338270.73962402344	1221055.2	False
27.40625	230.5	27.40625	6.8321824e-06	0.05206299	0.6678341824441674	338270.73962402344	1221055.2	False
124.875	182.875	124.875	1.5292317e-06	0.0637207	1.1409183391818658	338270.73962402344	1221055.2	False
27.109375	200.0	27.109375	2.7224422e-05	0.22436523	3.1372175113406513	338270.73962402344	1221055.2	False
27.125	170.625	27.125	-10.0	0.07305908	0.642793630881016	338270.73962402344	1221055.2	False
27.828125	182.5	27.828125	0.0009689331	0.4868164	2.729159872839574	338270.73962402344	1221055.2	False
54.90625	282.5	127.09375	6.388873e-07	0.57373047	3.0640545328795668	338270.73962402344	1221055.2	False
31.390625	228.5	31.390625	0.0016336441	0.055786133	3.9949318062583927	338270.73962402344	1221055.2	False
32.125	483.0	32.125	5.8598816e-06	0.19946289	1.380738638739544	338270.73962402344	1221055.2	False
30.5625	279.25	30.5625	1.0274351e-05	0.058563232	3.0130053397021044	338270.73962402344	1221055.2	False
31.78125	207.625	31.78125	2.719462e-06	0.05178833	0.004393715922859087	338270.73962402344	1221055.2	False
28.765625	210.875	28.765625	0.00017404556	0.08288574	1.6781653949825142	338270.73962402344	1221055.2	False
31.359375	171.375	31.359375	4.172325e-06	0.19177246	0.29191114801780316	338270.73962402344	1221055.2	False
25.15625	196.875	25.15625	8.188188e-06	0.079589844	0.7590597077170997	338270.73962402344	1221055.2	False
31.578125	273.75	31.578125	0.00015985966	0.07006836	2.11491079538699	338270.73962402344	1221055.2	False
25.796875	252.875	25.796875	0.0007109642	0.08654785	1.061973372197187	338270.73962402344	1221055.2	False
38.4375	185.375	38.4375	3.6396086e-06	0.06738281	0.060819413114387544	338270.73962402344	1221055.2	False
151.875	213.875	151.875	0.00050258636	0.057739258	6.684612362596567	338270.73962402344	1221055.2	False
101.8125	221.75	101.8125	6.848574e-05	0.3322754	0.16991688502541535	338270.73962402344	1221055.2	False
31.15625	185.375	31.15625	0.004562378	0.14941406	0.10783613988607499	338270.73962402344	1221055.2	False
36.3125	178.625	36.3125	5.64754e-06	0.061035156	4.136704255611178	338270.73962402344	1221055.2	False
127.5	201.875	127.5	3.1907111e-06	0.09820557	2.1574860355298853	338270.73962402344	1221055.2	False
44.90625	310.25	44.90625	9.4249845e-06	0.05001831	0.42654060745898903	338270.73962402344	1221055.2	False
39.03125	183.375	39.03125	2.2158027e-05	0.057434082	0.6537613105682141	338270.73962402344	1221055.2	False
58.3125	177.25	58.3125	0.0001348257	0.96972656	7.1218631871312965	338270.73962402344	1221055.2	False
74.3125	182.625	74.3125	0.00035476685	0.06890869	7.643106482159027	338270.73962402344	1221055.2	False
40.84375	183.25	40.84375	0.00018835068	0.28979492	7.1109114285118125	338270.73962402344	1221055.2	False
52.0	174.75	52.0	1.1354685e-05	0.06774902	0.47303457197281773	338270.73962402344	1221055.2	False
56.84375	454.5	56.84375	0.0012960434	0.060333252	1.1323550762982535	338270.73962402344	1221055.2	False
52.84375	170.375	52.84375	-10.0	0.65527344	0.8091573205402938	338270.73962402344	1221055.2	False
31.234375	228.0	31.234375	1.530163e-06	0.7285156	2.2243946255128435	338270.73962402344	1221055.2	False
52.3125	242.125	52.3125	0.0009188652	0.99853516	1.377852229981329	338270.73962402344	1221055.2	False
27.15625	242.0	27.15625	2.3599714e-06	0.14855957	0.012804906014494577	338270.73962402344	1221055.2	False
37.59375	315.0	37.59375	5.477667e-05	0.05392456	0.3591428210182528	338270.73962402344	1221055.2	False
27.203125	316.0	58.140625	0.07788086	0.05557251	1.1230670437521297	338270.73962402344	1221055.2	False
25.28125	217.75	25.28125	0.00016951561	0.18457031	1.7315819931629761	338270.73962402344	1221055.2	False
27.453125	264.25	27.453125	4.6372414e-05	0.081848145	0.1934334975578338	338270.73962402344	1221055.2	False
52.59375	173.625	52.59375	0.0039634705	0.29785156	0.8252579893023579	338270.73962402344	1221055.2	False
27.34375	255.125	27.34375	8.881092e-06	0.05834961	2.4871260920527902	338270.73962402344	1221055.2	False
130.375	355.0	130.375	0.00013303757	0.47753906	1.4812915401797966	338270.73962402344	1221055.2	False
46.53125	289.5	46.53125	0.00019609928	0.06677246	0.17450535876466233	338270.73962402344	1221055.2	False
86.75	738.5	86.75	4.407484e-07	0.25683594	1.0007227475826568	338270.73962402344	1221055.2	False
35.75	171.875	35.75	4.708767e-06	0.057556152	3.6033118428226345	338270.73962402344	1221055.2	False
43.375	171.75	43.375	1.561828e-06	0.15246582	1.5053255739778564	338270.73962402344	1221055.2	False
54.25	523.5	54.25	0.00035357475	0.98046875	5.305017484760114	338270.73962402344	1221055.2	False
26.953125	520.0	26.953125	0.00020217896	0.07385254	1.105409812502856	338270.73962402344	1221055.2	False
38.5625	179.75	38.5625	1.0000076e-07	0.057403564	1.7528148983429048	338270.73962402344	1221055.2	False
26.109375	344.75	26.109375	0.046569824	0.08898926	1.358821093041044	338270.73962402344	1221055.2	False
47.1875	184.625	166.875	2.8967857e-05	0.2602539	2.1737958559063912	338270.73962402344	1221055.2	False
26.9375	348.0	26.9375	2.4084002e-06	0.0501709	1.6277142243307878	338270.73962402344	1221055.2	False
122.5625	210.625	122.5625	0.006160736	0.9995117	2.967585255167279	338270.73962402344	1221055.2	False
25.6875	532.0	25.6875	2.8731301e-07	0.06640625	1.0888480613336071	338270.73962402344	1221055.2	False
74.75	436.25	74.75	1.2867153e-05	0.06112671	2.331355789186887	338270.73962402344	1221055.2	False
44.1875	222.25	44.1875	0.0060691833	0.10876465	1.4464772132891568	338270.73962402344	1221055.2	False
59.625	183.375	59.625	3.4030527e-06	0.13659668	1.2358850417206355	338270.73962402344	1221055.2	False
42.53125	427.25	42.53125	0.00061416626	0.06500244	2.4028489966792677	338270.73962402344	1221055.2	False
43.78125	199.25	43.78125	2.270937e-05	0.051605225	8.086833097586137	338270.73962402344	1221055.2	False
35.46875	312.25	81.8125	0.0005283356	0.08929443	0.8162766999278546	338270.73962402344	1221055.2	False
28.265625	197.25	57.96875	2.7686357e-05	0.24975586	2.5156272630753165	338270.73962402344	1221055.2	False
46.21875	195.25	46.21875	1.1483207e-06	0.082458496	5.45257303844798	338270.73962402344	1221055.2	False
37.5625	362.75	89.65625	0.005203247	0.2692871	2.8676159280953613	338270.73962402344	1221055.2	False
27.796875	342.5	55.984375	1.7359853e-06	0.055786133	0.4120840378508319	338270.73962402344	1221055.2	False
31.625	408.0	31.625	0.052581787	0.07824707	6.35764104622649	338270.73962402344	1221055.2	False
72.4375	466.75	72.4375	4.4307671e-07	0.061523438	0.901625321547499	338270.73962402344	1221055.2	False
27.453125	188.625	95.828125	1.8030405e-06	0.14221191	0.6552489724062269	338270.73962402344	1221055.2	False
25.03125	180.125	25.03125	0.0077705383	0.07220459	2.714571903831981	338270.73962402344	1221055.2	False
52.625	309.25	52.625	0.0005912781	0.15197754	0.8068812143146147	338270.73962402344	1221055.2	False
92.75	238.5	92.75	7.771887e-07	0.15795898	0.9771907143381355	338270.73962402344	1221055.2	False
25.671875	526.5	59.921875	4.3325126e-06	0.064453125	2.2188908011676176	338270.73962402344	1221055.2	False
43.40625	254.75	43.40625	0.00018632412	0.99609375	2.7670562987301963	338270.73962402344	1221055.2	False
55.03125	193.125	55.03125	9.506941e-06	0.05114746	0.2702529513914129	338270.73962402344	1221055.2	False
35.125	190.375	35.125	0.007083893	0.08508301	0.42961961102106727	338270.73962402344	1221055.2	False
30.421875	293.75	30.421875	3.1650066e-05	0.5673828	8.147962085324721	338270.73962402344	1221055.2	False
118.875	180.125	118.875	4.224479e-06	0.07269287	0.004088119441732374	338270.73962402344	1221055.2	False
120.5625	180.875	120.5625	7.0631504e-06	0.101745605	0.27101599552327116	338270.73962402344	1221055.2	False
25.09375	180.875	25.09375	1.7672777e-05	0.5786133	1.0557949289445645	338270.73962402344	1221055.2	False
50.03125	413.0	50.03125	0.12988281	0.9536133	2.6876795464102656	338270.73962402344	1221055.2	False
26.484375	219.25	26.484375	5.7786703e-05	0.7011719	6.107082215928671	338270.73962402344	1221055.2	False
42.0625	185.5	42.0625	1.2896955e-05	0.07501221	0.9646162045263367	338270.73962402344	1221055.2	False
27.046875	174.75	27.046875	4.4733286e-05	0.091430664	5.717458665124795	338270.73962402344	1221055.2	False
38.28125	361.25	38.28125	6.3702464e-06	0.07727051	1.2774879589546089	338270.73962402344	1221055.2	False
46.84375	193.25	46.84375	1.0788441e-05	0.17236328	9.231699283813953	338270.73962402344	1221055.2	False
43.0625	252.5	43.0625	0.00077438354	0.0657959	6.858958946715575	338270.73962402344	1221055.2	False
35.125	281.0	35.125	0.0769043	0.05355835	1.130882367660064	338270.73962402344	1221055.2	False
25.078125	212.625	25.078125	0.00021207333	0.8125	0.6212346348755915	338270.73962402344	1221055.2	False
29.546875	195.0	29.546875	4.965812e-06	0.5341797	2.069613307195027	338270.73962402344	1221055.2	False
29.796875	569.0	29.796875	0.0007619858	0.12719727	0.6501063923627441	338270.73962402344	1221055.2	False
41.71875	253.625	41.71875	7.5623393e-07	0.06695557	1.5265058200397021	338270.73962402344	1221055.2	False
29.65625	199.625	29.65625	2.8118491e-05	0.061523438	2.87935484915414	338270.73962402344	1221055.2	False
27.625	229.5	27.625	8.404255e-06	0.33520508	0.7527523868348425	338270.73962402344	1221055.2	False
113.375	462.75	113.375	0.018051147	0.5517578	2.457199439972001	338270.73962402344	1221055.2	False
31.71875	197.125	31.71875	0.0009756088	0.27954102	1.309094618270393	338270.73962402344	1221055.2	False
78.8125	419.5	78.8125	7.007271e-06	0.20776367	1.8370742892435885	338270.73962402344	1221055.2	False
31.359375	221.0	134.54688	1.3876706e-06	0.054229736	0.23236703026682903	338270.73962402344	1221055.2	False
31.828125	388.0	31.828125	2.9414892e-05	0.056274414	1.4913446359126254	338270.73962402344	1221055.2	False
27.28125	216.875	27.28125	0.00041294098	0.13684082	0.8704537672069534	338270.73962402344	1221055.2	False
27.6875	173.0	27.6875	0.00037789345	0.12890625	1.3161780743081692	338270.73962402344	1221055.2	False
34.5625	185.875	34.5625	0.0033855438	0.056732178	1.0458189965227689	338270.73962402344	1221055.2	False
26.484375	347.25	56.953125	7.766485e-05	0.13769531	2.2756629742642502	338270.73962402344	1221055.2	False
25.4375	243.875	25.4375	0.023223877	0.056549072	0.8628327282191606	338270.73962402344	1221055.2	False
26.96875	221.75	26.96875	1.642108e-05	0.16455078	8.138692904694125	338270.73962402344	1221055.2	False
70.5	263.0	70.5	1.2136996e-05	0.45751953	0.9767431831203481	338270.73962402344	1221055.2	False
26.515625	235.625	26.515625	0.0038280487	0.13366699	2.6190104140531503	338270.73962402344	1221055.2	False
27.875	218.25	27.875	2.9001385e-06	0.05331421	2.951939704293167	338270.73962402344	1221055.2	False
34.59375	274.0	34.59375	8.314848e-06	0.9711914	4.856681388629383	338270.73962402344	1221055.2	False
118.5	552.5	118.5	0.0064735413	0.09906006	3.707024934749896	338270.73962402344	1221055.2	False
47.3125	220.875	47.3125	2.3722649e-05	0.08306885	0.5967053318572937	338270.73962402344	1221055.2	False
118.5	247.875	118.5	6.880611e-06	0.06518555	0.5048720866117833	338270.73962402344	1221055.2	False
33.8125	713.5	33.8125	1.8879771e-05	0.1262207	1.2713176065550016	338270.73962402344	1221055.2	False
77.1875	205.375	77.1875	0.00015306473	0.9746094	8.480106102851849	338270.73962402344	1221055.2	False
29.328125	323.0	29.328125	0.0010347366	0.09851074	2.59386084361995	338270.73962402344	1221055.2	False
32.59375	429.25	32.59375	6.2258914e-07	0.4753418	1.273081031008232	338270.73962402344	1221055.2	False
65.1875	209.0	65.1875	0.03387451	0.058654785	0.8961345118594721	338270.73962402344	1221055.2	False
30.34375	286.25	30.34375	5.492568e-05	0.10205078	0.5343662727949976	338270.73962402344	1221055.2	False
50.46875	417.5	50.46875	6.9737434e-06	0.1829834	1.25995042558705	338270.73962402344	1221055.2	False
29.265625	180.25	29.265625	0.0043640137	0.6274414	3.5038424925051856	338270.73962402344	1221055.2	False
32.375	330.0	32.375	2.9918738e-07	0.08453369	1.181095112187137	338270.73962402344	1221055.2	False
53.53125	244.125	53.53125	0.0035591125	0.06451416	3.0206342339200063	338270.73962402344	1221055.2	False
39.09375	492.75	39.09375	2.8565526e-05	0.07885742	0.6064357390944366	338270.73962402344	1221055.2	False
101.5	215.125	101.5	7.2158873e-06	0.23669434	0.1393076773007067	338270.73962402344	1221055.2	False
82.875	185.25	82.875	0.00040769577	0.66308594	1.997857402912473	338270.73962402344	1221055.2	False
70.75	210.5	141.625	0.0008993149	0.109802246	1.1578048295098426	338270.73962402344	1221055.2	False
34.15625	340.0	34.15625	5.5134296e-06	0.05441284	2.055799023610547	338270.73962402344	1221055.2	False
25.109375	295.0	25.109375	0.00075244904	0.08319092	1.9112361930783806	338270.73962402344	1221055.2	False
26.640625	173.375	26.640625	0.00012719631	0.12194824	0.6752059299334832	338270.73962402344	1221055.2	False
37.625	310.0	37.625	1.9744039e-05	0.60791016	1.3273805272912824	338270.73962402344	1221055.2	False
40.15625	425.25	40.15625	0.00712204	0.3413086	0.46803226435486067	338270.73962402344	1221055.2	False
35.4375	266.75	35.4375	1.5541911e-05	0.63720703	0.7520400555554829	338270.73962402344	1221055.2	False
46.53125	213.0	46.53125	5.915761e-05	0.8461914	0.949614438538191	338270.73962402344	1221055.2	False
31.140625	173.625	31.140625	6.5386295e-05	0.07531738	1.416984892173332	338270.73962402344	1221055.2	False
35.90625	203.125	75.75	0.016311646	0.055908203	3.1211741269283806	338270.73962402344	1221055.2	False
29.515625	183.75	29.515625	0.01184082	0.05392456	5.66533251540865	338270.73962402344	1221055.2	False
32.5	178.0	32.5	9.1940165e-06	0.16223145	1.8714763088920279	338270.73962402344	1221055.2	False
34.84375	295.5	34.84375	8.505583e-05	0.06213379	0.4832695664030382	338270.73962402344	1221055.2	False
27.109375	170.375	27.109375	1.007691e-06	0.07763672	3.124511686333733	338270.73962402344	1221055.2	False
45.96875	228.0	45.96875	0.001950264	0.15112305	1.6779287506549139	338270.73962402344	1221055.2	False
42.34375	268.5	42.34375	0.0009698868	0.050628662	0.6079655067016603	338270.73962402344	1221055.2	False
64.3125	264.0	64.3125	1.7091632e-05	0.19555664	0.6753580377784658	338270.73962402344	1221055.2	False
72.375	208.625	72.375	0.0017948151	0.91748047	0.10345559519920755	338270.73962402344	1221055.2	False
28.8125	179.75	28.8125	1.6419217e-06	0.057281494	2.4529383798231237	338270.73962402344	1221055.2	False
69.625	354.5	69.625	0.06530762	0.12298584	3.068741614980098	338270.73962402344	1221055.2	False
26.921875	203.625	26.921875	0.0015554428	0.2849121	2.584938172364147	338270.73962402344	1221055.2	False
55.84375	264.25	55.84375	0.00365448	0.2993164	6.34320674033745	338270.73962402344	1221055.2	False
40.25	217.5	40.25	0.21557617	0.99902344	1.8699239777241132	338270.73962402344	1221055.2	False
47.90625	182.125	47.90625	0.10723877	0.6166992	0.9160764198642966	338270.73962402344	1221055.2	False
26.3125	315.0	53.453125	4.2557716e-05	0.18005371	1.1741026246175892	338270.73962402344	1221055.2	False
56.21875	178.0	56.21875	1.4342368e-06	0.06329346	2.3139001618692703	338270.73962402344	1221055.2	False
28.484375	240.125	28.484375	9.393692e-05	0.09686279	0.5624884854723717	338270.73962402344	1221055.2	False
44.46875	373.75	44.46875	0.00016009808	0.064941406	2.4758484720125438	338270.73962402344	1221055.2	False
65.8125	229.875	65.8125	3.4451485e-05	0.07543945	0.461411179608362	338270.73962402344	1221055.2	False
58.71875	231.875	58.71875	3.8564205e-05	0.13122559	8.886624505787637	338270.73962402344	1221055.2	False
30.78125	184.75	30.78125	0.00026154518	0.053955078	3.2590590126891783	338270.73962402344	1221055.2	False
26.65625	286.0	26.65625	6.902963e-06	0.105651855	2.633040548787875	338270.73962402344	1221055.2	False
47.0625	187.0	47.0625	0.0010166168	0.07305908	0.2184805067721669	338270.73962402344	1221055.2	False
25.359375	171.875	25.359375	-10.0	0.11810303	6.2963994170194155	338270.73962402344	1221055.2	False
37.3125	173.0	37.3125	0.00014901161	0.05911255	0.3347740653078688	338270.73962402344	1221055.2	False
28.953125	215.25	28.953125	2.3283064e-06	0.14733887	1.6370666631401747	338270.73962402344	1221055.2	False
34.8125	170.5	34.8125	-10.0	0.35961914	1.4729688408278037	338270.73962402344	1221055.2	False
41.28125	467.5	41.28125	0.0011892319	0.054382324	4.290019612477707	338270.73962402344	1221055.2	False
27.0625	426.0	54.359375	6.854534e-06	0.049804688	2.9864689437123246	338270.73962402344	1221055.2	False
25.515625	183.625	105.578125	1.4016405e-06	0.053649902	0.4219811558145352	338270.73962402344	1221055.2	False
53.15625	174.0	53.15625	-10.0	0.9995117	1.3178307394218365	338270.73962402344	1221055.2	False
32.34375	217.25	32.34375	6.604195e-05	0.10308838	4.650639309519505	338270.73962402344	1221055.2	False
37.84375	251.125	37.84375	0.00021493435	0.076660156	4.826389541262287	338270.73962402344	1221055.2	False
28.703125	447.75	28.703125	0.00019431114	0.07421875	2.9483095553335943	338270.73962402344	1221055.2	False
34.875	236.75	34.875	9.280443e-05	0.27661133	1.7123979489059877	338270.73962402344	1221055.2	False
65.6875	188.25	65.6875	3.1031668e-06	0.06964111	0.006009598043263509	338270.73962402344	1221055.2	False
33.84375	184.75	33.84375	7.223338e-06	0.1328125	1.4905326882609558	338270.73962402344	1221055.2	False
77.375	180.25	77.375	0.052368164	0.13635254	0.011006253971473257	338270.73962402344	1221055.2	False
25.234375	343.5	25.234375	4.7892332e-05	0.06750488	2.598674570195456	338270.73962402344	1221055.2	False
25.015625	183.5	25.015625	1.899898e-05	0.06341553	2.6623884806401463	338270.73962402344	1221055.2	False
30.109375	219.75	30.109375	0.00063180923	0.09124756	2.7748373671965822	338270.73962402344	1221055.2	False
26.5	178.625	26.5	0.0009021759	0.16540527	0.8759621836179292	338270.73962402344	1221055.2	False
36.0625	203.25	36.0625	0.012519836	0.58984375	1.7260031950233525	338270.73962402344	1221055.2	False
25.578125	236.375	25.578125	1.5132129e-05	0.1161499	1.3893477124997844	338270.73962402344	1221055.2	False
33.6875	314.75	33.6875	1.4081597e-06	0.10583496	0.7120668352356745	338270.73962402344	1221055.2	False
86.375	511.5	86.375	0.00045585632	0.1529541	0.4860373290207036	338270.73962402344	1221055.2	False
34.625	259.25	34.625	0.00032401085	0.05343628	4.460291695992382	338270.73962402344	1221055.2	False
33.625	199.625	33.625	5.0336123e-05	0.98291016	2.989470997691626	338270.73962402344	1221055.2	False
28.875	189.0	28.875	2.2184104e-06	0.25463867	9.002011286955934	338270.73962402344	1221055.2	False
31.765625	250.375	31.765625	0.0007748604	0.8354492	1.3852106853637594	338270.73962402344	1221055.2	False
27.765625	170.25	27.765625	-10.0	0.06677246	3.7252421636329274	338270.73962402344	1221055.2	False
61.03125	300.75	61.03125	2.1141022e-06	0.050872803	0.8292961963158518	338270.73962402344	1221055.2	False
25.53125	349.25	25.53125	6.042421e-06	0.060455322	3.2528780559726584	338270.73962402344	1221055.2	False
33.25	230.625	83.53125	0.001543045	0.44750977	5.605571486795796	338270.73962402344	1221055.2	False
27.125	234.125	27.125	4.2945147e-05	0.089416504	1.0686375180762724	338270.73962402344	1221055.2	False
34.6875	298.25	34.6875	5.9455633e-05	0.94677734	0.2037376030845195	338270.73962402344	1221055.2	False
35.40625	178.125	35.40625	1.8496066e-06	0.91503906	0.5998654078366172	338270.73962402344	1221055.2	False
96.25	200.375	96.25	5.7518482e-05	0.8823242	1.6302420201837151	338270.73962402344	1221055.2	False
61.125	219.0	61.125	0.0011434555	0.4453125	3.9418507999379244	338270.73962402344	1221055.2	False
53.3125	236.875	53.3125	0.00042700768	0.9995117	1.326610081679263	338270.73962402344	1221055.2	False
136.25	320.0	136.25	9.313226e-07	0.15795898	2.827552692137502	338270.73962402344	1221055.2	False
161.875	185.125	161.875	1.0030344e-06	0.08282471	6.103475096076295	338270.73962402344	1221055.2	False
132.625	237.75	132.625	0.0024032593	0.12487793	0.8171188807426972	338270.73962402344	1221055.2	False
28.625	188.0	79.59375	1.6659498e-05	0.28808594	1.035521583392267	338270.73962402344	1221055.2	False
51.375	179.625	51.375	1.640059e-06	0.064697266	1.3303761167245796	338270.73962402344	1221055.2	False
30.734375	229.125	30.734375	0.0010671616	0.059020996	0.4795719651890238	338270.73962402344	1221055.2	False
56.71875	295.0	56.71875	2.9399991e-05	0.07281494	1.6560309429693518	338270.73962402344	1221055.2	False
25.40625	201.625	164.28125	0.00035858154	0.08654785	3.0244359850603786	338270.73962402344	1221055.2	False
27.921875	199.0	27.921875	7.4468553e-06	0.1697998	0.9360307496623932	338270.73962402344	1221055.2	False
87.5625	242.125	87.5625	0.0001796484	0.16503906	0.17482751918093697	338270.73962402344	1221055.2	False
48.21875	313.25	48.21875	0.003376007	0.19848633	3.480699353708374	338270.73962402344	1221055.2	False
33.03125	176.125	122.96875	7.770956e-06	0.07116699	9.785718642615166	338270.73962402344	1221055.2	False
44.15625	222.75	44.15625	6.7688525e-06	0.29663086	1.55509307365881	338270.73962402344	1221055.2	False
28.578125	265.75	28.578125	6.0260296e-05	0.13635254	2.1603434569426554	338270.73962402344	1221055.2	False
33.4375	198.75	33.4375	1.5348196e-05	0.20837402	1.5910578970854345	338270.73962402344	1221055.2	False
25.953125	249.0	25.953125	0.00049066544	0.0657959	2.468473687435292	338270.73962402344	1221055.2	False
52.3125	311.5	52.3125	1.6376376e-05	0.07556152	0.1699808604296038	338270.73962402344	1221055.2	False
44.0	227.625	44.0	0.00029277802	0.9326172	1.805637623795917	338270.73962402344	1221055.2	False
44.0625	280.75	44.0625	8.307397e-06	0.09283447	0.4585677393087195	338270.73962402344	1221055.2	False
126.3125	207.625	126.3125	7.1637332e-06	0.34545898	0.19886901213460817	338270.73962402344	1221055.2	False
25.125	298.5	61.15625	0.036499023	0.05709839	0.26060392765997165	338270.73962402344	1221055.2	False
25.421875	219.125	25.421875	6.0111284e-05	0.24157715	0.7521913318548883	338270.73962402344	1221055.2	False
35.1875	232.5	35.1875	1.6568229e-06	0.08270264	2.7104017027470633	338270.73962402344	1221055.2	False
126.625	197.75	126.625	0.0025520325	0.55322266	5.539656512185857	338270.73962402344	1221055.2	False
27.34375	407.25	27.34375	0.032836914	0.21459961	0.9436546141217832	338270.73962402344	1221055.2	False
34.40625	208.5	74.78125	5.3308904e-06	0.11999512	5.1311652697928025	338270.73962402344	1221055.2	False
36.84375	277.25	36.84375	0.008285522	0.099243164	2.398916814408011	338270.73962402344	1221055.2	False
25.390625	225.375	25.390625	1.5022233e-06	0.9902344	1.6358402279280568	338270.73962402344	1221055.2	False
27.53125	244.375	27.53125	2.7924776e-05	0.3557129	0.7662061940566929	338270.73962402344	1221055.2	False
97.75	177.875	97.75	0.0009775162	0.10510254	1.0977943589228119	338270.73962402344	1221055.2	False
42.53125	185.5	42.53125	0.0129776	0.8984375	0.017634493579521404	338270.73962402344	1221055.2	False
47.5625	213.0	47.5625	0.0024471283	0.9921875	2.6481472640856225	338270.73962402344	1221055.2	False
31.90625	230.625	31.90625	1.9937754e-05	0.07684326	0.9719355813219295	338270.73962402344	1221055.2	False
27.421875	279.25	27.421875	0.004135132	0.087768555	3.4728500011449057	338270.73962402344	1221055.2	False
84.375	198.625	84.375	0.0050468445	0.17663574	6.298702231476057	338270.73962402344	1221055.2	False
25.203125	229.625	58.359375	0.00020229816	0.42895508	0.009228880427698982	338270.73962402344	1221055.2	False
27.59375	227.25	115.15625	9.4855204e-07	0.06628418	0.38935958495240186	338270.73962402344	1221055.2	False
46.40625	410.25	46.40625	0.0031547546	0.25805664	4.969508946465979	338270.73962402344	1221055.2	False
50.4375	260.5	50.4375	1.6568229e-06	0.06628418	0.2615248639797585	338270.73962402344	1221055.2	False
39.71875	189.125	39.71875	5.00679e-05	0.10559082	7.083938747388231	338270.73962402344	1221055.2	False
38.25	205.0	38.25	0.0008940697	0.052490234	3.800226103322899	338270.73962402344	1221055.2	False
25.734375	240.375	25.734375	3.6973506e-06	0.11755371	0.2641721953153251	338270.73962402344	1221055.2	False
36.90625	342.5	36.90625	0.0011672974	0.12200928	0.37703912811888074	338270.73962402344	1221055.2	False
32.5	199.0	32.5	0.058624268	0.070617676	0.9032066284382694	338270.73962402344	1221055.2	False
33.96875	243.75	33.96875	1.3247132e-05	0.6777344	1.9599011575671454	338270.73962402344	1221055.2	False
25.28125	194.75	25.28125	0.00010508299	0.5834961	0.8973625860527932	338270.73962402344	1221055.2	False
54.46875	170.625	54.46875	0.0001655817	0.296875	0.32131083441976216	338270.73962402344	1221055.2	False
35.40625	211.75	35.40625	0.00015950203	0.95458984	1.5102787776383906	338270.73962402344	1221055.2	False
64.5625	213.25	64.5625	0.0062294006	0.29516602	7.835271227231857	338270.73962402344	1221055.2	False
41.25	185.125	41.25	0.0016794205	0.11798096	1.9184826297510256	338270.73962402344	1221055.2	False
34.375	234.75	34.375	0.00016951561	0.20483398	3.3080354480781438	338270.73962402344	1221055.2	False
26.15625	176.5	26.15625	-10.0	0.060150146	0.5040370531462344	338270.73962402344	1221055.2	False
50.78125	318.25	50.78125	0.004245758	0.058685303	0.4651754206577863	338270.73962402344	1221055.2	False
34.75	206.875	34.75	0.0001411438	0.05810547	0.5240405673059882	338270.73962402344	1221055.2	False
31.796875	170.25	31.796875	0.00019013882	0.203125	0.22489747239124824	338270.73962402344	1221055.2	False
26.703125	594.5	26.703125	2.451241e-06	0.14343262	0.7767964074175921	338270.73962402344	1221055.2	False
25.65625	222.125	25.65625	0.0022888184	0.08190918	5.513194002271007	338270.73962402344	1221055.2	False
27.828125	272.75	27.828125	1.6642734e-06	0.20092773	1.108032426814745	338270.73962402344	1221055.2	False
74.4375	302.0	74.4375	4.118774e-07	0.4333496	3.037084977067437	338270.73962402344	1221055.2	False
26.0	231.5	54.5	8.183718e-05	0.2310791	0.6494645665251824	338270.73962402344	1221055.2	False
49.125	200.625	49.125	2.8729439e-05	0.90625	4.476541215980859	338270.73962402344	1221055.2	False
122.625	175.875	122.625	2.644956e-06	0.093811035	4.351278061702985	338270.73962402344	1221055.2	False
27.296875	269.0	27.296875	0.048583984	0.09094238	3.5330895479260107	338270.73962402344	1221055.2	False
35.5625	321.75	35.5625	1.4685094e-05	0.066711426	2.119617759400967	338270.73962402344	1221055.2	False
47.0	453.25	47.0	5.0710514e-07	0.6088867	0.11069114686449666	338270.73962402344	1221055.2	False
28.015625	247.875	84.203125	7.2836876e-05	0.390625	1.6190671018145082	338270.73962402344	1221055.2	False
29.078125	246.375	29.078125	0.002828598	0.059448242	8.614156664284224	338270.73962402344	1221055.2	False
29.90625	216.25	93.3125	0.0009274483	0.13000488	0.21999185362891183	338270.73962402344	1221055.2	False
59.25	366.5	59.25	0.055877686	0.64941406	0.47134997758972474	338270.73962402344	1221055.2	False
105.9375	190.375	105.9375	9.018183e-05	0.40185547	2.6665943630570723	338270.73962402344	1221055.2	False
67.0625	173.875	67.0625	0.00076913834	0.22387695	0.042745320843593504	338270.73962402344	1221055.2	False
29.125	183.375	29.125	0.0008664131	0.11395264	1.2615193766310995	338270.73962402344	1221055.2	False
48.34375	257.0	48.34375	2.2053719e-06	0.04989624	1.0355433794022133	338270.73962402344	1221055.2	False
66.75	285.75	66.75	3.041327e-05	0.7919922	0.4676262626598344	338270.73962402344	1221055.2	False
35.0625	208.625	35.0625	4.0093437e-07	0.5419922	0.533995490250291	338270.73962402344	1221055.2	False
41.09375	569.0	41.09375	2.2607855e-07	0.10266113	0.04242419139353615	338270.73962402344	1221055.2	False
41.9375	274.0	41.9375	0.001909256	0.05407715	1.474844648171981	338270.73962402344	1221055.2	False
26.234375	181.0	26.234375	6.8871304e-07	0.06188965	0.2037436940818793	338270.73962402344	1221055.2	False
42.5	282.0	42.5	0.07672119	0.09082031	0.42951372493510576	338270.73962402344	1221055.2	False
90.0	260.0	90.0	0.026550293	0.050842285	9.411616816290959	338270.73962402344	1221055.2	False
49.25	214.0	49.25	3.093481e-05	0.99902344	1.6079406832004253	338270.73962402344	1221055.2	False
118.5625	201.75	118.5625	0.022003174	0.98828125	4.8003439439316935	338270.73962402344	1221055.2	False
33.28125	265.0	33.28125	0.0072784424	0.064086914	0.032140394037753595	338270.73962402344	1221055.2	False
36.125	212.375	36.125	5.5402517e-05	0.30249023	6.800346771380717	338270.73962402344	1221055.2	False
42.28125	245.125	42.28125	1.1868775e-05	0.49658203	1.2218922280959532	338270.73962402344	1221055.2	False
43.09375	185.125	43.09375	1.8149614e-05	0.9165039	0.2809860227639689	338270.73962402344	1221055.2	False
32.1875	491.5	66.90625	1.0706484e-05	0.18066406	3.5098995353938562	338270.73962402344	1221055.2	False
25.515625	538.5	25.515625	0.0044059753	0.06384277	0.5314666319475236	338270.73962402344	1221055.2	False
30.421875	171.25	30.421875	-10.0	0.06750488	5.3344738538487775	338270.73962402344	1221055.2	False
63.5	190.75	63.5	8.493662e-06	0.3166504	2.2666757949112224	338270.73962402344	1221055.2	False
60.0	171.5	60.0	0.00043654442	0.16149902	1.5122192195546091	338270.73962402344	1221055.2	False
45.09375	235.625	45.09375	3.6895275e-05	0.049865723	5.241650154856714	338270.73962402344	1221055.2	False
32.625	301.75	32.625	2.0295382e-05	0.07861328	1.6175947330407894	338270.73962402344	1221055.2	False
31.15625	174.25	31.15625	0.010108948	0.07208252	1.3134441582556917	338270.73962402344	1221055.2	False
25.828125	248.75	25.828125	4.3064356e-05	0.06088257	0.6534826528636728	338270.73962402344	1221055.2	False
38.875	255.375	38.875	3.7163496e-05	0.13513184	1.770923387108951	338270.73962402344	1221055.2	False
71.25	198.625	71.25	0.0034046173	0.59765625	1.5452853781286677	338270.73962402344	1221055.2	False
39.28125	195.25	39.28125	7.6554716e-07	0.44311523	2.253584998439777	338270.73962402344	1221055.2	False
73.3125	219.625	73.3125	8.819625e-07	0.099975586	1.177722796993251	338270.73962402344	1221055.2	False
37.9375	218.5	37.9375	2.56598e-05	0.061035156	5.140305010823596	338270.73962402344	1221055.2	False
56.375	258.5	56.375	2.6151538e-05	0.10418701	3.5607912704446676	338270.73962402344	1221055.2	False
99.75	331.5	99.75	4.902482e-05	0.06298828	4.047784818329106	338270.73962402344	1221055.2	False
41.5	185.25	41.5	3.684312e-06	0.17358398	0.4420055253713855	338270.73962402344	1221055.2	False
27.484375	215.25	27.484375	0.00065231323	0.054138184	4.345326341029775	338270.73962402344	1221055.2	False
28.78125	191.75	28.78125	0.0032863617	0.085998535	0.18836618230203328	338270.73962402344	1221055.2	False
37.1875	223.375	37.1875	0.0012207031	0.1763916	0.11559783379689748	338270.73962402344	1221055.2	False
39.0	251.5	39.0	0.005680084	0.10992432	1.2947318637744303	338270.73962402344	1221055.2	False
28.703125	230.625	28.703125	0.0008249283	0.09436035	3.686287645023583	338270.73962402344	1221055.2	False
33.125	232.125	33.125	0.24206543	0.08691406	1.1959271215431642	338270.73962402344	1221055.2	False
78.3125	307.5	78.3125	1.2330711e-05	0.111694336	0.40450880467946604	338270.73962402344	1221055.2	False
29.609375	240.375	29.609375	0.0050239563	0.09033203	3.580794662866566	338270.73962402344	1221055.2	False
36.75	182.625	36.75	7.426739e-05	0.3034668	7.132876230944859	338270.73962402344	1221055.2	False
26.34375	268.75	26.34375	3.4160912e-06	0.17248535	7.580580037325561	338270.73962402344	1221055.2	False
63.34375	203.875	63.34375	0.00027370453	0.107177734	5.738605096473279	338270.73962402344	1221055.2	False
36.40625	177.875	36.40625	1.8239021e-05	0.06390381	1.3039702025692463	338270.73962402344	1221055.2	False
48.3125	253.0	48.3125	3.6269426e-05	0.06762695	2.3172524254938907	338270.73962402344	1221055.2	False
25.125	255.875	25.125	0.015075684	0.09967041	0.71767868955925	338270.73962402344	1221055.2	False
51.4375	265.0	51.4375	6.0468912e-05	0.9819336	8.60859792266902	338270.73962402344	1221055.2	False
40.75	204.75	40.75	1.296401e-06	0.07080078	0.37619629192802506	338270.73962402344	1221055.2	False
61.25	263.75	61.25	9.760261e-07	0.20288086	2.0794874078400056	338270.73962402344	1221055.2	False
73.9375	193.5	73.9375	1.3587996e-06	0.05368042	3.6561110854192123	338270.73962402344	1221055.2	False
35.125	344.0	35.125	8.1490725e-07	0.059783936	2.26223240216558	338270.73962402344	1221055.2	False
31.921875	203.625	31.921875	1.5348196e-05	0.2709961	1.6259649276774297	338270.73962402344	1221055.2	False
46.46875	401.25	46.46875	0.13806152	0.8515625	0.5881098508846776	338270.73962402344	1221055.2	False
27.765625	229.75	27.765625	4.505273e-07	0.0847168	0.013531943214445619	338270.73962402344	1221055.2	False
45.84375	509.0	45.84375	0.02267456	0.27661133	0.6119473219271043	338270.73962402344	1221055.2	False
66.5625	211.75	66.5625	0.072387695	0.052886963	0.9996509788570052	338270.73962402344	1221055.2	False
140.5	265.75	140.5	0.24536133	0.05029297	1.0987277705342393	338270.73962402344	1221055.2	False
30.671875	207.125	30.671875	0.0002901554	0.13024902	2.1637414549570053	338270.73962402344	1221055.2	False
25.953125	175.875	25.953125	1.1056662e-05	0.26000977	0.4359964881534921	338270.73962402344	1221055.2	False
94.5625	255.375	94.5625	7.8976154e-05	0.11810303	9.20796415776124	338270.73962402344	1221055.2	False
35.375	268.0	35.375	4.183501e-06	0.0637207	2.0568318001661083	338270.73962402344	1221055.2	False
32.75	222.625	32.75	0.0026054382	0.33984375	1.9112597994332248	338270.73962402344	1221055.2	False
28.671875	339.25	62.484375	9.2294067e-07	0.27246094	2.728162317751895	338270.73962402344	1221055.2	False
26.46875	223.625	26.46875	0.0044937134	0.26660156	3.5401314441899814	338270.73962402344	1221055.2	False
90.4375	231.625	90.4375	3.120303e-05	0.35351562	0.006600805388202957	338270.73962402344	1221055.2	False
63.625	233.875	63.625	0.0004749298	0.73828125	7.338267404774939	338270.73962402344	1221055.2	False
32.71875	182.75	32.71875	7.587671e-05	0.08807373	0.45827509351289564	338270.73962402344	1221055.2	False
55.1875	369.0	55.1875	0.00094890594	0.052459717	0.38679083715759077	338270.73962402344	1221055.2	False
44.3125	186.625	44.3125	0.00036120415	0.0826416	5.41363913483616	338270.73962402344	1221055.2	False
