lep_pt	genWeights	sumWeight	N_exp
54.51689	1.0	726000.0	306360
29.74948	1.0	726000.0	306360
110.30075	1.0	726000.0	306360
65.8149	1.0	726000.0	306360
130.2687	1.0	726000.0	306360
74.30995	1.0	726000.0	306360
46.64248	1.0	726000.0	306360
104.29215	1.0	726000.0	306360
88.71592	1.0	726000.0	306360
88.08295	1.0	726000.0	306360
149.99535	1.0	726000.0	306360
88.50083	1.0	726000.0	306360
59.957363	1.0	726000.0	306360
60.909878	1.0	726000.0	306360
105.13598	1.0	726000.0	306360
32.45391	1.0	726000.0	306360
44.785267	1.0	726000.0	306360
91.954636	1.0	726000.0	306360
43.378235	1.0	726000.0	306360
77.25619	1.0	726000.0	306360
54.63724	1.0	726000.0	306360
44.308674	1.0	726000.0	306360
51.77284	1.0	726000.0	306360
77.86139	1.0	726000.0	306360
76.958755	1.0	726000.0	306360
59.51948	1.0	726000.0	306360
78.21397	1.0	726000.0	306360
60.41565	1.0	726000.0	306360
40.209736	1.0	726000.0	306360
48.298042	1.0	726000.0	306360
71.95995	1.0	726000.0	306360
57.018295	1.0	726000.0	306360
63.91403	1.0	726000.0	306360
110.175896	1.0	726000.0	306360
95.832565	1.0	726000.0	306360
84.19935	1.0	726000.0	306360
53.300304	1.0	726000.0	306360
38.804657	1.0	726000.0	306360
46.42673	1.0	726000.0	306360
59.97031	1.0	726000.0	306360
110.66614	1.0	726000.0	306360
144.04012	1.0	726000.0	306360
27.604296	1.0	726000.0	306360
120.25895	1.0	726000.0	306360
37.116882	1.0	726000.0	306360
36.42098	1.0	726000.0	306360
59.04482	1.0	726000.0	306360
46.97849	1.0	726000.0	306360
48.36978	1.0	726000.0	306360
30.064495	1.0	726000.0	306360
118.17505	1.0	726000.0	306360
128.95335	1.0	726000.0	306360
58.199596	1.0	726000.0	306360
103.22935	1.0	726000.0	306360
19.399498	1.0	726000.0	306360
46.57155	1.0	726000.0	306360
50.7148	1.0	726000.0	306360
112.602585	1.0	726000.0	306360
51.497883	1.0	726000.0	306360
70.7297	1.0	726000.0	306360
54.04258	1.0	726000.0	306360
66.84844	1.0	726000.0	306360
33.413757	1.0	726000.0	306360
64.73881	1.0	726000.0	306360
87.388885	1.0	726000.0	306360
36.726402	1.0	726000.0	306360
61.070515	1.0	726000.0	306360
135.47443	1.0	726000.0	306360
104.40276	1.0	726000.0	306360
71.756744	1.0	726000.0	306360
52.024807	1.0	726000.0	306360
78.436905	1.0	726000.0	306360
38.479168	1.0	726000.0	306360
49.162445	1.0	726000.0	306360
33.081364	1.0	726000.0	306360
29.348536	1.0	726000.0	306360
104.26143	1.0	726000.0	306360
60.57256	1.0	726000.0	306360
38.87958	1.0	726000.0	306360
117.28217	1.0	726000.0	306360
123.02642	1.0	726000.0	306360
51.832573	1.0	726000.0	306360
152.11386	1.0	726000.0	306360
162.50943	1.0	726000.0	306360
133.7316	1.0	726000.0	306360
110.40527	1.0	726000.0	306360
59.210728	1.0	726000.0	306360
118.476395	1.0	726000.0	306360
121.38862	1.0	726000.0	306360
71.12512	1.0	726000.0	306360
50.42001	1.0	726000.0	306360
160.99533	1.0	726000.0	306360
19.241592	1.0	726000.0	306360
72.74132	1.0	726000.0	306360
79.88371	1.0	726000.0	306360
25.558832	1.0	726000.0	306360
71.85949	1.0	726000.0	306360
21.3974	1.0	726000.0	306360
47.53762	1.0	726000.0	306360
71.43949	1.0	726000.0	306360
48.446957	1.0	726000.0	306360
40.257236	1.0	726000.0	306360
172.64906	1.0	726000.0	306360
55.76366	1.0	726000.0	306360
193.47658	1.0	726000.0	306360
63.15142	1.0	726000.0	306360
20.067379	1.0	726000.0	306360
119.26028	1.0	726000.0	306360
107.76712	1.0	726000.0	306360
131.46306	1.0	726000.0	306360
79.37682	1.0	726000.0	306360
47.239346	1.0	726000.0	306360
53.95025	1.0	726000.0	306360
29.408625	1.0	726000.0	306360
69.804726	1.0	726000.0	306360
56.690273	1.0	726000.0	306360
160.41675	1.0	726000.0	306360
62.121353	1.0	726000.0	306360
218.87157	1.0	726000.0	306360
57.687244	1.0	726000.0	306360
50.374603	1.0	726000.0	306360
44.6646	1.0	726000.0	306360
43.692917	1.0	726000.0	306360
40.07364	1.0	726000.0	306360
46.18821	1.0	726000.0	306360
77.18829	1.0	726000.0	306360
31.27258	1.0	726000.0	306360
28.537819	1.0	726000.0	306360
124.12536	1.0	726000.0	306360
78.632576	1.0	726000.0	306360
40.945263	1.0	726000.0	306360
145.90234	1.0	726000.0	306360
91.23075	1.0	726000.0	306360
116.43372	1.0	726000.0	306360
30.543253	1.0	726000.0	306360
49.939938	1.0	726000.0	306360
51.220863	1.0	726000.0	306360
37.895836	1.0	726000.0	306360
29.554081	1.0	726000.0	306360
57.070225	1.0	726000.0	306360
44.29628	1.0	726000.0	306360
81.45062	1.0	726000.0	306360
47.20909	1.0	726000.0	306360
123.225174	1.0	726000.0	306360
76.47675	1.0	726000.0	306360
41.567078	1.0	726000.0	306360
62.436775	1.0	726000.0	306360
37.827343	1.0	726000.0	306360
95.37053	1.0	726000.0	306360
22.321465	1.0	726000.0	306360
90.241745	1.0	726000.0	306360
188.39793	1.0	726000.0	306360
34.700344	1.0	726000.0	306360
131.89294	1.0	726000.0	306360
37.217674	1.0	726000.0	306360
103.73578	1.0	726000.0	306360
90.495415	1.0	726000.0	306360
62.263542	1.0	726000.0	306360
56.818283	1.0	726000.0	306360
50.400703	1.0	726000.0	306360
210.51271	1.0	726000.0	306360
33.656345	1.0	726000.0	306360
103.1569	1.0	726000.0	306360
116.85439	1.0	726000.0	306360
38.093327	1.0	726000.0	306360
39.198914	1.0	726000.0	306360
42.725735	1.0	726000.0	306360
63.125244	1.0	726000.0	306360
91.14183	1.0	726000.0	306360
69.85687	1.0	726000.0	306360
65.019554	1.0	726000.0	306360
56.365204	1.0	726000.0	306360
38.190475	1.0	726000.0	306360
48.187588	1.0	726000.0	306360
21.041397	1.0	726000.0	306360
39.269455	1.0	726000.0	306360
97.04847	1.0	726000.0	306360
36.66498	1.0	726000.0	306360
29.659119	1.0	726000.0	306360
62.1487	1.0	726000.0	306360
48.533913	1.0	726000.0	306360
67.397446	1.0	726000.0	306360
95.38346	1.0	726000.0	306360
71.01767	1.0	726000.0	306360
64.026375	1.0	726000.0	306360
42.28818	1.0	726000.0	306360
70.13093	1.0	726000.0	306360
181.32295	1.0	726000.0	306360
52.44307	1.0	726000.0	306360
66.65861	1.0	726000.0	306360
64.8104	1.0	726000.0	306360
62.33722	1.0	726000.0	306360
39.638847	1.0	726000.0	306360
127.69627	1.0	726000.0	306360
56.75595	1.0	726000.0	306360
69.98384	1.0	726000.0	306360
126.382904	1.0	726000.0	306360
144.64476	1.0	726000.0	306360
40.751488	1.0	726000.0	306360
66.26839	1.0	726000.0	306360
94.53307	1.0	726000.0	306360
31.607832	1.0	726000.0	306360
70.781715	1.0	726000.0	306360
81.47085	1.0	726000.0	306360
177.29463	1.0	726000.0	306360
62.95476	1.0	726000.0	306360
71.89628	1.0	726000.0	306360
81.71399	1.0	726000.0	306360
64.05424	1.0	726000.0	306360
177.43323	1.0	726000.0	306360
43.417576	1.0	726000.0	306360
105.9067	1.0	726000.0	306360
29.912516	1.0	726000.0	306360
61.622513	1.0	726000.0	306360
281.08856	1.0	726000.0	306360
68.528	1.0	726000.0	306360
34.195385	1.0	726000.0	306360
43.936573	1.0	726000.0	306360
40.1031	1.0	726000.0	306360
55.272266	1.0	726000.0	306360
69.90921	1.0	726000.0	306360
134.73212	1.0	726000.0	306360
103.28306	1.0	726000.0	306360
43.25401	1.0	726000.0	306360
41.161137	1.0	726000.0	306360
47.23991	1.0	726000.0	306360
81.64015	1.0	726000.0	306360
102.56594	1.0	726000.0	306360
94.161415	1.0	726000.0	306360
57.21164	1.0	726000.0	306360
40.72749	1.0	726000.0	306360
41.328938	1.0	726000.0	306360
19.101767	1.0	726000.0	306360
70.91281	1.0	726000.0	306360
57.882843	1.0	726000.0	306360
113.54512	1.0	726000.0	306360
42.140553	1.0	726000.0	306360
35.825798	1.0	726000.0	306360
46.79122	1.0	726000.0	306360
99.10819	1.0	726000.0	306360
176.61935	1.0	726000.0	306360
72.53361	1.0	726000.0	306360
157.06133	1.0	726000.0	306360
90.20449	1.0	726000.0	306360
34.263454	1.0	726000.0	306360
65.269745	1.0	726000.0	306360
125.01921	1.0	726000.0	306360
27.456528	1.0	726000.0	306360
107.357315	1.0	726000.0	306360
57.104298	1.0	726000.0	306360
72.26639	1.0	726000.0	306360
53.841877	1.0	726000.0	306360
84.76247	1.0	726000.0	306360
32.550903	1.0	726000.0	306360
45.025238	1.0	726000.0	306360
47.68779	1.0	726000.0	306360
38.676655	1.0	726000.0	306360
72.65282	1.0	726000.0	306360
43.39927	1.0	726000.0	306360
64.021706	1.0	726000.0	306360
39.438843	1.0	726000.0	306360
73.704155	1.0	726000.0	306360
82.67492	1.0	726000.0	306360
148.70218	1.0	726000.0	306360
64.20302	1.0	726000.0	306360
108.50257	1.0	726000.0	306360
53.82677	1.0	726000.0	306360
77.92733	1.0	726000.0	306360
61.38841	1.0	726000.0	306360
80.58418	1.0	726000.0	306360
97.866646	1.0	726000.0	306360
71.98086	1.0	726000.0	306360
56.012756	1.0	726000.0	306360
64.29389	1.0	726000.0	306360
94.98975	1.0	726000.0	306360
26.63373	1.0	726000.0	306360
82.39474	1.0	726000.0	306360
110.15023	1.0	726000.0	306360
132.74432	1.0	726000.0	306360
38.470375	1.0	726000.0	306360
157.98326	1.0	726000.0	306360
54.321968	1.0	726000.0	306360
89.50986	1.0	726000.0	306360
74.43972	1.0	726000.0	306360
64.36232	1.0	726000.0	306360
61.802876	1.0	726000.0	306360
48.310986	1.0	726000.0	306360
56.61634	1.0	726000.0	306360
50.71562	1.0	726000.0	306360
77.70097	1.0	726000.0	306360
168.39813	1.0	726000.0	306360
43.26669	1.0	726000.0	306360
43.865486	1.0	726000.0	306360
68.31703	1.0	726000.0	306360
75.492775	1.0	726000.0	306360
81.09886	1.0	726000.0	306360
60.47537	1.0	726000.0	306360
25.029829	1.0	726000.0	306360
94.14311	1.0	726000.0	306360
51.490993	1.0	726000.0	306360
73.34866	1.0	726000.0	306360
138.03355	1.0	726000.0	306360
26.642162	1.0	726000.0	306360
20.172516	1.0	726000.0	306360
25.126745	1.0	726000.0	306360
125.40578	1.0	726000.0	306360
117.05773	1.0	726000.0	306360
39.171635	1.0	726000.0	306360
29.849342	1.0	726000.0	306360
29.645054	1.0	726000.0	306360
45.818848	1.0	726000.0	306360
89.27467	1.0	726000.0	306360
108.456375	1.0	726000.0	306360
126.697014	1.0	726000.0	306360
47.269123	1.0	726000.0	306360
52.25743	1.0	726000.0	306360
48.046066	1.0	726000.0	306360
95.52369	1.0	726000.0	306360
90.93444	1.0	726000.0	306360
110.90629	1.0	726000.0	306360
34.21328	1.0	726000.0	306360
46.136806	1.0	726000.0	306360
38.497116	1.0	726000.0	306360
94.147575	1.0	726000.0	306360
43.059017	1.0	726000.0	306360
83.17303	1.0	726000.0	306360
38.217255	1.0	726000.0	306360
70.83799	1.0	726000.0	306360
54.60354	1.0	726000.0	306360
38.047615	1.0	726000.0	306360
40.948162	1.0	726000.0	306360
29.668821	1.0	726000.0	306360
51.700764	1.0	726000.0	306360
66.44204	1.0	726000.0	306360
184.34004	1.0	726000.0	306360
39.64462	1.0	726000.0	306360
29.625603	1.0	726000.0	306360
51.638172	1.0	726000.0	306360
186.35663	1.0	726000.0	306360
121.4582	1.0	726000.0	306360
43.491745	1.0	726000.0	306360
122.07199	1.0	726000.0	306360
34.22072	1.0	726000.0	306360
26.209095	1.0	726000.0	306360
35.96443	1.0	726000.0	306360
361.74048	1.0	726000.0	306360
153.65901	1.0	726000.0	306360
49.486687	1.0	726000.0	306360
39.52909	1.0	726000.0	306360
115.993416	1.0	726000.0	306360
55.192493	1.0	726000.0	306360
108.92615	1.0	726000.0	306360
33.24558	1.0	726000.0	306360
51.57669	1.0	726000.0	306360
38.73622	1.0	726000.0	306360
83.48241	1.0	726000.0	306360
47.472744	1.0	726000.0	306360
37.757275	1.0	726000.0	306360
70.04318	1.0	726000.0	306360
234.58627	1.0	726000.0	306360
70.02327	1.0	726000.0	306360
72.19135	1.0	726000.0	306360
232.3756	1.0	726000.0	306360
154.41008	1.0	726000.0	306360
68.68004	1.0	726000.0	306360
108.64553	1.0	726000.0	306360
48.973038	1.0	726000.0	306360
80.78555	1.0	726000.0	306360
88.47866	1.0	726000.0	306360
67.92682	1.0	726000.0	306360
84.709564	1.0	726000.0	306360
78.083694	1.0	726000.0	306360
95.83855	1.0	726000.0	306360
84.1975	1.0	726000.0	306360
54.435383	1.0	726000.0	306360
156.70557	1.0	726000.0	306360
103.595604	1.0	726000.0	306360
59.78003	1.0	726000.0	306360
40.32527	1.0	726000.0	306360
31.485765	1.0	726000.0	306360
56.104946	1.0	726000.0	306360
51.49351	1.0	726000.0	306360
115.74308	1.0	726000.0	306360
50.743713	1.0	726000.0	306360
107.69603	1.0	726000.0	306360
45.007217	1.0	726000.0	306360
23.399137	1.0	726000.0	306360
104.393684	1.0	726000.0	306360
52.136093	1.0	726000.0	306360
107.18478	1.0	726000.0	306360
45.312817	1.0	726000.0	306360
75.1874	1.0	726000.0	306360
47.364384	1.0	726000.0	306360
40.692356	1.0	726000.0	306360
30.086552	1.0	726000.0	306360
47.45217	1.0	726000.0	306360
105.89821	1.0	726000.0	306360
128.60622	1.0	726000.0	306360
55.99291	1.0	726000.0	306360
56.242516	1.0	726000.0	306360
66.21267	1.0	726000.0	306360
72.60451	1.0	726000.0	306360
62.82457	1.0	726000.0	306360
82.65972	1.0	726000.0	306360
49.38928	1.0	726000.0	306360
53.300488	1.0	726000.0	306360
85.16912	1.0	726000.0	306360
33.92321	1.0	726000.0	306360
39.353764	1.0	726000.0	306360
47.213203	1.0	726000.0	306360
49.841118	1.0	726000.0	306360
117.27683	1.0	726000.0	306360
96.95654	1.0	726000.0	306360
26.32276	1.0	726000.0	306360
156.39702	1.0	726000.0	306360
43.460106	1.0	726000.0	306360
46.88856	1.0	726000.0	306360
52.015297	1.0	726000.0	306360
70.853615	1.0	726000.0	306360
110.05304	1.0	726000.0	306360
93.37539	1.0	726000.0	306360
83.1922	1.0	726000.0	306360
21.852259	1.0	726000.0	306360
63.797977	1.0	726000.0	306360
29.850204	1.0	726000.0	306360
62.030422	1.0	726000.0	306360
63.130177	1.0	726000.0	306360
56.472874	1.0	726000.0	306360
137.91858	1.0	726000.0	306360
71.85976	1.0	726000.0	306360
40.600483	1.0	726000.0	306360
227.36052	1.0	726000.0	306360
68.70597	1.0	726000.0	306360
129.4211	1.0	726000.0	306360
63.858307	1.0	726000.0	306360
166.20856	1.0	726000.0	306360
36.001762	1.0	726000.0	306360
107.87495	1.0	726000.0	306360
55.18188	1.0	726000.0	306360
75.30552	1.0	726000.0	306360
106.74679	1.0	726000.0	306360
83.195366	1.0	726000.0	306360
50.509254	1.0	726000.0	306360
91.06099	1.0	726000.0	306360
82.4764	1.0	726000.0	306360
25.806936	1.0	726000.0	306360
61.79434	1.0	726000.0	306360
81.19583	1.0	726000.0	306360
100.729126	1.0	726000.0	306360
75.49051	1.0	726000.0	306360
126.14813	1.0	726000.0	306360
59.547474	1.0	726000.0	306360
94.19926	1.0	726000.0	306360
42.07122	1.0	726000.0	306360
59.858418	1.0	726000.0	306360
39.161034	1.0	726000.0	306360
144.33011	1.0	726000.0	306360
75.79977	1.0	726000.0	306360
56.4337	1.0	726000.0	306360
26.31296	1.0	726000.0	306360
89.40983	1.0	726000.0	306360
179.16519	1.0	726000.0	306360
77.17247	1.0	726000.0	306360
73.45103	1.0	726000.0	306360
80.20161	1.0	726000.0	306360
18.97522	1.0	726000.0	306360
52.89858	1.0	726000.0	306360
56.177704	1.0	726000.0	306360
42.80296	1.0	726000.0	306360
28.136576	1.0	726000.0	306360
33.934624	1.0	726000.0	306360
134.46664	1.0	726000.0	306360
40.484116	1.0	726000.0	306360
67.68085	1.0	726000.0	306360
50.289265	1.0	726000.0	306360
78.419334	1.0	726000.0	306360
57.52091	1.0	726000.0	306360
85.65385	1.0	726000.0	306360
38.444263	1.0	726000.0	306360
91.24391	1.0	726000.0	306360
89.289185	1.0	726000.0	306360
30.912628	1.0	726000.0	306360
44.80221	1.0	726000.0	306360
101.75051	1.0	726000.0	306360
43.870327	1.0	726000.0	306360
65.65053	1.0	726000.0	306360
91.11278	1.0	726000.0	306360
66.888214	1.0	726000.0	306360
69.6393	1.0	726000.0	306360
95.901245	1.0	726000.0	306360
84.34963	1.0	726000.0	306360
40.873177	1.0	726000.0	306360
38.466606	1.0	726000.0	306360
143.1765	1.0	726000.0	306360
71.64932	1.0	726000.0	306360
50.71042	1.0	726000.0	306360
41.33742	1.0	726000.0	306360
86.69757	1.0	726000.0	306360
67.86014	1.0	726000.0	306360
24.102686	1.0	726000.0	306360
43.495052	1.0	726000.0	306360
63.97002	1.0	726000.0	306360
60.844387	1.0	726000.0	306360
33.1699	1.0	726000.0	306360
45.05998	1.0	726000.0	306360
139.7069	1.0	726000.0	306360
79.47282	1.0	726000.0	306360
27.526587	1.0	726000.0	306360
51.03569	1.0	726000.0	306360
270.84763	1.0	726000.0	306360
41.564266	1.0	726000.0	306360
49.299747	1.0	726000.0	306360
115.435234	1.0	726000.0	306360
24.699366	1.0	726000.0	306360
85.70374	1.0	726000.0	306360
31.607946	1.0	726000.0	306360
67.3872	1.0	726000.0	306360
143.03842	1.0	726000.0	306360
61.96865	1.0	726000.0	306360
51.469048	1.0	726000.0	306360
104.16904	1.0	726000.0	306360
27.908966	1.0	726000.0	306360
79.88899	1.0	726000.0	306360
47.904236	1.0	726000.0	306360
68.32465	1.0	726000.0	306360
50.424187	1.0	726000.0	306360
101.153275	1.0	726000.0	306360
82.48442	1.0	726000.0	306360
75.85433	1.0	726000.0	306360
48.23601	1.0	726000.0	306360
74.78217	1.0	726000.0	306360
50.691154	1.0	726000.0	306360
116.71301	1.0	726000.0	306360
43.8012	1.0	726000.0	306360
29.294779	1.0	726000.0	306360
98.614136	1.0	726000.0	306360
56.168606	1.0	726000.0	306360
64.988266	1.0	726000.0	306360
70.06638	1.0	726000.0	306360
37.561115	1.0	726000.0	306360
47.3228	1.0	726000.0	306360
51.93536	1.0	726000.0	306360
31.205584	1.0	726000.0	306360
30.702042	1.0	726000.0	306360
89.36653	1.0	726000.0	306360
39.524	1.0	726000.0	306360
56.82864	1.0	726000.0	306360
352.40964	1.0	726000.0	306360
104.510994	1.0	726000.0	306360
74.34543	1.0	726000.0	306360
111.73898	1.0	726000.0	306360
63.77585	1.0	726000.0	306360
90.633675	1.0	726000.0	306360
75.74156	1.0	726000.0	306360
45.21418	1.0	726000.0	306360
39.739788	1.0	726000.0	306360
93.11201	1.0	726000.0	306360
63.087242	1.0	726000.0	306360
15.876961	1.0	726000.0	306360
159.59795	1.0	726000.0	306360
37.49786	1.0	726000.0	306360
62.56949	1.0	726000.0	306360
116.03707	1.0	726000.0	306360
38.45797	1.0	726000.0	306360
25.080769	1.0	726000.0	306360
45.83021	1.0	726000.0	306360
30.378204	1.0	726000.0	306360
39.24688	1.0	726000.0	306360
50.582188	1.0	726000.0	306360
58.911167	1.0	726000.0	306360
18.978218	1.0	726000.0	306360
93.126335	1.0	726000.0	306360
111.97038	1.0	726000.0	306360
47.973766	1.0	726000.0	306360
89.31228	1.0	726000.0	306360
84.22683	1.0	726000.0	306360
42.967728	1.0	726000.0	306360
176.19643	1.0	726000.0	306360
121.87947	1.0	726000.0	306360
26.783882	1.0	726000.0	306360
59.811268	1.0	726000.0	306360
32.990623	1.0	726000.0	306360
65.53089	1.0	726000.0	306360
88.3229	1.0	726000.0	306360
92.52796	1.0	726000.0	306360
65.68536	1.0	726000.0	306360
48.660435	1.0	726000.0	306360
138.5725	1.0	726000.0	306360
54.690655	1.0	726000.0	306360
63.453808	1.0	726000.0	306360
66.9405	1.0	726000.0	306360
124.65401	1.0	726000.0	306360
32.732063	1.0	726000.0	306360
115.08299	1.0	726000.0	306360
41.797604	1.0	726000.0	306360
59.637074	1.0	726000.0	306360
69.69009	1.0	726000.0	306360
105.95529	1.0	726000.0	306360
118.391335	1.0	726000.0	306360
50.77856	1.0	726000.0	306360
132.14137	1.0	726000.0	306360
69.37852	1.0	726000.0	306360
54.37038	1.0	726000.0	306360
83.21221	1.0	726000.0	306360
76.81987	1.0	726000.0	306360
36.158092	1.0	726000.0	306360
190.94797	1.0	726000.0	306360
42.470657	1.0	726000.0	306360
75.8168	1.0	726000.0	306360
63.058426	1.0	726000.0	306360
101.79492	1.0	726000.0	306360
55.129097	1.0	726000.0	306360
59.943035	1.0	726000.0	306360
40.29556	1.0	726000.0	306360
26.253017	1.0	726000.0	306360
41.656113	1.0	726000.0	306360
33.41711	1.0	726000.0	306360
86.11456	1.0	726000.0	306360
70.236115	1.0	726000.0	306360
30.91432	1.0	726000.0	306360
102.13833	1.0	726000.0	306360
48.27083	1.0	726000.0	306360
118.90554	1.0	726000.0	306360
195.76979	1.0	726000.0	306360
102.68334	1.0	726000.0	306360
81.74108	1.0	726000.0	306360
54.65365	1.0	726000.0	306360
67.922455	1.0	726000.0	306360
174.25333	1.0	726000.0	306360
72.04177	1.0	726000.0	306360
248.09601	1.0	726000.0	306360
144.37724	1.0	726000.0	306360
106.13246	1.0	726000.0	306360
132.44464	1.0	726000.0	306360
70.55704	1.0	726000.0	306360
27.459265	1.0	726000.0	306360
60.077362	1.0	726000.0	306360
66.52757	1.0	726000.0	306360
42.105896	1.0	726000.0	306360
89.31055	1.0	726000.0	306360
99.98573	1.0	726000.0	306360
66.71262	1.0	726000.0	306360
107.69429	1.0	726000.0	306360
121.46088	1.0	726000.0	306360
35.345642	1.0	726000.0	306360
103.13543	1.0	726000.0	306360
40.572124	1.0	726000.0	306360
44.330856	1.0	726000.0	306360
73.540016	1.0	726000.0	306360
20.300625	1.0	726000.0	306360
51.43308	1.0	726000.0	306360
52.880463	1.0	726000.0	306360
76.88135	1.0	726000.0	306360
60.204292	1.0	726000.0	306360
74.872215	1.0	726000.0	306360
28.610167	1.0	726000.0	306360
26.98197	1.0	726000.0	306360
52.691658	1.0	726000.0	306360
155.20898	1.0	726000.0	306360
83.39653	1.0	726000.0	306360
15.752318	1.0	726000.0	306360
54.181805	1.0	726000.0	306360
87.59412	1.0	726000.0	306360
116.32081	1.0	726000.0	306360
68.64623	1.0	726000.0	306360
69.43043	1.0	726000.0	306360
81.69469	1.0	726000.0	306360
42.9257	1.0	726000.0	306360
44.728546	1.0	726000.0	306360
99.252686	1.0	726000.0	306360
227.5173	1.0	726000.0	306360
118.93361	1.0	726000.0	306360
25.222675	1.0	726000.0	306360
75.90577	1.0	726000.0	306360
118.26516	1.0	726000.0	306360
55.275177	1.0	726000.0	306360
80.53119	1.0	726000.0	306360
41.030834	1.0	726000.0	306360
76.17773	1.0	726000.0	306360
62.30654	1.0	726000.0	306360
60.413296	1.0	726000.0	306360
162.69022	1.0	726000.0	306360
62.062077	1.0	726000.0	306360
36.57428	1.0	726000.0	306360
48.809364	1.0	726000.0	306360
55.008858	1.0	726000.0	306360
53.485428	1.0	726000.0	306360
178.66325	1.0	726000.0	306360
61.679787	1.0	726000.0	306360
36.46505	1.0	726000.0	306360
52.64865	1.0	726000.0	306360
184.29587	1.0	726000.0	306360
77.69515	1.0	726000.0	306360
104.96861	1.0	726000.0	306360
54.0529	1.0	726000.0	306360
63.398727	1.0	726000.0	306360
42.118523	1.0	726000.0	306360
56.064957	1.0	726000.0	306360
57.02856	1.0	726000.0	306360
68.58716	1.0	726000.0	306360
99.34903	1.0	726000.0	306360
73.19091	1.0	726000.0	306360
75.82274	1.0	726000.0	306360
67.30862	1.0	726000.0	306360
73.61123	1.0	726000.0	306360
110.15958	1.0	726000.0	306360
71.08356	1.0	726000.0	306360
53.413364	1.0	726000.0	306360
55.878296	1.0	726000.0	306360
190.7232	1.0	726000.0	306360
60.093872	1.0	726000.0	306360
19.894588	1.0	726000.0	306360
46.775204	1.0	726000.0	306360
49.760708	1.0	726000.0	306360
201.52733	1.0	726000.0	306360
44.467922	1.0	726000.0	306360
42.61995	1.0	726000.0	306360
42.052135	1.0	726000.0	306360
39.938583	1.0	726000.0	306360
68.47902	1.0	726000.0	306360
88.25563	1.0	726000.0	306360
90.6121	1.0	726000.0	306360
38.46566	1.0	726000.0	306360
52.672455	1.0	726000.0	306360
49.456608	1.0	726000.0	306360
63.344334	1.0	726000.0	306360
52.92934	1.0	726000.0	306360
34.26415	1.0	726000.0	306360
91.89864	1.0	726000.0	306360
49.175785	1.0	726000.0	306360
89.5994	1.0	726000.0	306360
49.55201	1.0	726000.0	306360
52.295654	1.0	726000.0	306360
108.027596	1.0	726000.0	306360
37.97928	1.0	726000.0	306360
40.573536	1.0	726000.0	306360
48.90789	1.0	726000.0	306360
33.554237	1.0	726000.0	306360
45.07745	1.0	726000.0	306360
73.362976	1.0	726000.0	306360
57.92619	1.0	726000.0	306360
85.92704	1.0	726000.0	306360
94.4842	1.0	726000.0	306360
81.39024	1.0	726000.0	306360
52.149773	1.0	726000.0	306360
30.82844	1.0	726000.0	306360
69.6445	1.0	726000.0	306360
110.231094	1.0	726000.0	306360
87.610794	1.0	726000.0	306360
35.13182	1.0	726000.0	306360
98.92948	1.0	726000.0	306360
75.43012	1.0	726000.0	306360
89.388336	1.0	726000.0	306360
83.931465	1.0	726000.0	306360
100.53938	1.0	726000.0	306360
64.076195	1.0	726000.0	306360
146.52061	1.0	726000.0	306360
25.366879	1.0	726000.0	306360
23.590334	1.0	726000.0	306360
45.06456	1.0	726000.0	306360
64.76846	1.0	726000.0	306360
43.59265	1.0	726000.0	306360
187.77838	1.0	726000.0	306360
71.1369	1.0	726000.0	306360
50.202347	1.0	726000.0	306360
103.24008	1.0	726000.0	306360
117.47092	1.0	726000.0	306360
31.295765	1.0	726000.0	306360
33.820072	1.0	726000.0	306360
120.30954	1.0	726000.0	306360
59.092823	1.0	726000.0	306360
69.568924	1.0	726000.0	306360
111.45442	1.0	726000.0	306360
81.68796	1.0	726000.0	306360
65.06783	1.0	726000.0	306360
74.10828	1.0	726000.0	306360
48.98256	1.0	726000.0	306360
51.25687	1.0	726000.0	306360
44.23823	1.0	726000.0	306360
77.99922	1.0	726000.0	306360
42.557873	1.0	726000.0	306360
97.84274	1.0	726000.0	306360
86.40648	1.0	726000.0	306360
51.75974	1.0	726000.0	306360
48.829197	1.0	726000.0	306360
65.192024	1.0	726000.0	306360
90.990135	1.0	726000.0	306360
67.6749	1.0	726000.0	306360
49.918137	1.0	726000.0	306360
84.62623	1.0	726000.0	306360
65.39779	1.0	726000.0	306360
98.80398	1.0	726000.0	306360
54.91719	1.0	726000.0	306360
66.3771	1.0	726000.0	306360
69.72963	1.0	726000.0	306360
33.18073	1.0	726000.0	306360
49.218384	1.0	726000.0	306360
26.659071	1.0	726000.0	306360
84.333084	1.0	726000.0	306360
140.40689	1.0	726000.0	306360
83.15771	1.0	726000.0	306360
38.31112	1.0	726000.0	306360
54.878242	1.0	726000.0	306360
20.447845	1.0	726000.0	306360
72.87131	1.0	726000.0	306360
58.647404	1.0	726000.0	306360
53.00661	1.0	726000.0	306360
171.05272	1.0	726000.0	306360
41.903263	1.0	726000.0	306360
57.55557	1.0	726000.0	306360
181.17773	1.0	726000.0	306360
79.07335	1.0	726000.0	306360
54.669376	1.0	726000.0	306360
86.16361	1.0	726000.0	306360
98.87598	1.0	726000.0	306360
38.190456	1.0	726000.0	306360
73.00693	1.0	726000.0	306360
134.69937	1.0	726000.0	306360
36.390896	1.0	726000.0	306360
49.505024	1.0	726000.0	306360
38.801937	1.0	726000.0	306360
86.78688	1.0	726000.0	306360
65.68233	1.0	726000.0	306360
53.166573	1.0	726000.0	306360
43.750374	1.0	726000.0	306360
84.53466	1.0	726000.0	306360
26.313272	1.0	726000.0	306360
49.74328	1.0	726000.0	306360
18.455587	1.0	726000.0	306360
25.723574	1.0	726000.0	306360
48.894356	1.0	726000.0	306360
69.98993	1.0	726000.0	306360
45.456657	1.0	726000.0	306360
233.59232	1.0	726000.0	306360
201.57643	1.0	726000.0	306360
224.8503	1.0	726000.0	306360
34.384064	1.0	726000.0	306360
75.97503	1.0	726000.0	306360
41.39594	1.0	726000.0	306360
91.76209	1.0	726000.0	306360
52.225876	1.0	726000.0	306360
40.997562	1.0	726000.0	306360
89.551285	1.0	726000.0	306360
60.133068	1.0	726000.0	306360
127.809006	1.0	726000.0	306360
103.594124	1.0	726000.0	306360
96.52979	1.0	726000.0	306360
370.58823	1.0	726000.0	306360
86.008354	1.0	726000.0	306360
143.99478	1.0	726000.0	306360
40.45999	1.0	726000.0	306360
176.2831	1.0	726000.0	306360
85.259766	1.0	726000.0	306360
139.75215	1.0	726000.0	306360
198.71324	1.0	726000.0	306360
36.860565	1.0	726000.0	306360
79.75335	1.0	726000.0	306360
33.1795	1.0	726000.0	306360
44.968925	1.0	726000.0	306360
117.3508	1.0	726000.0	306360
60.100937	1.0	726000.0	306360
56.964256	1.0	726000.0	306360
30.863148	1.0	726000.0	306360
34.989372	1.0	726000.0	306360
63.076546	1.0	726000.0	306360
37.30215	1.0	726000.0	306360
35.61739	1.0	726000.0	306360
25.090319	1.0	726000.0	306360
58.069107	1.0	726000.0	306360
78.97425	1.0	726000.0	306360
31.161255	1.0	726000.0	306360
55.681248	1.0	726000.0	306360
23.292831	1.0	726000.0	306360
147.36734	1.0	726000.0	306360
56.002678	1.0	726000.0	306360
32.070637	1.0	726000.0	306360
191.62466	1.0	726000.0	306360
59.101555	1.0	726000.0	306360
90.99638	1.0	726000.0	306360
27.318691	1.0	726000.0	306360
38.74348	1.0	726000.0	306360
51.961403	1.0	726000.0	306360
78.88663	1.0	726000.0	306360
32.105465	1.0	726000.0	306360
59.075775	1.0	726000.0	306360
54.066017	1.0	726000.0	306360
41.523743	1.0	726000.0	306360
29.070246	1.0	726000.0	306360
37.843006	1.0	726000.0	306360
65.88487	1.0	726000.0	306360
62.31499	1.0	726000.0	306360
82.965294	1.0	726000.0	306360
129.62865	1.0	726000.0	306360
69.85684	1.0	726000.0	306360
60.08089	1.0	726000.0	306360
281.7415	1.0	726000.0	306360
110.30881	1.0	726000.0	306360
93.078606	1.0	726000.0	306360
136.01303	1.0	726000.0	306360
92.144104	1.0	726000.0	306360
71.93548	1.0	726000.0	306360
80.2219	1.0	726000.0	306360
22.142532	1.0	726000.0	306360
26.338524	1.0	726000.0	306360
61.122036	1.0	726000.0	306360
33.488552	1.0	726000.0	306360
97.82205	1.0	726000.0	306360
43.186756	1.0	726000.0	306360
65.3052	1.0	726000.0	306360
143.21855	1.0	726000.0	306360
75.23181	1.0	726000.0	306360
97.02112	1.0	726000.0	306360
119.58097	1.0	726000.0	306360
80.31664	1.0	726000.0	306360
127.81499	1.0	726000.0	306360
151.84862	1.0	726000.0	306360
150.61365	1.0	726000.0	306360
99.771	1.0	726000.0	306360
53.90441	1.0	726000.0	306360
41.149986	1.0	726000.0	306360
48.455097	1.0	726000.0	306360
97.17659	1.0	726000.0	306360
56.038414	1.0	726000.0	306360
53.191174	1.0	726000.0	306360
53.781776	1.0	726000.0	306360
46.548763	1.0	726000.0	306360
56.157524	1.0	726000.0	306360
42.696213	1.0	726000.0	306360
75.34014	1.0	726000.0	306360
42.67147	1.0	726000.0	306360
46.485893	1.0	726000.0	306360
67.13017	1.0	726000.0	306360
109.823326	1.0	726000.0	306360
77.4959	1.0	726000.0	306360
101.548454	1.0	726000.0	306360
55.42474	1.0	726000.0	306360
41.10119	1.0	726000.0	306360
191.99452	1.0	726000.0	306360
62.83312	1.0	726000.0	306360
142.47581	1.0	726000.0	306360
190.34544	1.0	726000.0	306360
36.764282	1.0	726000.0	306360
65.73927	1.0	726000.0	306360
26.71284	1.0	726000.0	306360
99.26241	1.0	726000.0	306360
48.64402	1.0	726000.0	306360
46.25135	1.0	726000.0	306360
68.79311	1.0	726000.0	306360
93.41745	1.0	726000.0	306360
43.3627	1.0	726000.0	306360
45.40521	1.0	726000.0	306360
53.86899	1.0	726000.0	306360
48.116623	1.0	726000.0	306360
74.97696	1.0	726000.0	306360
44.96002	1.0	726000.0	306360
48.413734	1.0	726000.0	306360
97.661354	1.0	726000.0	306360
68.7732	1.0	726000.0	306360
74.27158	1.0	726000.0	306360
42.655434	1.0	726000.0	306360
96.36245	1.0	726000.0	306360
48.55555	1.0	726000.0	306360
38.972668	1.0	726000.0	306360
30.750664	1.0	726000.0	306360
131.23154	1.0	726000.0	306360
157.20251	1.0	726000.0	306360
71.36715	1.0	726000.0	306360
85.32938	1.0	726000.0	306360
104.706696	1.0	726000.0	306360
64.479385	1.0	726000.0	306360
66.5137	1.0	726000.0	306360
110.16308	1.0	726000.0	306360
104.53882	1.0	726000.0	306360
65.81785	1.0	726000.0	306360
39.25424	1.0	726000.0	306360
43.98656	1.0	726000.0	306360
76.15151	1.0	726000.0	306360
41.75451	1.0	726000.0	306360
50.11192	1.0	726000.0	306360
39.052456	1.0	726000.0	306360
54.88392	1.0	726000.0	306360
65.29966	1.0	726000.0	306360
72.23539	1.0	726000.0	306360
57.06867	1.0	726000.0	306360
73.07776	1.0	726000.0	306360
80.0611	1.0	726000.0	306360
85.35462	1.0	726000.0	306360
77.93997	1.0	726000.0	306360
98.846794	1.0	726000.0	306360
44.87861	1.0	726000.0	306360
58.553528	1.0	726000.0	306360
24.805279	1.0	726000.0	306360
34.941322	1.0	726000.0	306360
39.163433	1.0	726000.0	306360
99.94943	1.0	726000.0	306360
41.445404	1.0	726000.0	306360
32.60868	1.0	726000.0	306360
68.17693	1.0	726000.0	306360
92.23042	1.0	726000.0	306360
37.500134	1.0	726000.0	306360
83.96267	1.0	726000.0	306360
52.31961	1.0	726000.0	306360
118.60175	1.0	726000.0	306360
56.656376	1.0	726000.0	306360
32.995754	1.0	726000.0	306360
175.8309	1.0	726000.0	306360
71.81472	1.0	726000.0	306360
121.878525	1.0	726000.0	306360
161.75954	1.0	726000.0	306360
57.01348	1.0	726000.0	306360
63.59916	1.0	726000.0	306360
42.475574	1.0	726000.0	306360
67.36221	1.0	726000.0	306360
48.816956	1.0	726000.0	306360
43.45519	1.0	726000.0	306360
61.106678	1.0	726000.0	306360
64.5431	1.0	726000.0	306360
168.87341	1.0	726000.0	306360
39.556263	1.0	726000.0	306360
85.836624	1.0	726000.0	306360
41.864067	1.0	726000.0	306360
72.29338	1.0	726000.0	306360
57.719646	1.0	726000.0	306360
38.406292	1.0	726000.0	306360
102.69351	1.0	726000.0	306360
33.367256	1.0	726000.0	306360
31.580618	1.0	726000.0	306360
92.841324	1.0	726000.0	306360
57.761623	1.0	726000.0	306360
104.68946	1.0	726000.0	306360
81.12654	1.0	726000.0	306360
41.76526	1.0	726000.0	306360
37.08293	1.0	726000.0	306360
56.54327	1.0	726000.0	306360
158.55492	1.0	726000.0	306360
89.25034	1.0	726000.0	306360
43.598774	1.0	726000.0	306360
23.680075	1.0	726000.0	306360
42.081043	1.0	726000.0	306360
67.56188	1.0	726000.0	306360
79.65722	1.0	726000.0	306360
27.213068	1.0	726000.0	306360
82.51318	1.0	726000.0	306360
146.31537	1.0	726000.0	306360
176.71233	1.0	726000.0	306360
54.620754	1.0	726000.0	306360
42.727467	1.0	726000.0	306360
68.61123	1.0	726000.0	306360
31.427048	1.0	726000.0	306360
87.158516	1.0	726000.0	306360
57.93503	1.0	726000.0	306360
60.104275	1.0	726000.0	306360
84.177574	1.0	726000.0	306360
390.15317	1.0	726000.0	306360
33.093483	1.0	726000.0	306360
34.664783	1.0	726000.0	306360
163.3219	1.0	726000.0	306360
73.347206	1.0	726000.0	306360
33.828213	1.0	726000.0	306360
76.11686	1.0	726000.0	306360
36.261494	1.0	726000.0	306360
88.05846	1.0	726000.0	306360
39.085583	1.0	726000.0	306360
42.578133	1.0	726000.0	306360
57.242455	1.0	726000.0	306360
50.818497	1.0	726000.0	306360
76.34496	1.0	726000.0	306360
45.734074	1.0	726000.0	306360
111.012184	1.0	726000.0	306360
49.69241	1.0	726000.0	306360
43.55888	1.0	726000.0	306360
40.11106	1.0	726000.0	306360
312.17822	1.0	726000.0	306360
17.504827	1.0	726000.0	306360
65.93234	1.0	726000.0	306360
59.30169	1.0	726000.0	306360
29.754356	1.0	726000.0	306360
32.57329	1.0	726000.0	306360
56.88727	1.0	726000.0	306360
57.22568	1.0	726000.0	306360
26.979315	1.0	726000.0	306360
72.6022	1.0	726000.0	306360
114.78714	1.0	726000.0	306360
57.476044	1.0	726000.0	306360
216.9789	1.0	726000.0	306360
77.84497	1.0	726000.0	306360
80.5131	1.0	726000.0	306360
172.61282	1.0	726000.0	306360
63.746265	1.0	726000.0	306360
63.43703	1.0	726000.0	306360
91.17452	1.0	726000.0	306360
199.60892	1.0	726000.0	306360
74.17854	1.0	726000.0	306360
131.50784	1.0	726000.0	306360
194.52612	1.0	726000.0	306360
78.16395	1.0	726000.0	306360
56.270737	1.0	726000.0	306360
81.22749	1.0	726000.0	306360
101.27792	1.0	726000.0	306360
116.74883	1.0	726000.0	306360
31.006907	1.0	726000.0	306360
65.67427	1.0	726000.0	306360
92.99605	1.0	726000.0	306360
24.238703	1.0	726000.0	306360
69.2458	1.0	726000.0	306360
90.816414	1.0	726000.0	306360
52.832985	1.0	726000.0	306360
77.7283	1.0	726000.0	306360
58.814613	1.0	726000.0	306360
22.944407	1.0	726000.0	306360
89.80935	1.0	726000.0	306360
72.79324	1.0	726000.0	306360
52.490837	1.0	726000.0	306360
43.301083	1.0	726000.0	306360
49.283703	1.0	726000.0	306360
78.64358	1.0	726000.0	306360
46.076675	1.0	726000.0	306360
51.28162	1.0	726000.0	306360
63.243977	1.0	726000.0	306360
60.364918	1.0	726000.0	306360
83.558426	1.0	726000.0	306360
82.49895	1.0	726000.0	306360
69.14833	1.0	726000.0	306360
65.52203	1.0	726000.0	306360
66.211975	1.0	726000.0	306360
54.90192	1.0	726000.0	306360
91.9819	1.0	726000.0	306360
43.48753	1.0	726000.0	306360
33.68929	1.0	726000.0	306360
71.32622	1.0	726000.0	306360
243.29785	1.0	726000.0	306360
115.05729	1.0	726000.0	306360
62.840565	1.0	726000.0	306360
56.638805	1.0	726000.0	306360
79.45078	1.0	726000.0	306360
63.084747	1.0	726000.0	306360
46.506756	1.0	726000.0	306360
42.77822	1.0	726000.0	306360
15.353343	1.0	726000.0	306360
46.33807	1.0	726000.0	306360
24.606432	1.0	726000.0	306360
76.8855	1.0	726000.0	306360
72.36208	1.0	726000.0	306360
91.7227	1.0	726000.0	306360
186.57883	1.0	726000.0	306360
98.674286	1.0	726000.0	306360
132.23567	1.0	726000.0	306360
49.042755	1.0	726000.0	306360
44.400745	1.0	726000.0	306360
67.54479	1.0	726000.0	306360
31.673714	1.0	726000.0	306360
28.51658	1.0	726000.0	306360
72.098274	1.0	726000.0	306360
65.71445	1.0	726000.0	306360
86.16544	1.0	726000.0	306360
48.26377	1.0	726000.0	306360
312.9628	1.0	726000.0	306360
179.03943	1.0	726000.0	306360
63.139305	1.0	726000.0	306360
50.59073	1.0	726000.0	306360
131.36201	1.0	726000.0	306360
101.19357	1.0	726000.0	306360
99.77211	1.0	726000.0	306360
24.059965	1.0	726000.0	306360
58.076538	1.0	726000.0	306360
63.580486	1.0	726000.0	306360
50.67516	1.0	726000.0	306360
59.861362	1.0	726000.0	306360
135.4911	1.0	726000.0	306360
68.524086	1.0	726000.0	306360
129.73746	1.0	726000.0	306360
74.84063	1.0	726000.0	306360
42.292377	1.0	726000.0	306360
272.35724	1.0	726000.0	306360
29.11604	1.0	726000.0	306360
63.96744	1.0	726000.0	306360
115.9207	1.0	726000.0	306360
93.282295	1.0	726000.0	306360
95.40434	1.0	726000.0	306360
108.59465	1.0	726000.0	306360
52.545296	1.0	726000.0	306360
72.720215	1.0	726000.0	306360
83.63718	1.0	726000.0	306360
100.74882	1.0	726000.0	306360
45.534016	1.0	726000.0	306360
57.862946	1.0	726000.0	306360
48.12383	1.0	726000.0	306360
48.75922	1.0	726000.0	306360
84.04377	1.0	726000.0	306360
348.74414	1.0	726000.0	306360
75.00002	1.0	726000.0	306360
65.68515	1.0	726000.0	306360
185.32457	1.0	726000.0	306360
41.81037	1.0	726000.0	306360
48.008595	1.0	726000.0	306360
62.52407	1.0	726000.0	306360
79.235954	1.0	726000.0	306360
292.73114	1.0	726000.0	306360
53.588573	1.0	726000.0	306360
60.940445	1.0	726000.0	306360
79.753204	1.0	726000.0	306360
122.52222	1.0	726000.0	306360
23.2936	1.0	726000.0	306360
87.27508	1.0	726000.0	306360
25.118595	1.0	726000.0	306360
174.42378	1.0	726000.0	306360
90.285965	1.0	726000.0	306360
108.87309	1.0	726000.0	306360
120.2885	1.0	726000.0	306360
52.479168	1.0	726000.0	306360
209.66206	1.0	726000.0	306360
17.780905	1.0	726000.0	306360
21.94659	1.0	726000.0	306360
73.799164	1.0	726000.0	306360
73.28232	1.0	726000.0	306360
28.716686	1.0	726000.0	306360
37.366676	1.0	726000.0	306360
50.126923	1.0	726000.0	306360
60.766094	1.0	726000.0	306360
54.8317	1.0	726000.0	306360
24.915947	1.0	726000.0	306360
52.88963	1.0	726000.0	306360
125.43072	1.0	726000.0	306360
56.229027	1.0	726000.0	306360
24.618301	1.0	726000.0	306360
113.24622	1.0	726000.0	306360
61.49229	1.0	726000.0	306360
103.44795	1.0	726000.0	306360
209.57268	1.0	726000.0	306360
92.5883	1.0	726000.0	306360
49.43893	1.0	726000.0	306360
95.003365	1.0	726000.0	306360
135.61964	1.0	726000.0	306360
112.63731	1.0	726000.0	306360
148.69977	1.0	726000.0	306360
67.12013	1.0	726000.0	306360
39.08516	1.0	726000.0	306360
95.46796	1.0	726000.0	306360
48.510063	1.0	726000.0	306360
47.45151	1.0	726000.0	306360
39.265812	1.0	726000.0	306360
33.98525	1.0	726000.0	306360
54.311165	1.0	726000.0	306360
51.74851	1.0	726000.0	306360
16.920654	1.0	726000.0	306360
56.980034	1.0	726000.0	306360
127.268005	1.0	726000.0	306360
107.825386	1.0	726000.0	306360
36.8518	1.0	726000.0	306360
58.925644	1.0	726000.0	306360
22.99436	1.0	726000.0	306360
74.16479	1.0	726000.0	306360
127.66851	1.0	726000.0	306360
24.917946	1.0	726000.0	306360
52.814735	1.0	726000.0	306360
47.387627	1.0	726000.0	306360
66.556595	1.0	726000.0	306360
67.24535	1.0	726000.0	306360
41.60909	1.0	726000.0	306360
71.29203	1.0	726000.0	306360
64.23033	1.0	726000.0	306360
79.590866	1.0	726000.0	306360
76.322266	1.0	726000.0	306360
31.501463	1.0	726000.0	306360
139.70416	1.0	726000.0	306360
42.970177	1.0	726000.0	306360
111.01678	1.0	726000.0	306360
55.504177	1.0	726000.0	306360
45.84386	1.0	726000.0	306360
58.972553	1.0	726000.0	306360
66.1247	1.0	726000.0	306360
123.57788	1.0	726000.0	306360
82.89603	1.0	726000.0	306360
41.727394	1.0	726000.0	306360
41.68064	1.0	726000.0	306360
59.153503	1.0	726000.0	306360
47.683117	1.0	726000.0	306360
36.789185	1.0	726000.0	306360
111.195335	1.0	726000.0	306360
80.754524	1.0	726000.0	306360
49.21213	1.0	726000.0	306360
138.9211	1.0	726000.0	306360
56.385647	1.0	726000.0	306360
128.73697	1.0	726000.0	306360
214.81342	1.0	726000.0	306360
129.07808	1.0	726000.0	306360
156.13603	1.0	726000.0	306360
43.088573	1.0	726000.0	306360
202.9551	1.0	726000.0	306360
28.698748	1.0	726000.0	306360
73.59689	1.0	726000.0	306360
52.06018	1.0	726000.0	306360
167.96962	1.0	726000.0	306360
51.526386	1.0	726000.0	306360
39.1154	1.0	726000.0	306360
111.29245	1.0	726000.0	306360
50.20762	1.0	726000.0	306360
39.308865	1.0	726000.0	306360
27.941666	1.0	726000.0	306360
52.102863	1.0	726000.0	306360
112.125786	1.0	726000.0	306360
39.427258	1.0	726000.0	306360
37.724594	1.0	726000.0	306360
40.137074	1.0	726000.0	306360
87.686035	1.0	726000.0	306360
29.475082	1.0	726000.0	306360
127.64156	1.0	726000.0	306360
69.50692	1.0	726000.0	306360
26.27573	1.0	726000.0	306360
172.33876	1.0	726000.0	306360
109.22416	1.0	726000.0	306360
63.104855	1.0	726000.0	306360
76.9823	1.0	726000.0	306360
36.556934	1.0	726000.0	306360
44.145756	1.0	726000.0	306360
140.94708	1.0	726000.0	306360
76.98526	1.0	726000.0	306360
35.90791	1.0	726000.0	306360
63.864372	1.0	726000.0	306360
114.73903	1.0	726000.0	306360
70.85263	1.0	726000.0	306360
138.67796	1.0	726000.0	306360
193.49934	1.0	726000.0	306360
97.79656	1.0	726000.0	306360
74.56443	1.0	726000.0	306360
51.780113	1.0	726000.0	306360
34.117416	1.0	726000.0	306360
31.63399	1.0	726000.0	306360
53.636566	1.0	726000.0	306360
69.6617	1.0	726000.0	306360
56.676083	1.0	726000.0	306360
53.67683	1.0	726000.0	306360
60.7481	1.0	726000.0	306360
134.93106	1.0	726000.0	306360
89.668434	1.0	726000.0	306360
69.58383	1.0	726000.0	306360
42.6703	1.0	726000.0	306360
43.195587	1.0	726000.0	306360
23.692448	1.0	726000.0	306360
44.011517	1.0	726000.0	306360
39.76354	1.0	726000.0	306360
66.941055	1.0	726000.0	306360
33.05642	1.0	726000.0	306360
73.30246	1.0	726000.0	306360
97.399055	1.0	726000.0	306360
101.49385	1.0	726000.0	306360
28.571198	1.0	726000.0	306360
44.91762	1.0	726000.0	306360
74.68677	1.0	726000.0	306360
42.697735	1.0	726000.0	306360
79.4618	1.0	726000.0	306360
102.19281	1.0	726000.0	306360
98.72638	1.0	726000.0	306360
70.68429	1.0	726000.0	306360
95.04602	1.0	726000.0	306360
209.70114	1.0	726000.0	306360
86.20406	1.0	726000.0	306360
20.492374	1.0	726000.0	306360
96.05617	1.0	726000.0	306360
46.742847	1.0	726000.0	306360
36.558247	1.0	726000.0	306360
119.52338	1.0	726000.0	306360
57.12347	1.0	726000.0	306360
42.491352	1.0	726000.0	306360
31.934856	1.0	726000.0	306360
173.80804	1.0	726000.0	306360
57.547188	1.0	726000.0	306360
61.25661	1.0	726000.0	306360
54.40507	1.0	726000.0	306360
44.093452	1.0	726000.0	306360
42.959793	1.0	726000.0	306360
58.029354	1.0	726000.0	306360
45.18865	1.0	726000.0	306360
70.40331	1.0	726000.0	306360
167.12086	1.0	726000.0	306360
31.027044	1.0	726000.0	306360
62.150143	1.0	726000.0	306360
83.01695	1.0	726000.0	306360
56.41292	1.0	726000.0	306360
25.283447	1.0	726000.0	306360
94.41039	1.0	726000.0	306360
54.096867	1.0	726000.0	306360
38.184986	1.0	726000.0	306360
48.852844	1.0	726000.0	306360
247.95964	1.0	726000.0	306360
42.70872	1.0	726000.0	306360
122.02001	1.0	726000.0	306360
47.01327	1.0	726000.0	306360
60.13554	1.0	726000.0	306360
35.85705	1.0	726000.0	306360
75.56634	1.0	726000.0	306360
65.98068	1.0	726000.0	306360
31.554203	1.0	726000.0	306360
46.0031	1.0	726000.0	306360
117.67197	1.0	726000.0	306360
46.328396	1.0	726000.0	306360
48.204315	1.0	726000.0	306360
48.76125	1.0	726000.0	306360
42.504505	1.0	726000.0	306360
78.079285	1.0	726000.0	306360
68.00639	1.0	726000.0	306360
46.35425	1.0	726000.0	306360
100.64776	1.0	726000.0	306360
60.380013	1.0	726000.0	306360
109.90255	1.0	726000.0	306360
41.868404	1.0	726000.0	306360
53.060867	1.0	726000.0	306360
107.1696	1.0	726000.0	306360
84.28739	1.0	726000.0	306360
281.43997	1.0	726000.0	306360
132.65814	1.0	726000.0	306360
170.57584	1.0	726000.0	306360
24.62095	1.0	726000.0	306360
69.27544	1.0	726000.0	306360
63.14959	1.0	726000.0	306360
63.80117	1.0	726000.0	306360
57.005295	1.0	726000.0	306360
80.51012	1.0	726000.0	306360
29.550034	1.0	726000.0	306360
38.291294	1.0	726000.0	306360
112.97878	1.0	726000.0	306360
28.82608	1.0	726000.0	306360
56.80426	1.0	726000.0	306360
75.21626	1.0	726000.0	306360
44.422333	1.0	726000.0	306360
71.130325	1.0	726000.0	306360
61.722645	1.0	726000.0	306360
19.956465	1.0	726000.0	306360
86.49363	1.0	726000.0	306360
82.50988	1.0	726000.0	306360
41.429558	1.0	726000.0	306360
37.50069	1.0	726000.0	306360
47.56418	1.0	726000.0	306360
69.15651	1.0	726000.0	306360
45.606327	1.0	726000.0	306360
68.74557	1.0	726000.0	306360
24.402111	1.0	726000.0	306360
127.97072	1.0	726000.0	306360
130.2158	1.0	726000.0	306360
81.06608	1.0	726000.0	306360
82.24179	1.0	726000.0	306360
36.55649	1.0	726000.0	306360
35.592922	1.0	726000.0	306360
92.26893	1.0	726000.0	306360
68.25326	1.0	726000.0	306360
36.670845	1.0	726000.0	306360
70.746284	1.0	726000.0	306360
79.97581	1.0	726000.0	306360
79.163635	1.0	726000.0	306360
57.641193	1.0	726000.0	306360
39.868496	1.0	726000.0	306360
87.56138	1.0	726000.0	306360
107.62172	1.0	726000.0	306360
71.17988	1.0	726000.0	306360
93.36271	1.0	726000.0	306360
36.575012	1.0	726000.0	306360
53.043743	1.0	726000.0	306360
72.245544	1.0	726000.0	306360
130.77267	1.0	726000.0	306360
110.63915	1.0	726000.0	306360
62.192604	1.0	726000.0	306360
45.38262	1.0	726000.0	306360
110.12294	1.0	726000.0	306360
63.97802	1.0	726000.0	306360
57.101517	1.0	726000.0	306360
97.01617	1.0	726000.0	306360
59.46082	1.0	726000.0	306360
60.870445	1.0	726000.0	306360
42.496815	1.0	726000.0	306360
94.575424	1.0	726000.0	306360
43.088318	1.0	726000.0	306360
89.43851	1.0	726000.0	306360
76.154655	1.0	726000.0	306360
67.72477	1.0	726000.0	306360
102.56819	1.0	726000.0	306360
58.682556	1.0	726000.0	306360
47.528442	1.0	726000.0	306360
79.057526	1.0	726000.0	306360
84.98071	1.0	726000.0	306360
53.344948	1.0	726000.0	306360
30.01672	1.0	726000.0	306360
81.0222	1.0	726000.0	306360
52.340633	1.0	726000.0	306360
28.617455	1.0	726000.0	306360
88.41006	1.0	726000.0	306360
66.453224	1.0	726000.0	306360
78.506905	1.0	726000.0	306360
52.105953	1.0	726000.0	306360
26.687328	1.0	726000.0	306360
66.228676	1.0	726000.0	306360
47.11071	1.0	726000.0	306360
75.42311	1.0	726000.0	306360
51.700836	1.0	726000.0	306360
136.45302	1.0	726000.0	306360
62.532764	1.0	726000.0	306360
49.833256	1.0	726000.0	306360
128.86827	1.0	726000.0	306360
67.13265	1.0	726000.0	306360
79.383835	1.0	726000.0	306360
26.7256	1.0	726000.0	306360
39.35077	1.0	726000.0	306360
32.248775	1.0	726000.0	306360
48.522522	1.0	726000.0	306360
67.07129	1.0	726000.0	306360
97.66231	1.0	726000.0	306360
71.8548	1.0	726000.0	306360
75.92234	1.0	726000.0	306360
127.96318	1.0	726000.0	306360
85.982895	1.0	726000.0	306360
117.38012	1.0	726000.0	306360
73.87626	1.0	726000.0	306360
73.7584	1.0	726000.0	306360
44.7768	1.0	726000.0	306360
121.993126	1.0	726000.0	306360
32.41837	1.0	726000.0	306360
103.70465	1.0	726000.0	306360
84.40288	1.0	726000.0	306360
362.3745	1.0	726000.0	306360
83.049545	1.0	726000.0	306360
46.197365	1.0	726000.0	306360
233.95638	1.0	726000.0	306360
52.177296	1.0	726000.0	306360
42.61157	1.0	726000.0	306360
118.857475	1.0	726000.0	306360
53.87115	1.0	726000.0	306360
150.47574	1.0	726000.0	306360
69.73309	1.0	726000.0	306360
60.478786	1.0	726000.0	306360
49.70117	1.0	726000.0	306360
61.349396	1.0	726000.0	306360
39.51669	1.0	726000.0	306360
53.00311	1.0	726000.0	306360
53.433807	1.0	726000.0	306360
48.447815	1.0	726000.0	306360
36.644535	1.0	726000.0	306360
50.727875	1.0	726000.0	306360
114.24565	1.0	726000.0	306360
172.11034	1.0	726000.0	306360
70.75211	1.0	726000.0	306360
106.73934	1.0	726000.0	306360
121.4068	1.0	726000.0	306360
31.578203	1.0	726000.0	306360
35.55524	1.0	726000.0	306360
69.01199	1.0	726000.0	306360
88.90897	1.0	726000.0	306360
66.24124	1.0	726000.0	306360
62.96097	1.0	726000.0	306360
149.02805	1.0	726000.0	306360
88.809166	1.0	726000.0	306360
51.06258	1.0	726000.0	306360
173.7063	1.0	726000.0	306360
71.73436	1.0	726000.0	306360
54.537647	1.0	726000.0	306360
80.4738	1.0	726000.0	306360
41.783417	1.0	726000.0	306360
154.0091	1.0	726000.0	306360
53.23838	1.0	726000.0	306360
32.05317	1.0	726000.0	306360
124.95634	1.0	726000.0	306360
51.5813	1.0	726000.0	306360
34.41202	1.0	726000.0	306360
45.754524	1.0	726000.0	306360
122.8901	1.0	726000.0	306360
106.49334	1.0	726000.0	306360
23.732	1.0	726000.0	306360
100.45846	1.0	726000.0	306360
58.53976	1.0	726000.0	306360
101.65008	1.0	726000.0	306360
55.50927	1.0	726000.0	306360
47.991413	1.0	726000.0	306360
65.1481	1.0	726000.0	306360
32.78505	1.0	726000.0	306360
19.442507	1.0	726000.0	306360
75.70177	1.0	726000.0	306360
70.25684	1.0	726000.0	306360
60.723972	1.0	726000.0	306360
75.74291	1.0	726000.0	306360
116.05791	1.0	726000.0	306360
135.41019	1.0	726000.0	306360
78.71727	1.0	726000.0	306360
62.725876	1.0	726000.0	306360
49.15535	1.0	726000.0	306360
64.582954	1.0	726000.0	306360
135.07286	1.0	726000.0	306360
50.984386	1.0	726000.0	306360
87.48095	1.0	726000.0	306360
54.444374	1.0	726000.0	306360
108.36041	1.0	726000.0	306360
30.967777	1.0	726000.0	306360
58.108353	1.0	726000.0	306360
197.51353	1.0	726000.0	306360
59.32174	1.0	726000.0	306360
47.651688	1.0	726000.0	306360
64.81118	1.0	726000.0	306360
73.62537	1.0	726000.0	306360
87.55698	1.0	726000.0	306360
45.474827	1.0	726000.0	306360
36.440018	1.0	726000.0	306360
171.89626	1.0	726000.0	306360
81.54919	1.0	726000.0	306360
22.738808	1.0	726000.0	306360
47.343937	1.0	726000.0	306360
75.976074	1.0	726000.0	306360
80.212204	1.0	726000.0	306360
29.014967	1.0	726000.0	306360
52.627895	1.0	726000.0	306360
165.29007	1.0	726000.0	306360
155.35358	1.0	726000.0	306360
65.32964	1.0	726000.0	306360
81.100945	1.0	726000.0	306360
107.09743	1.0	726000.0	306360
35.58303	1.0	726000.0	306360
143.76672	1.0	726000.0	306360
48.640087	1.0	726000.0	306360
81.58911	1.0	726000.0	306360
42.16878	1.0	726000.0	306360
74.40332	1.0	726000.0	306360
30.201456	1.0	726000.0	306360
64.25742	1.0	726000.0	306360
45.200394	1.0	726000.0	306360
87.85294	1.0	726000.0	306360
88.14857	1.0	726000.0	306360
144.25522	1.0	726000.0	306360
60.46784	1.0	726000.0	306360
56.25932	1.0	726000.0	306360
199.63461	1.0	726000.0	306360
81.90941	1.0	726000.0	306360
144.7078	1.0	726000.0	306360
76.762886	1.0	726000.0	306360
196.07289	1.0	726000.0	306360
132.1051	1.0	726000.0	306360
40.37249	1.0	726000.0	306360
193.05077	1.0	726000.0	306360
208.04868	1.0	726000.0	306360
63.417633	1.0	726000.0	306360
118.954765	1.0	726000.0	306360
73.93345	1.0	726000.0	306360
70.81327	1.0	726000.0	306360
81.42985	1.0	726000.0	306360
75.14793	1.0	726000.0	306360
59.012215	1.0	726000.0	306360
48.81178	1.0	726000.0	306360
36.66954	1.0	726000.0	306360
57.623363	1.0	726000.0	306360
49.61963	1.0	726000.0	306360
142.53001	1.0	726000.0	306360
110.9148	1.0	726000.0	306360
43.35336	1.0	726000.0	306360
73.09005	1.0	726000.0	306360
56.73034	1.0	726000.0	306360
24.566101	1.0	726000.0	306360
57.21678	1.0	726000.0	306360
82.35295	1.0	726000.0	306360
146.8936	1.0	726000.0	306360
54.03154	1.0	726000.0	306360
69.68386	1.0	726000.0	306360
84.414246	1.0	726000.0	306360
32.609406	1.0	726000.0	306360
138.28624	1.0	726000.0	306360
72.81587	1.0	726000.0	306360
42.306885	1.0	726000.0	306360
45.978497	1.0	726000.0	306360
90.76657	1.0	726000.0	306360
80.555	1.0	726000.0	306360
31.943132	1.0	726000.0	306360
153.0522	1.0	726000.0	306360
35.451923	1.0	726000.0	306360
68.98188	1.0	726000.0	306360
57.666077	1.0	726000.0	306360
29.979544	1.0	726000.0	306360
20.348013	1.0	726000.0	306360
106.06135	1.0	726000.0	306360
119.15065	1.0	726000.0	306360
111.42854	1.0	726000.0	306360
57.9748	1.0	726000.0	306360
142.40604	1.0	726000.0	306360
63.12559	1.0	726000.0	306360
45.358078	1.0	726000.0	306360
81.694565	1.0	726000.0	306360
46.17117	1.0	726000.0	306360
29.74441	1.0	726000.0	306360
34.6425	1.0	726000.0	306360
110.34604	1.0	726000.0	306360
86.757645	1.0	726000.0	306360
54.487743	1.0	726000.0	306360
120.57501	1.0	726000.0	306360
85.24475	1.0	726000.0	306360
29.165176	1.0	726000.0	306360
42.0446	1.0	726000.0	306360
112.669785	1.0	726000.0	306360
50.802486	1.0	726000.0	306360
54.371998	1.0	726000.0	306360
48.838684	1.0	726000.0	306360
24.838444	1.0	726000.0	306360
41.70466	1.0	726000.0	306360
37.620213	1.0	726000.0	306360
142.01624	1.0	726000.0	306360
57.005894	1.0	726000.0	306360
104.87871	1.0	726000.0	306360
124.113464	1.0	726000.0	306360
16.233892	1.0	726000.0	306360
42.994762	1.0	726000.0	306360
99.669586	1.0	726000.0	306360
75.30429	1.0	726000.0	306360
63.288803	1.0	726000.0	306360
27.364697	1.0	726000.0	306360
41.13986	1.0	726000.0	306360
29.3399	1.0	726000.0	306360
94.715614	1.0	726000.0	306360
45.411446	1.0	726000.0	306360
57.25156	1.0	726000.0	306360
87.503815	1.0	726000.0	306360
60.559025	1.0	726000.0	306360
44.31596	1.0	726000.0	306360
62.583733	1.0	726000.0	306360
117.68509	1.0	726000.0	306360
47.331158	1.0	726000.0	306360
27.955814	1.0	726000.0	306360
99.508255	1.0	726000.0	306360
125.204895	1.0	726000.0	306360
62.020412	1.0	726000.0	306360
41.345673	1.0	726000.0	306360
64.47186	1.0	726000.0	306360
28.510101	1.0	726000.0	306360
37.333458	1.0	726000.0	306360
95.86513	1.0	726000.0	306360
146.864	1.0	726000.0	306360
35.584583	1.0	726000.0	306360
216.50243	1.0	726000.0	306360
56.74153	1.0	726000.0	306360
31.354176	1.0	726000.0	306360
97.545975	1.0	726000.0	306360
39.929276	1.0	726000.0	306360
35.72134	1.0	726000.0	306360
86.43806	1.0	726000.0	306360
96.12319	1.0	726000.0	306360
120.631775	1.0	726000.0	306360
98.87949	1.0	726000.0	306360
27.855976	1.0	726000.0	306360
69.63347	1.0	726000.0	306360
63.630234	1.0	726000.0	306360
55.856045	1.0	726000.0	306360
73.32226	1.0	726000.0	306360
52.46781	1.0	726000.0	306360
120.24654	1.0	726000.0	306360
27.908998	1.0	726000.0	306360
36.23168	1.0	726000.0	306360
46.696022	1.0	726000.0	306360
90.80138	1.0	726000.0	306360
142.15244	1.0	726000.0	306360
34.92707	1.0	726000.0	306360
90.43358	1.0	726000.0	306360
52.80511	1.0	726000.0	306360
50.397575	1.0	726000.0	306360
55.034435	1.0	726000.0	306360
54.95083	1.0	726000.0	306360
110.94859	1.0	726000.0	306360
47.778034	1.0	726000.0	306360
45.875126	1.0	726000.0	306360
176.77193	1.0	726000.0	306360
52.797157	1.0	726000.0	306360
77.58579	1.0	726000.0	306360
56.042038	1.0	726000.0	306360
76.39691	1.0	726000.0	306360
57.098972	1.0	726000.0	306360
44.66021	1.0	726000.0	306360
62.06725	1.0	726000.0	306360
157.24443	1.0	726000.0	306360
131.63446	1.0	726000.0	306360
66.96174	1.0	726000.0	306360
54.516727	1.0	726000.0	306360
78.60043	1.0	726000.0	306360
100.649796	1.0	726000.0	306360
167.4558	1.0	726000.0	306360
31.391766	1.0	726000.0	306360
46.24433	1.0	726000.0	306360
153.51596	1.0	726000.0	306360
103.85828	1.0	726000.0	306360
154.6305	1.0	726000.0	306360
42.134235	1.0	726000.0	306360
76.19298	1.0	726000.0	306360
80.16761	1.0	726000.0	306360
176.9556	1.0	726000.0	306360
88.22975	1.0	726000.0	306360
57.244095	1.0	726000.0	306360
30.954144	1.0	726000.0	306360
45.281185	1.0	726000.0	306360
42.14066	1.0	726000.0	306360
51.55679	1.0	726000.0	306360
74.0296	1.0	726000.0	306360
157.1175	1.0	726000.0	306360
52.267563	1.0	726000.0	306360
80.063354	1.0	726000.0	306360
42.565517	1.0	726000.0	306360
87.182175	1.0	726000.0	306360
75.74161	1.0	726000.0	306360
99.11897	1.0	726000.0	306360
62.053894	1.0	726000.0	306360
35.327522	1.0	726000.0	306360
92.00532	1.0	726000.0	306360
141.05583	1.0	726000.0	306360
30.246557	1.0	726000.0	306360
96.9244	1.0	726000.0	306360
55.420853	1.0	726000.0	306360
75.80029	1.0	726000.0	306360
41.202824	1.0	726000.0	306360
179.12415	1.0	726000.0	306360
121.192375	1.0	726000.0	306360
171.55592	1.0	726000.0	306360
82.338165	1.0	726000.0	306360
54.07168	1.0	726000.0	306360
158.51765	1.0	726000.0	306360
46.896767	1.0	726000.0	306360
71.77372	1.0	726000.0	306360
76.87334	1.0	726000.0	306360
176.95367	1.0	726000.0	306360
48.269554	1.0	726000.0	306360
91.977615	1.0	726000.0	306360
56.43234	1.0	726000.0	306360
106.86592	1.0	726000.0	306360
44.348057	1.0	726000.0	306360
247.95285	1.0	726000.0	306360
77.12962	1.0	726000.0	306360
88.353	1.0	726000.0	306360
80.899376	1.0	726000.0	306360
166.18317	1.0	726000.0	306360
40.963444	1.0	726000.0	306360
57.223286	1.0	726000.0	306360
31.54588	1.0	726000.0	306360
22.495346	1.0	726000.0	306360
76.84132	1.0	726000.0	306360
80.856514	1.0	726000.0	306360
137.49867	1.0	726000.0	306360
32.25955	1.0	726000.0	306360
29.964128	1.0	726000.0	306360
87.47014	1.0	726000.0	306360
86.07062	1.0	726000.0	306360
83.97879	1.0	726000.0	306360
127.60289	1.0	726000.0	306360
54.51374	1.0	726000.0	306360
25.216337	1.0	726000.0	306360
50.9038	1.0	726000.0	306360
63.04509	1.0	726000.0	306360
66.157166	1.0	726000.0	306360
76.85087	1.0	726000.0	306360
124.679344	1.0	726000.0	306360
44.80231	1.0	726000.0	306360
91.25288	1.0	726000.0	306360
71.220116	1.0	726000.0	306360
91.11496	1.0	726000.0	306360
38.343266	1.0	726000.0	306360
69.10458	1.0	726000.0	306360
61.03304	1.0	726000.0	306360
41.44497	1.0	726000.0	306360
126.14897	1.0	726000.0	306360
69.942535	1.0	726000.0	306360
60.731712	1.0	726000.0	306360
48.640675	1.0	726000.0	306360
51.7772	1.0	726000.0	306360
38.4701	1.0	726000.0	306360
24.66893	1.0	726000.0	306360
161.83537	1.0	726000.0	306360
59.73698	1.0	726000.0	306360
77.03495	1.0	726000.0	306360
59.773575	1.0	726000.0	306360
40.208683	1.0	726000.0	306360
76.418434	1.0	726000.0	306360
45.633984	1.0	726000.0	306360
114.32784	1.0	726000.0	306360
53.992115	1.0	726000.0	306360
151.85025	1.0	726000.0	306360
127.398	1.0	726000.0	306360
76.02266	1.0	726000.0	306360
81.629326	1.0	726000.0	306360
26.754442	1.0	726000.0	306360
42.424442	1.0	726000.0	306360
77.19319	1.0	726000.0	306360
63.856297	1.0	726000.0	306360
25.680998	1.0	726000.0	306360
72.53078	1.0	726000.0	306360
84.984085	1.0	726000.0	306360
91.03123	1.0	726000.0	306360
240.06789	1.0	726000.0	306360
44.10614	1.0	726000.0	306360
64.27648	1.0	726000.0	306360
81.02951	1.0	726000.0	306360
96.47117	1.0	726000.0	306360
42.675457	1.0	726000.0	306360
60.771725	1.0	726000.0	306360
23.459862	1.0	726000.0	306360
57.744995	1.0	726000.0	306360
85.88548	1.0	726000.0	306360
34.737755	1.0	726000.0	306360
87.39599	1.0	726000.0	306360
74.15063	1.0	726000.0	306360
60.92716	1.0	726000.0	306360
53.36153	1.0	726000.0	306360
34.19191	1.0	726000.0	306360
28.587528	1.0	726000.0	306360
92.10279	1.0	726000.0	306360
152.20276	1.0	726000.0	306360
75.130196	1.0	726000.0	306360
62.274208	1.0	726000.0	306360
45.990986	1.0	726000.0	306360
99.150536	1.0	726000.0	306360
73.636955	1.0	726000.0	306360
75.39014	1.0	726000.0	306360
31.854204	1.0	726000.0	306360
71.3663	1.0	726000.0	306360
89.739265	1.0	726000.0	306360
97.918236	1.0	726000.0	306360
84.740814	1.0	726000.0	306360
62.01843	1.0	726000.0	306360
144.19698	1.0	726000.0	306360
199.65979	1.0	726000.0	306360
73.643295	1.0	726000.0	306360
32.262634	1.0	726000.0	306360
51.686417	1.0	726000.0	306360
154.44678	1.0	726000.0	306360
77.8389	1.0	726000.0	306360
56.737804	1.0	726000.0	306360
115.48849	1.0	726000.0	306360
41.408012	1.0	726000.0	306360
20.5545	1.0	726000.0	306360
44.65876	1.0	726000.0	306360
29.186222	1.0	726000.0	306360
109.57793	1.0	726000.0	306360
