lep_pt	genWeights	sumWeight	N_exp
61.25841	1.0	1046225.0	173880
67.385666	1.0	1046225.0	173880
294.87317	1.0	1046225.0	173880
137.68414	1.0	1046225.0	173880
57.809788	1.0	1046225.0	173880
351.17416	1.0	1046225.0	173880
50.502655	1.0	1046225.0	173880
125.28313	1.0	1046225.0	173880
309.82468	1.0	1046225.0	173880
344.6847	1.0	1046225.0	173880
126.83788	1.0	1046225.0	173880
86.11712	1.0	1046225.0	173880
120.32634	1.0	1046225.0	173880
105.1523	1.0	1046225.0	173880
159.51709	1.0	1046225.0	173880
445.41687	1.0	1046225.0	173880
378.56033	1.0	1046225.0	173880
76.7049	1.0	1046225.0	173880
58.894787	1.0	1046225.0	173880
112.29925	1.0	1046225.0	173880
80.01715	1.0	1046225.0	173880
121.838	1.0	1046225.0	173880
365.087	1.0	1046225.0	173880
163.2933	1.0	1046225.0	173880
354.5123	1.0	1046225.0	173880
68.31094	1.0	1046225.0	173880
135.75043	1.0	1046225.0	173880
155.53198	1.0	1046225.0	173880
56.303257	1.0	1046225.0	173880
131.10353	1.0	1046225.0	173880
291.6164	1.0	1046225.0	173880
115.55741	1.0	1046225.0	173880
72.68994	1.0	1046225.0	173880
75.49215	1.0	1046225.0	173880
304.8349	1.0	1046225.0	173880
54.92316	1.0	1046225.0	173880
83.91108	1.0	1046225.0	173880
146.59299	1.0	1046225.0	173880
89.40257	1.0	1046225.0	173880
72.30559	1.0	1046225.0	173880
416.95853	1.0	1046225.0	173880
252.97906	1.0	1046225.0	173880
124.15777	1.0	1046225.0	173880
78.930725	1.0	1046225.0	173880
227.34009	1.0	1046225.0	173880
384.7122	1.0	1046225.0	173880
163.1247	1.0	1046225.0	173880
347.7018	1.0	1046225.0	173880
588.8245	1.0	1046225.0	173880
342.7529	1.0	1046225.0	173880
278.4015	1.0	1046225.0	173880
57.953144	1.0	1046225.0	173880
373.14926	1.0	1046225.0	173880
217.50566	1.0	1046225.0	173880
193.6161	1.0	1046225.0	173880
371.64413	1.0	1046225.0	173880
145.17845	1.0	1046225.0	173880
136.57114	1.0	1046225.0	173880
225.12758	1.0	1046225.0	173880
99.021126	1.0	1046225.0	173880
84.00225	1.0	1046225.0	173880
153.03017	1.0	1046225.0	173880
281.1828	1.0	1046225.0	173880
71.52633	1.0	1046225.0	173880
161.03076	1.0	1046225.0	173880
241.1088	1.0	1046225.0	173880
37.55838	1.0	1046225.0	173880
321.12112	1.0	1046225.0	173880
69.80261	1.0	1046225.0	173880
65.983536	1.0	1046225.0	173880
187.62976	1.0	1046225.0	173880
258.13455	1.0	1046225.0	173880
123.48417	1.0	1046225.0	173880
216.29121	1.0	1046225.0	173880
61.784046	1.0	1046225.0	173880
270.6931	1.0	1046225.0	173880
185.73558	1.0	1046225.0	173880
194.77266	1.0	1046225.0	173880
124.774864	1.0	1046225.0	173880
75.57952	1.0	1046225.0	173880
160.78464	1.0	1046225.0	173880
80.40407	1.0	1046225.0	173880
74.310875	1.0	1046225.0	173880
96.049126	1.0	1046225.0	173880
33.99248	1.0	1046225.0	173880
263.05212	1.0	1046225.0	173880
59.493137	1.0	1046225.0	173880
143.39148	1.0	1046225.0	173880
64.15183	1.0	1046225.0	173880
108.81744	1.0	1046225.0	173880
452.31964	1.0	1046225.0	173880
75.99739	1.0	1046225.0	173880
415.83115	1.0	1046225.0	173880
251.99133	1.0	1046225.0	173880
88.39075	1.0	1046225.0	173880
334.34558	1.0	1046225.0	173880
81.50292	1.0	1046225.0	173880
298.47153	1.0	1046225.0	173880
188.47174	1.0	1046225.0	173880
85.53601	1.0	1046225.0	173880
142.56403	1.0	1046225.0	173880
717.6035	1.0	1046225.0	173880
32.568863	1.0	1046225.0	173880
117.103516	1.0	1046225.0	173880
69.350586	1.0	1046225.0	173880
424.69946	1.0	1046225.0	173880
152.76459	1.0	1046225.0	173880
637.08984	1.0	1046225.0	173880
370.6195	1.0	1046225.0	173880
42.887554	1.0	1046225.0	173880
266.18665	1.0	1046225.0	173880
506.68192	1.0	1046225.0	173880
67.68926	1.0	1046225.0	173880
125.96266	1.0	1046225.0	173880
43.35008	1.0	1046225.0	173880
219.94087	1.0	1046225.0	173880
176.08669	1.0	1046225.0	173880
261.118	1.0	1046225.0	173880
79.01381	1.0	1046225.0	173880
562.3983	1.0	1046225.0	173880
119.346725	1.0	1046225.0	173880
237.41707	1.0	1046225.0	173880
82.20409	1.0	1046225.0	173880
95.75638	1.0	1046225.0	173880
238.63739	1.0	1046225.0	173880
52.745163	1.0	1046225.0	173880
269.7617	1.0	1046225.0	173880
109.94409	1.0	1046225.0	173880
190.05824	1.0	1046225.0	173880
203.01736	1.0	1046225.0	173880
235.46063	1.0	1046225.0	173880
589.3425	1.0	1046225.0	173880
82.22205	1.0	1046225.0	173880
141.82162	1.0	1046225.0	173880
202.50642	1.0	1046225.0	173880
177.93524	1.0	1046225.0	173880
413.72415	1.0	1046225.0	173880
393.0051	1.0	1046225.0	173880
43.00234	1.0	1046225.0	173880
149.50882	1.0	1046225.0	173880
198.54465	1.0	1046225.0	173880
471.8138	1.0	1046225.0	173880
72.02774	1.0	1046225.0	173880
97.68152	1.0	1046225.0	173880
57.357594	1.0	1046225.0	173880
59.411404	1.0	1046225.0	173880
120.937004	1.0	1046225.0	173880
169.37143	1.0	1046225.0	173880
483.84857	1.0	1046225.0	173880
198.65454	1.0	1046225.0	173880
102.99786	1.0	1046225.0	173880
143.14693	1.0	1046225.0	173880
75.32315	1.0	1046225.0	173880
80.8749	1.0	1046225.0	173880
206.30772	1.0	1046225.0	173880
341.86923	1.0	1046225.0	173880
288.57285	1.0	1046225.0	173880
120.21779	1.0	1046225.0	173880
302.65167	1.0	1046225.0	173880
155.01631	1.0	1046225.0	173880
176.5234	1.0	1046225.0	173880
39.127666	1.0	1046225.0	173880
135.55028	1.0	1046225.0	173880
105.82778	1.0	1046225.0	173880
70.696495	1.0	1046225.0	173880
506.98062	1.0	1046225.0	173880
161.39488	1.0	1046225.0	173880
277.22116	1.0	1046225.0	173880
134.37308	1.0	1046225.0	173880
318.32217	1.0	1046225.0	173880
121.600006	1.0	1046225.0	173880
152.56645	1.0	1046225.0	173880
143.08476	1.0	1046225.0	173880
248.07718	1.0	1046225.0	173880
137.55984	1.0	1046225.0	173880
253.51695	1.0	1046225.0	173880
391.0599	1.0	1046225.0	173880
133.16579	1.0	1046225.0	173880
162.49707	1.0	1046225.0	173880
64.822365	1.0	1046225.0	173880
89.02978	1.0	1046225.0	173880
153.9777	1.0	1046225.0	173880
68.76977	1.0	1046225.0	173880
469.81427	1.0	1046225.0	173880
116.651764	1.0	1046225.0	173880
144.61716	1.0	1046225.0	173880
41.764107	1.0	1046225.0	173880
101.62964	1.0	1046225.0	173880
50.99964	1.0	1046225.0	173880
470.23666	1.0	1046225.0	173880
101.32805	1.0	1046225.0	173880
218.00159	1.0	1046225.0	173880
416.22482	1.0	1046225.0	173880
326.27036	1.0	1046225.0	173880
235.69832	1.0	1046225.0	173880
61.741	1.0	1046225.0	173880
438.59967	1.0	1046225.0	173880
386.16238	1.0	1046225.0	173880
63.33778	1.0	1046225.0	173880
397.49384	1.0	1046225.0	173880
128.15791	1.0	1046225.0	173880
44.963673	1.0	1046225.0	173880
108.02537	1.0	1046225.0	173880
131.54813	1.0	1046225.0	173880
98.85096	1.0	1046225.0	173880
762.91626	1.0	1046225.0	173880
83.14676	1.0	1046225.0	173880
301.06625	1.0	1046225.0	173880
412.65356	1.0	1046225.0	173880
89.418884	1.0	1046225.0	173880
140.54932	1.0	1046225.0	173880
437.6988	1.0	1046225.0	173880
137.7737	1.0	1046225.0	173880
344.5831	1.0	1046225.0	173880
86.589836	1.0	1046225.0	173880
74.85785	1.0	1046225.0	173880
53.441727	1.0	1046225.0	173880
67.19381	1.0	1046225.0	173880
48.444603	1.0	1046225.0	173880
67.690674	1.0	1046225.0	173880
80.68579	1.0	1046225.0	173880
248.49942	1.0	1046225.0	173880
190.45471	1.0	1046225.0	173880
92.91072	1.0	1046225.0	173880
653.2453	1.0	1046225.0	173880
215.4344	1.0	1046225.0	173880
85.8284	1.0	1046225.0	173880
126.8269	1.0	1046225.0	173880
108.311745	1.0	1046225.0	173880
59.43465	1.0	1046225.0	173880
123.551636	1.0	1046225.0	173880
172.55818	1.0	1046225.0	173880
196.92686	1.0	1046225.0	173880
251.66772	1.0	1046225.0	173880
214.41745	1.0	1046225.0	173880
94.693344	1.0	1046225.0	173880
218.56392	1.0	1046225.0	173880
245.21722	1.0	1046225.0	173880
151.64429	1.0	1046225.0	173880
76.99051	1.0	1046225.0	173880
33.113823	1.0	1046225.0	173880
139.4473	1.0	1046225.0	173880
76.06822	1.0	1046225.0	173880
56.31713	1.0	1046225.0	173880
650.203	1.0	1046225.0	173880
240.09074	1.0	1046225.0	173880
99.51625	1.0	1046225.0	173880
61.612522	1.0	1046225.0	173880
255.50659	1.0	1046225.0	173880
228.9488	1.0	1046225.0	173880
200.99501	1.0	1046225.0	173880
148.60786	1.0	1046225.0	173880
220.6798	1.0	1046225.0	173880
201.86876	1.0	1046225.0	173880
79.210205	1.0	1046225.0	173880
37.88937	1.0	1046225.0	173880
56.089577	1.0	1046225.0	173880
254.3433	1.0	1046225.0	173880
61.904125	1.0	1046225.0	173880
414.97968	1.0	1046225.0	173880
116.08497	1.0	1046225.0	173880
374.09824	1.0	1046225.0	173880
60.51522	1.0	1046225.0	173880
191.99782	1.0	1046225.0	173880
201.35808	1.0	1046225.0	173880
141.8727	1.0	1046225.0	173880
91.62987	1.0	1046225.0	173880
509.07327	1.0	1046225.0	173880
452.64532	1.0	1046225.0	173880
238.40945	1.0	1046225.0	173880
68.89405	1.0	1046225.0	173880
118.69469	1.0	1046225.0	173880
57.54122	1.0	1046225.0	173880
47.58857	1.0	1046225.0	173880
377.61188	1.0	1046225.0	173880
144.68887	1.0	1046225.0	173880
98.703636	1.0	1046225.0	173880
75.46764	1.0	1046225.0	173880
195.01526	1.0	1046225.0	173880
46.778446	1.0	1046225.0	173880
123.797104	1.0	1046225.0	173880
174.59229	1.0	1046225.0	173880
85.71781	1.0	1046225.0	173880
77.87407	1.0	1046225.0	173880
100.64544	1.0	1046225.0	173880
95.24658	1.0	1046225.0	173880
77.11351	1.0	1046225.0	173880
207.41147	1.0	1046225.0	173880
59.953564	1.0	1046225.0	173880
87.35314	1.0	1046225.0	173880
37.661568	1.0	1046225.0	173880
79.80005	1.0	1046225.0	173880
230.95601	1.0	1046225.0	173880
122.458496	1.0	1046225.0	173880
202.9809	1.0	1046225.0	173880
89.56241	1.0	1046225.0	173880
60.821148	1.0	1046225.0	173880
123.1191	1.0	1046225.0	173880
64.3819	1.0	1046225.0	173880
85.38182	1.0	1046225.0	173880
532.2789	1.0	1046225.0	173880
39.16169	1.0	1046225.0	173880
70.71308	1.0	1046225.0	173880
54.361645	1.0	1046225.0	173880
266.20697	1.0	1046225.0	173880
94.940636	1.0	1046225.0	173880
226.47618	1.0	1046225.0	173880
103.484245	1.0	1046225.0	173880
178.62073	1.0	1046225.0	173880
69.50662	1.0	1046225.0	173880
284.90222	1.0	1046225.0	173880
215.86348	1.0	1046225.0	173880
463.64563	1.0	1046225.0	173880
72.27721	1.0	1046225.0	173880
215.89438	1.0	1046225.0	173880
508.49286	1.0	1046225.0	173880
69.38	1.0	1046225.0	173880
135.4028	1.0	1046225.0	173880
355.901	1.0	1046225.0	173880
329.8059	1.0	1046225.0	173880
51.36254	1.0	1046225.0	173880
139.5092	1.0	1046225.0	173880
236.2738	1.0	1046225.0	173880
114.087776	1.0	1046225.0	173880
73.43659	1.0	1046225.0	173880
127.95551	1.0	1046225.0	173880
49.922886	1.0	1046225.0	173880
128.61618	1.0	1046225.0	173880
119.873474	1.0	1046225.0	173880
73.77458	1.0	1046225.0	173880
263.43527	1.0	1046225.0	173880
62.809925	1.0	1046225.0	173880
70.6868	1.0	1046225.0	173880
160.84749	1.0	1046225.0	173880
56.818844	1.0	1046225.0	173880
72.18173	1.0	1046225.0	173880
184.23367	1.0	1046225.0	173880
77.651566	1.0	1046225.0	173880
218.24998	1.0	1046225.0	173880
167.95033	1.0	1046225.0	173880
426.17416	1.0	1046225.0	173880
254.59624	1.0	1046225.0	173880
162.96082	1.0	1046225.0	173880
109.820854	1.0	1046225.0	173880
133.84036	1.0	1046225.0	173880
97.14166	1.0	1046225.0	173880
45.89473	1.0	1046225.0	173880
154.2797	1.0	1046225.0	173880
425.21667	1.0	1046225.0	173880
386.76108	1.0	1046225.0	173880
282.555	1.0	1046225.0	173880
121.44937	1.0	1046225.0	173880
69.858574	1.0	1046225.0	173880
60.63975	1.0	1046225.0	173880
164.94487	1.0	1046225.0	173880
233.49786	1.0	1046225.0	173880
103.31271	1.0	1046225.0	173880
84.18123	1.0	1046225.0	173880
159.88014	1.0	1046225.0	173880
339.70602	1.0	1046225.0	173880
103.545074	1.0	1046225.0	173880
229.83598	1.0	1046225.0	173880
78.07786	1.0	1046225.0	173880
243.29382	1.0	1046225.0	173880
169.74437	1.0	1046225.0	173880
52.878372	1.0	1046225.0	173880
152.79007	1.0	1046225.0	173880
268.67545	1.0	1046225.0	173880
247.38647	1.0	1046225.0	173880
316.86853	1.0	1046225.0	173880
241.931	1.0	1046225.0	173880
82.119934	1.0	1046225.0	173880
63.625637	1.0	1046225.0	173880
65.20908	1.0	1046225.0	173880
124.74639	1.0	1046225.0	173880
80.48543	1.0	1046225.0	173880
93.65392	1.0	1046225.0	173880
657.7489	1.0	1046225.0	173880
446.1506	1.0	1046225.0	173880
109.3759	1.0	1046225.0	173880
115.139244	1.0	1046225.0	173880
144.18788	1.0	1046225.0	173880
357.2765	1.0	1046225.0	173880
51.90164	1.0	1046225.0	173880
411.34048	1.0	1046225.0	173880
158.49435	1.0	1046225.0	173880
141.97057	1.0	1046225.0	173880
438.89206	1.0	1046225.0	173880
83.489746	1.0	1046225.0	173880
94.18504	1.0	1046225.0	173880
459.2827	1.0	1046225.0	173880
355.3678	1.0	1046225.0	173880
46.623325	1.0	1046225.0	173880
100.94689	1.0	1046225.0	173880
73.15551	1.0	1046225.0	173880
291.79657	1.0	1046225.0	173880
189.16653	1.0	1046225.0	173880
84.015884	1.0	1046225.0	173880
82.91395	1.0	1046225.0	173880
170.33244	1.0	1046225.0	173880
233.90016	1.0	1046225.0	173880
190.18263	1.0	1046225.0	173880
39.58741	1.0	1046225.0	173880
114.342125	1.0	1046225.0	173880
48.83234	1.0	1046225.0	173880
106.08389	1.0	1046225.0	173880
94.71623	1.0	1046225.0	173880
140.03241	1.0	1046225.0	173880
78.14618	1.0	1046225.0	173880
102.660706	1.0	1046225.0	173880
96.51559	1.0	1046225.0	173880
216.99606	1.0	1046225.0	173880
238.02582	1.0	1046225.0	173880
36.823296	1.0	1046225.0	173880
154.69218	1.0	1046225.0	173880
295.45847	1.0	1046225.0	173880
271.10052	1.0	1046225.0	173880
383.91748	1.0	1046225.0	173880
256.74945	1.0	1046225.0	173880
65.976654	1.0	1046225.0	173880
152.58568	1.0	1046225.0	173880
100.52474	1.0	1046225.0	173880
144.47128	1.0	1046225.0	173880
138.08794	1.0	1046225.0	173880
145.51686	1.0	1046225.0	173880
48.918808	1.0	1046225.0	173880
59.18845	1.0	1046225.0	173880
172.90665	1.0	1046225.0	173880
139.30522	1.0	1046225.0	173880
72.46174	1.0	1046225.0	173880
52.861485	1.0	1046225.0	173880
57.666317	1.0	1046225.0	173880
85.0424	1.0	1046225.0	173880
55.8493	1.0	1046225.0	173880
63.103138	1.0	1046225.0	173880
205.82327	1.0	1046225.0	173880
112.318985	1.0	1046225.0	173880
223.69426	1.0	1046225.0	173880
239.72499	1.0	1046225.0	173880
238.69357	1.0	1046225.0	173880
120.71918	1.0	1046225.0	173880
386.05624	1.0	1046225.0	173880
73.45267	1.0	1046225.0	173880
175.91475	1.0	1046225.0	173880
61.909492	1.0	1046225.0	173880
125.599915	1.0	1046225.0	173880
124.11962	1.0	1046225.0	173880
109.88448	1.0	1046225.0	173880
171.10533	1.0	1046225.0	173880
237.08008	1.0	1046225.0	173880
258.9016	1.0	1046225.0	173880
114.24604	1.0	1046225.0	173880
464.13766	1.0	1046225.0	173880
168.57191	1.0	1046225.0	173880
160.31497	1.0	1046225.0	173880
336.0625	1.0	1046225.0	173880
587.65735	1.0	1046225.0	173880
22.342634	1.0	1046225.0	173880
477.24915	1.0	1046225.0	173880
161.93163	1.0	1046225.0	173880
58.51261	1.0	1046225.0	173880
65.75593	1.0	1046225.0	173880
44.627804	1.0	1046225.0	173880
148.0105	1.0	1046225.0	173880
60.144146	1.0	1046225.0	173880
431.3457	1.0	1046225.0	173880
500.63113	1.0	1046225.0	173880
242.44923	1.0	1046225.0	173880
73.0407	1.0	1046225.0	173880
334.7044	1.0	1046225.0	173880
66.72241	1.0	1046225.0	173880
134.02281	1.0	1046225.0	173880
53.553116	1.0	1046225.0	173880
104.201515	1.0	1046225.0	173880
77.21825	1.0	1046225.0	173880
169.77428	1.0	1046225.0	173880
108.010506	1.0	1046225.0	173880
337.0579	1.0	1046225.0	173880
155.58261	1.0	1046225.0	173880
44.772205	1.0	1046225.0	173880
425.62793	1.0	1046225.0	173880
105.359535	1.0	1046225.0	173880
73.5497	1.0	1046225.0	173880
75.50227	1.0	1046225.0	173880
166.60849	1.0	1046225.0	173880
124.76704	1.0	1046225.0	173880
48.332268	1.0	1046225.0	173880
293.154	1.0	1046225.0	173880
120.228226	1.0	1046225.0	173880
312.43256	1.0	1046225.0	173880
211.29175	1.0	1046225.0	173880
333.98587	1.0	1046225.0	173880
37.992367	1.0	1046225.0	173880
124.6722	1.0	1046225.0	173880
45.08055	1.0	1046225.0	173880
158.30602	1.0	1046225.0	173880
572.40247	1.0	1046225.0	173880
192.40677	1.0	1046225.0	173880
185.52534	1.0	1046225.0	173880
354.79996	1.0	1046225.0	173880
74.04322	1.0	1046225.0	173880
383.2343	1.0	1046225.0	173880
60.86649	1.0	1046225.0	173880
266.93234	1.0	1046225.0	173880
362.29608	1.0	1046225.0	173880
188.90091	1.0	1046225.0	173880
185.40932	1.0	1046225.0	173880
80.32363	1.0	1046225.0	173880
58.0104	1.0	1046225.0	173880
61.0554	1.0	1046225.0	173880
79.667046	1.0	1046225.0	173880
97.56995	1.0	1046225.0	173880
107.4858	1.0	1046225.0	173880
200.55301	1.0	1046225.0	173880
329.2308	1.0	1046225.0	173880
120.29708	1.0	1046225.0	173880
499.05484	1.0	1046225.0	173880
256.2166	1.0	1046225.0	173880
116.35592	1.0	1046225.0	173880
72.24391	1.0	1046225.0	173880
189.49547	1.0	1046225.0	173880
90.16875	1.0	1046225.0	173880
84.17697	1.0	1046225.0	173880
63.699333	1.0	1046225.0	173880
179.10542	1.0	1046225.0	173880
161.61371	1.0	1046225.0	173880
129.57864	1.0	1046225.0	173880
76.48441	1.0	1046225.0	173880
205.05038	1.0	1046225.0	173880
100.71021	1.0	1046225.0	173880
177.94704	1.0	1046225.0	173880
40.801247	1.0	1046225.0	173880
544.1324	1.0	1046225.0	173880
561.46436	1.0	1046225.0	173880
125.86563	1.0	1046225.0	173880
87.33716	1.0	1046225.0	173880
53.044735	1.0	1046225.0	173880
125.22337	1.0	1046225.0	173880
196.10495	1.0	1046225.0	173880
107.50179	1.0	1046225.0	173880
338.43237	1.0	1046225.0	173880
93.2212	1.0	1046225.0	173880
436.92035	1.0	1046225.0	173880
251.89505	1.0	1046225.0	173880
74.0456	1.0	1046225.0	173880
191.27728	1.0	1046225.0	173880
121.32753	1.0	1046225.0	173880
190.12723	1.0	1046225.0	173880
204.17459	1.0	1046225.0	173880
101.909	1.0	1046225.0	173880
150.61963	1.0	1046225.0	173880
236.8815	1.0	1046225.0	173880
75.18283	1.0	1046225.0	173880
86.29138	1.0	1046225.0	173880
186.01534	1.0	1046225.0	173880
105.84753	1.0	1046225.0	173880
576.11096	1.0	1046225.0	173880
106.91185	1.0	1046225.0	173880
549.3194	1.0	1046225.0	173880
75.13804	1.0	1046225.0	173880
158.78322	1.0	1046225.0	173880
80.58714	1.0	1046225.0	173880
579.0929	1.0	1046225.0	173880
65.92089	1.0	1046225.0	173880
99.11505	1.0	1046225.0	173880
160.03429	1.0	1046225.0	173880
134.05522	1.0	1046225.0	173880
47.574577	1.0	1046225.0	173880
278.45352	1.0	1046225.0	173880
93.306	1.0	1046225.0	173880
135.9538	1.0	1046225.0	173880
139.02953	1.0	1046225.0	173880
133.68938	1.0	1046225.0	173880
115.20989	1.0	1046225.0	173880
202.36676	1.0	1046225.0	173880
96.48649	1.0	1046225.0	173880
110.05884	1.0	1046225.0	173880
306.86282	1.0	1046225.0	173880
134.53186	1.0	1046225.0	173880
438.15814	1.0	1046225.0	173880
81.15624	1.0	1046225.0	173880
101.94508	1.0	1046225.0	173880
126.386086	1.0	1046225.0	173880
52.49543	1.0	1046225.0	173880
164.51306	1.0	1046225.0	173880
201.29666	1.0	1046225.0	173880
133.18701	1.0	1046225.0	173880
201.56023	1.0	1046225.0	173880
500.74487	1.0	1046225.0	173880
420.2671	1.0	1046225.0	173880
40.78293	1.0	1046225.0	173880
181.04317	1.0	1046225.0	173880
481.1468	1.0	1046225.0	173880
54.20839	1.0	1046225.0	173880
55.061745	1.0	1046225.0	173880
298.73868	1.0	1046225.0	173880
209.81065	1.0	1046225.0	173880
101.43258	1.0	1046225.0	173880
318.2524	1.0	1046225.0	173880
170.25311	1.0	1046225.0	173880
208.47833	1.0	1046225.0	173880
226.43681	1.0	1046225.0	173880
79.3349	1.0	1046225.0	173880
78.57543	1.0	1046225.0	173880
127.04074	1.0	1046225.0	173880
196.7426	1.0	1046225.0	173880
263.42538	1.0	1046225.0	173880
112.65923	1.0	1046225.0	173880
153.92908	1.0	1046225.0	173880
364.08344	1.0	1046225.0	173880
71.625916	1.0	1046225.0	173880
189.75401	1.0	1046225.0	173880
421.51974	1.0	1046225.0	173880
110.709854	1.0	1046225.0	173880
235.6352	1.0	1046225.0	173880
138.32452	1.0	1046225.0	173880
85.97419	1.0	1046225.0	173880
106.01693	1.0	1046225.0	173880
320.32373	1.0	1046225.0	173880
465.8461	1.0	1046225.0	173880
208.27545	1.0	1046225.0	173880
80.63011	1.0	1046225.0	173880
123.75837	1.0	1046225.0	173880
104.26969	1.0	1046225.0	173880
41.535248	1.0	1046225.0	173880
93.55171	1.0	1046225.0	173880
40.35464	1.0	1046225.0	173880
59.002922	1.0	1046225.0	173880
62.460022	1.0	1046225.0	173880
341.96292	1.0	1046225.0	173880
55.782787	1.0	1046225.0	173880
221.81268	1.0	1046225.0	173880
132.59549	1.0	1046225.0	173880
71.21558	1.0	1046225.0	173880
570.8327	1.0	1046225.0	173880
173.69164	1.0	1046225.0	173880
255.25146	1.0	1046225.0	173880
253.16887	1.0	1046225.0	173880
168.82538	1.0	1046225.0	173880
140.82065	1.0	1046225.0	173880
173.80467	1.0	1046225.0	173880
46.950684	1.0	1046225.0	173880
98.71433	1.0	1046225.0	173880
62.340206	1.0	1046225.0	173880
255.73479	1.0	1046225.0	173880
122.01635	1.0	1046225.0	173880
155.78146	1.0	1046225.0	173880
70.162254	1.0	1046225.0	173880
116.812775	1.0	1046225.0	173880
330.84665	1.0	1046225.0	173880
199.17542	1.0	1046225.0	173880
61.941338	1.0	1046225.0	173880
45.380215	1.0	1046225.0	173880
50.57816	1.0	1046225.0	173880
64.44457	1.0	1046225.0	173880
91.387726	1.0	1046225.0	173880
238.42404	1.0	1046225.0	173880
47.88481	1.0	1046225.0	173880
84.88464	1.0	1046225.0	173880
98.067696	1.0	1046225.0	173880
123.541824	1.0	1046225.0	173880
265.19385	1.0	1046225.0	173880
193.6245	1.0	1046225.0	173880
278.7524	1.0	1046225.0	173880
91.56136	1.0	1046225.0	173880
78.56354	1.0	1046225.0	173880
131.40456	1.0	1046225.0	173880
70.18214	1.0	1046225.0	173880
90.76808	1.0	1046225.0	173880
130.86938	1.0	1046225.0	173880
93.62209	1.0	1046225.0	173880
235.48718	1.0	1046225.0	173880
97.10733	1.0	1046225.0	173880
62.196003	1.0	1046225.0	173880
77.88624	1.0	1046225.0	173880
58.65436	1.0	1046225.0	173880
68.55989	1.0	1046225.0	173880
174.4591	1.0	1046225.0	173880
143.25519	1.0	1046225.0	173880
395.58774	1.0	1046225.0	173880
230.68462	1.0	1046225.0	173880
205.55815	1.0	1046225.0	173880
130.73047	1.0	1046225.0	173880
129.90742	1.0	1046225.0	173880
31.920422	1.0	1046225.0	173880
89.46956	1.0	1046225.0	173880
117.88121	1.0	1046225.0	173880
100.409744	1.0	1046225.0	173880
213.152	1.0	1046225.0	173880
483.30865	1.0	1046225.0	173880
70.236206	1.0	1046225.0	173880
85.976944	1.0	1046225.0	173880
220.76743	1.0	1046225.0	173880
54.244415	1.0	1046225.0	173880
177.62843	1.0	1046225.0	173880
199.93178	1.0	1046225.0	173880
137.12949	1.0	1046225.0	173880
144.00627	1.0	1046225.0	173880
59.44558	1.0	1046225.0	173880
217.11383	1.0	1046225.0	173880
80.88308	1.0	1046225.0	173880
275.46118	1.0	1046225.0	173880
83.842964	1.0	1046225.0	173880
107.692894	1.0	1046225.0	173880
242.64233	1.0	1046225.0	173880
98.37682	1.0	1046225.0	173880
63.149647	1.0	1046225.0	173880
202.52383	1.0	1046225.0	173880
432.43237	1.0	1046225.0	173880
151.47987	1.0	1046225.0	173880
124.28429	1.0	1046225.0	173880
508.70688	1.0	1046225.0	173880
164.57553	1.0	1046225.0	173880
514.58044	1.0	1046225.0	173880
114.724014	1.0	1046225.0	173880
84.20239	1.0	1046225.0	173880
43.474327	1.0	1046225.0	173880
116.56542	1.0	1046225.0	173880
152.86954	1.0	1046225.0	173880
92.71956	1.0	1046225.0	173880
116.381836	1.0	1046225.0	173880
85.61471	1.0	1046225.0	173880
134.79167	1.0	1046225.0	173880
501.02814	1.0	1046225.0	173880
288.33755	1.0	1046225.0	173880
147.20064	1.0	1046225.0	173880
303.12936	1.0	1046225.0	173880
174.44586	1.0	1046225.0	173880
69.39471	1.0	1046225.0	173880
343.6624	1.0	1046225.0	173880
117.18643	1.0	1046225.0	173880
442.1705	1.0	1046225.0	173880
364.5616	1.0	1046225.0	173880
97.30715	1.0	1046225.0	173880
367.91864	1.0	1046225.0	173880
105.24515	1.0	1046225.0	173880
464.10138	1.0	1046225.0	173880
130.62639	1.0	1046225.0	173880
124.61801	1.0	1046225.0	173880
185.38188	1.0	1046225.0	173880
71.16179	1.0	1046225.0	173880
318.0359	1.0	1046225.0	173880
65.3957	1.0	1046225.0	173880
343.50906	1.0	1046225.0	173880
215.08322	1.0	1046225.0	173880
187.45688	1.0	1046225.0	173880
157.9361	1.0	1046225.0	173880
64.277664	1.0	1046225.0	173880
260.87814	1.0	1046225.0	173880
88.23698	1.0	1046225.0	173880
222.92892	1.0	1046225.0	173880
63.80861	1.0	1046225.0	173880
87.24745	1.0	1046225.0	173880
403.65305	1.0	1046225.0	173880
178.47072	1.0	1046225.0	173880
185.67789	1.0	1046225.0	173880
592.47406	1.0	1046225.0	173880
534.41296	1.0	1046225.0	173880
199.43555	1.0	1046225.0	173880
114.84687	1.0	1046225.0	173880
97.99093	1.0	1046225.0	173880
141.4413	1.0	1046225.0	173880
176.11974	1.0	1046225.0	173880
97.96294	1.0	1046225.0	173880
62.868076	1.0	1046225.0	173880
262.07468	1.0	1046225.0	173880
77.28391	1.0	1046225.0	173880
96.05489	1.0	1046225.0	173880
133.5196	1.0	1046225.0	173880
299.26398	1.0	1046225.0	173880
102.74057	1.0	1046225.0	173880
133.44778	1.0	1046225.0	173880
186.64972	1.0	1046225.0	173880
88.34732	1.0	1046225.0	173880
103.152985	1.0	1046225.0	173880
500.81393	1.0	1046225.0	173880
149.53004	1.0	1046225.0	173880
584.0716	1.0	1046225.0	173880
73.99844	1.0	1046225.0	173880
464.90555	1.0	1046225.0	173880
48.125214	1.0	1046225.0	173880
63.63886	1.0	1046225.0	173880
103.40754	1.0	1046225.0	173880
335.63544	1.0	1046225.0	173880
127.41972	1.0	1046225.0	173880
169.37311	1.0	1046225.0	173880
172.78906	1.0	1046225.0	173880
234.8628	1.0	1046225.0	173880
71.16673	1.0	1046225.0	173880
417.1841	1.0	1046225.0	173880
280.24536	1.0	1046225.0	173880
158.32516	1.0	1046225.0	173880
92.83169	1.0	1046225.0	173880
364.25677	1.0	1046225.0	173880
281.5459	1.0	1046225.0	173880
334.18793	1.0	1046225.0	173880
149.68219	1.0	1046225.0	173880
202.40758	1.0	1046225.0	173880
89.45265	1.0	1046225.0	173880
56.828686	1.0	1046225.0	173880
542.19385	1.0	1046225.0	173880
136.59557	1.0	1046225.0	173880
101.647865	1.0	1046225.0	173880
497.23608	1.0	1046225.0	173880
597.79724	1.0	1046225.0	173880
403.19104	1.0	1046225.0	173880
353.17172	1.0	1046225.0	173880
92.29586	1.0	1046225.0	173880
139.80777	1.0	1046225.0	173880
313.63977	1.0	1046225.0	173880
82.82034	1.0	1046225.0	173880
69.10931	1.0	1046225.0	173880
84.01453	1.0	1046225.0	173880
180.93294	1.0	1046225.0	173880
128.50041	1.0	1046225.0	173880
99.167274	1.0	1046225.0	173880
46.427025	1.0	1046225.0	173880
268.26892	1.0	1046225.0	173880
63.801067	1.0	1046225.0	173880
63.207386	1.0	1046225.0	173880
135.43185	1.0	1046225.0	173880
288.76642	1.0	1046225.0	173880
163.15839	1.0	1046225.0	173880
187.94879	1.0	1046225.0	173880
105.08461	1.0	1046225.0	173880
230.73952	1.0	1046225.0	173880
172.50926	1.0	1046225.0	173880
216.98888	1.0	1046225.0	173880
334.24802	1.0	1046225.0	173880
421.79044	1.0	1046225.0	173880
271.52512	1.0	1046225.0	173880
154.89302	1.0	1046225.0	173880
63.62111	1.0	1046225.0	173880
108.20578	1.0	1046225.0	173880
273.4805	1.0	1046225.0	173880
53.9105	1.0	1046225.0	173880
139.50775	1.0	1046225.0	173880
176.86066	1.0	1046225.0	173880
136.71281	1.0	1046225.0	173880
636.8393	1.0	1046225.0	173880
249.63774	1.0	1046225.0	173880
56.684868	1.0	1046225.0	173880
129.80516	1.0	1046225.0	173880
95.063416	1.0	1046225.0	173880
164.40192	1.0	1046225.0	173880
110.54795	1.0	1046225.0	173880
221.06007	1.0	1046225.0	173880
96.81728	1.0	1046225.0	173880
185.42075	1.0	1046225.0	173880
180.23532	1.0	1046225.0	173880
64.63106	1.0	1046225.0	173880
94.17852	1.0	1046225.0	173880
71.03527	1.0	1046225.0	173880
82.475555	1.0	1046225.0	173880
244.6057	1.0	1046225.0	173880
121.835075	1.0	1046225.0	173880
140.21829	1.0	1046225.0	173880
645.62054	1.0	1046225.0	173880
167.35667	1.0	1046225.0	173880
105.075584	1.0	1046225.0	173880
127.63298	1.0	1046225.0	173880
522.60315	1.0	1046225.0	173880
307.26376	1.0	1046225.0	173880
159.00021	1.0	1046225.0	173880
43.71155	1.0	1046225.0	173880
114.34261	1.0	1046225.0	173880
261.92667	1.0	1046225.0	173880
51.92508	1.0	1046225.0	173880
333.9708	1.0	1046225.0	173880
43.882484	1.0	1046225.0	173880
121.338905	1.0	1046225.0	173880
55.612743	1.0	1046225.0	173880
46.064953	1.0	1046225.0	173880
303.18298	1.0	1046225.0	173880
160.81548	1.0	1046225.0	173880
329.36816	1.0	1046225.0	173880
55.877033	1.0	1046225.0	173880
60.56916	1.0	1046225.0	173880
61.25481	1.0	1046225.0	173880
134.11229	1.0	1046225.0	173880
493.1808	1.0	1046225.0	173880
296.63382	1.0	1046225.0	173880
236.143	1.0	1046225.0	173880
140.84135	1.0	1046225.0	173880
61.964592	1.0	1046225.0	173880
110.71701	1.0	1046225.0	173880
72.11975	1.0	1046225.0	173880
270.4355	1.0	1046225.0	173880
141.60228	1.0	1046225.0	173880
140.3557	1.0	1046225.0	173880
120.30013	1.0	1046225.0	173880
328.009	1.0	1046225.0	173880
656.5757	1.0	1046225.0	173880
216.64653	1.0	1046225.0	173880
416.3597	1.0	1046225.0	173880
57.484386	1.0	1046225.0	173880
147.38844	1.0	1046225.0	173880
67.34922	1.0	1046225.0	173880
102.210785	1.0	1046225.0	173880
45.85926	1.0	1046225.0	173880
141.72719	1.0	1046225.0	173880
179.12198	1.0	1046225.0	173880
62.338486	1.0	1046225.0	173880
41.474754	1.0	1046225.0	173880
344.36423	1.0	1046225.0	173880
78.45187	1.0	1046225.0	173880
49.01101	1.0	1046225.0	173880
174.85097	1.0	1046225.0	173880
73.969604	1.0	1046225.0	173880
80.663086	1.0	1046225.0	173880
69.21468	1.0	1046225.0	173880
70.83366	1.0	1046225.0	173880
105.69995	1.0	1046225.0	173880
293.18573	1.0	1046225.0	173880
452.89236	1.0	1046225.0	173880
104.442154	1.0	1046225.0	173880
126.86603	1.0	1046225.0	173880
74.31864	1.0	1046225.0	173880
170.00482	1.0	1046225.0	173880
157.04825	1.0	1046225.0	173880
197.68562	1.0	1046225.0	173880
701.7184	1.0	1046225.0	173880
69.63888	1.0	1046225.0	173880
118.349266	1.0	1046225.0	173880
101.276764	1.0	1046225.0	173880
179.08191	1.0	1046225.0	173880
48.057682	1.0	1046225.0	173880
318.4225	1.0	1046225.0	173880
192.51085	1.0	1046225.0	173880
165.7326	1.0	1046225.0	173880
124.303	1.0	1046225.0	173880
343.50296	1.0	1046225.0	173880
82.44669	1.0	1046225.0	173880
60.72277	1.0	1046225.0	173880
260.49207	1.0	1046225.0	173880
434.71286	1.0	1046225.0	173880
220.22894	1.0	1046225.0	173880
318.02606	1.0	1046225.0	173880
74.63092	1.0	1046225.0	173880
95.14071	1.0	1046225.0	173880
311.30997	1.0	1046225.0	173880
308.3736	1.0	1046225.0	173880
197.91028	1.0	1046225.0	173880
69.392876	1.0	1046225.0	173880
372.34125	1.0	1046225.0	173880
224.98122	1.0	1046225.0	173880
340.80774	1.0	1046225.0	173880
218.75793	1.0	1046225.0	173880
72.72232	1.0	1046225.0	173880
632.256	1.0	1046225.0	173880
233.57692	1.0	1046225.0	173880
170.12755	1.0	1046225.0	173880
91.39007	1.0	1046225.0	173880
226.31285	1.0	1046225.0	173880
114.54458	1.0	1046225.0	173880
124.29247	1.0	1046225.0	173880
364.48404	1.0	1046225.0	173880
108.8966	1.0	1046225.0	173880
222.32541	1.0	1046225.0	173880
551.7686	1.0	1046225.0	173880
107.71649	1.0	1046225.0	173880
337.63864	1.0	1046225.0	173880
67.83369	1.0	1046225.0	173880
105.02889	1.0	1046225.0	173880
110.48183	1.0	1046225.0	173880
46.90233	1.0	1046225.0	173880
590.073	1.0	1046225.0	173880
308.83224	1.0	1046225.0	173880
203.26546	1.0	1046225.0	173880
285.9347	1.0	1046225.0	173880
61.46783	1.0	1046225.0	173880
86.445114	1.0	1046225.0	173880
49.889385	1.0	1046225.0	173880
248.61996	1.0	1046225.0	173880
162.43526	1.0	1046225.0	173880
204.4213	1.0	1046225.0	173880
200.77148	1.0	1046225.0	173880
130.95044	1.0	1046225.0	173880
138.77783	1.0	1046225.0	173880
118.53149	1.0	1046225.0	173880
170.12082	1.0	1046225.0	173880
202.21927	1.0	1046225.0	173880
45.173817	1.0	1046225.0	173880
341.56055	1.0	1046225.0	173880
73.900246	1.0	1046225.0	173880
278.5861	1.0	1046225.0	173880
296.93604	1.0	1046225.0	173880
609.9607	1.0	1046225.0	173880
197.42647	1.0	1046225.0	173880
80.95606	1.0	1046225.0	173880
102.30478	1.0	1046225.0	173880
440.09885	1.0	1046225.0	173880
180.09816	1.0	1046225.0	173880
38.65854	1.0	1046225.0	173880
307.40533	1.0	1046225.0	173880
134.65521	1.0	1046225.0	173880
340.94693	1.0	1046225.0	173880
301.07663	1.0	1046225.0	173880
209.65738	1.0	1046225.0	173880
377.4141	1.0	1046225.0	173880
677.91406	1.0	1046225.0	173880
92.337456	1.0	1046225.0	173880
85.15028	1.0	1046225.0	173880
111.52596	1.0	1046225.0	173880
74.201546	1.0	1046225.0	173880
96.97394	1.0	1046225.0	173880
74.383804	1.0	1046225.0	173880
93.81729	1.0	1046225.0	173880
176.16911	1.0	1046225.0	173880
58.948627	1.0	1046225.0	173880
63.057247	1.0	1046225.0	173880
72.9458	1.0	1046225.0	173880
389.15845	1.0	1046225.0	173880
388.71774	1.0	1046225.0	173880
145.61885	1.0	1046225.0	173880
41.135902	1.0	1046225.0	173880
165.72319	1.0	1046225.0	173880
141.12286	1.0	1046225.0	173880
343.74078	1.0	1046225.0	173880
234.8174	1.0	1046225.0	173880
89.18632	1.0	1046225.0	173880
94.57938	1.0	1046225.0	173880
40.961655	1.0	1046225.0	173880
148.4066	1.0	1046225.0	173880
357.1783	1.0	1046225.0	173880
225.03989	1.0	1046225.0	173880
186.9467	1.0	1046225.0	173880
142.22342	1.0	1046225.0	173880
249.64963	1.0	1046225.0	173880
117.32284	1.0	1046225.0	173880
465.94266	1.0	1046225.0	173880
305.78915	1.0	1046225.0	173880
432.46027	1.0	1046225.0	173880
438.4468	1.0	1046225.0	173880
209.836	1.0	1046225.0	173880
73.484505	1.0	1046225.0	173880
93.48614	1.0	1046225.0	173880
234.4798	1.0	1046225.0	173880
221.36745	1.0	1046225.0	173880
265.88995	1.0	1046225.0	173880
177.64705	1.0	1046225.0	173880
408.2255	1.0	1046225.0	173880
372.82654	1.0	1046225.0	173880
72.03697	1.0	1046225.0	173880
349.7261	1.0	1046225.0	173880
102.44503	1.0	1046225.0	173880
618.7379	1.0	1046225.0	173880
49.74072	1.0	1046225.0	173880
154.58966	1.0	1046225.0	173880
58.2443	1.0	1046225.0	173880
38.11253	1.0	1046225.0	173880
96.0659	1.0	1046225.0	173880
510.22443	1.0	1046225.0	173880
91.11479	1.0	1046225.0	173880
196.26172	1.0	1046225.0	173880
46.034653	1.0	1046225.0	173880
261.16928	1.0	1046225.0	173880
137.26678	1.0	1046225.0	173880
182.78351	1.0	1046225.0	173880
464.97803	1.0	1046225.0	173880
55.73368	1.0	1046225.0	173880
132.75858	1.0	1046225.0	173880
434.15298	1.0	1046225.0	173880
153.66113	1.0	1046225.0	173880
49.000664	1.0	1046225.0	173880
447.03775	1.0	1046225.0	173880
169.82298	1.0	1046225.0	173880
204.99556	1.0	1046225.0	173880
60.27083	1.0	1046225.0	173880
96.21774	1.0	1046225.0	173880
193.4211	1.0	1046225.0	173880
190.32605	1.0	1046225.0	173880
100.89616	1.0	1046225.0	173880
344.9788	1.0	1046225.0	173880
99.69177	1.0	1046225.0	173880
55.08046	1.0	1046225.0	173880
60.863674	1.0	1046225.0	173880
60.086754	1.0	1046225.0	173880
86.55533	1.0	1046225.0	173880
84.096085	1.0	1046225.0	173880
170.14569	1.0	1046225.0	173880
418.3286	1.0	1046225.0	173880
530.6388	1.0	1046225.0	173880
491.9562	1.0	1046225.0	173880
68.918	1.0	1046225.0	173880
276.6664	1.0	1046225.0	173880
375.97595	1.0	1046225.0	173880
152.87827	1.0	1046225.0	173880
211.8475	1.0	1046225.0	173880
65.099724	1.0	1046225.0	173880
141.4367	1.0	1046225.0	173880
336.87134	1.0	1046225.0	173880
72.86778	1.0	1046225.0	173880
67.89381	1.0	1046225.0	173880
82.29862	1.0	1046225.0	173880
384.41504	1.0	1046225.0	173880
111.141304	1.0	1046225.0	173880
75.4328	1.0	1046225.0	173880
263.44785	1.0	1046225.0	173880
216.46765	1.0	1046225.0	173880
125.17786	1.0	1046225.0	173880
28.467846	1.0	1046225.0	173880
184.70686	1.0	1046225.0	173880
64.25929	1.0	1046225.0	173880
119.1043	1.0	1046225.0	173880
92.973	1.0	1046225.0	173880
277.4169	1.0	1046225.0	173880
97.033516	1.0	1046225.0	173880
109.5057	1.0	1046225.0	173880
197.95801	1.0	1046225.0	173880
78.90425	1.0	1046225.0	173880
295.97678	1.0	1046225.0	173880
100.55776	1.0	1046225.0	173880
217.87311	1.0	1046225.0	173880
97.098305	1.0	1046225.0	173880
138.82352	1.0	1046225.0	173880
319.284	1.0	1046225.0	173880
77.163605	1.0	1046225.0	173880
328.43375	1.0	1046225.0	173880
39.416946	1.0	1046225.0	173880
143.77422	1.0	1046225.0	173880
313.07492	1.0	1046225.0	173880
243.02615	1.0	1046225.0	173880
225.30081	1.0	1046225.0	173880
72.80391	1.0	1046225.0	173880
66.715454	1.0	1046225.0	173880
111.58472	1.0	1046225.0	173880
221.36415	1.0	1046225.0	173880
94.486	1.0	1046225.0	173880
57.572163	1.0	1046225.0	173880
474.94354	1.0	1046225.0	173880
165.06522	1.0	1046225.0	173880
53.0099	1.0	1046225.0	173880
150.25917	1.0	1046225.0	173880
36.16274	1.0	1046225.0	173880
168.92767	1.0	1046225.0	173880
67.76344	1.0	1046225.0	173880
62.33632	1.0	1046225.0	173880
40.08322	1.0	1046225.0	173880
94.79831	1.0	1046225.0	173880
60.099545	1.0	1046225.0	173880
382.48972	1.0	1046225.0	173880
77.499725	1.0	1046225.0	173880
55.00415	1.0	1046225.0	173880
306.00702	1.0	1046225.0	173880
282.61807	1.0	1046225.0	173880
78.9831	1.0	1046225.0	173880
163.37675	1.0	1046225.0	173880
108.68893	1.0	1046225.0	173880
50.755688	1.0	1046225.0	173880
159.56876	1.0	1046225.0	173880
399.22418	1.0	1046225.0	173880
149.0435	1.0	1046225.0	173880
71.79386	1.0	1046225.0	173880
94.510635	1.0	1046225.0	173880
59.57832	1.0	1046225.0	173880
64.44215	1.0	1046225.0	173880
57.8035	1.0	1046225.0	173880
519.4754	1.0	1046225.0	173880
192.08173	1.0	1046225.0	173880
45.1601	1.0	1046225.0	173880
150.0805	1.0	1046225.0	173880
146.90375	1.0	1046225.0	173880
42.908234	1.0	1046225.0	173880
391.08313	1.0	1046225.0	173880
575.91534	1.0	1046225.0	173880
133.22249	1.0	1046225.0	173880
319.65768	1.0	1046225.0	173880
258.95792	1.0	1046225.0	173880
148.48724	1.0	1046225.0	173880
579.36304	1.0	1046225.0	173880
252.28783	1.0	1046225.0	173880
253.72716	1.0	1046225.0	173880
485.4384	1.0	1046225.0	173880
149.00943	1.0	1046225.0	173880
238.0141	1.0	1046225.0	173880
60.876846	1.0	1046225.0	173880
59.49861	1.0	1046225.0	173880
209.59985	1.0	1046225.0	173880
64.28814	1.0	1046225.0	173880
173.96838	1.0	1046225.0	173880
80.980484	1.0	1046225.0	173880
618.1746	1.0	1046225.0	173880
52.822186	1.0	1046225.0	173880
203.50623	1.0	1046225.0	173880
130.37738	1.0	1046225.0	173880
59.823334	1.0	1046225.0	173880
203.00264	1.0	1046225.0	173880
58.05741	1.0	1046225.0	173880
165.69325	1.0	1046225.0	173880
314.30133	1.0	1046225.0	173880
56.38847	1.0	1046225.0	173880
159.40015	1.0	1046225.0	173880
336.51468	1.0	1046225.0	173880
160.9909	1.0	1046225.0	173880
385.96664	1.0	1046225.0	173880
185.20699	1.0	1046225.0	173880
45.52333	1.0	1046225.0	173880
419.1354	1.0	1046225.0	173880
208.19962	1.0	1046225.0	173880
76.39556	1.0	1046225.0	173880
202.46405	1.0	1046225.0	173880
238.10341	1.0	1046225.0	173880
128.60794	1.0	1046225.0	173880
111.16058	1.0	1046225.0	173880
68.922264	1.0	1046225.0	173880
134.07103	1.0	1046225.0	173880
150.23503	1.0	1046225.0	173880
166.02338	1.0	1046225.0	173880
211.35066	1.0	1046225.0	173880
142.51465	1.0	1046225.0	173880
350.16586	1.0	1046225.0	173880
46.626335	1.0	1046225.0	173880
92.763374	1.0	1046225.0	173880
157.89236	1.0	1046225.0	173880
126.71805	1.0	1046225.0	173880
82.70274	1.0	1046225.0	173880
78.96698	1.0	1046225.0	173880
93.83223	1.0	1046225.0	173880
157.727	1.0	1046225.0	173880
160.63257	1.0	1046225.0	173880
129.79094	1.0	1046225.0	173880
360.4287	1.0	1046225.0	173880
151.8753	1.0	1046225.0	173880
203.52873	1.0	1046225.0	173880
203.52316	1.0	1046225.0	173880
39.56896	1.0	1046225.0	173880
312.64444	1.0	1046225.0	173880
281.38162	1.0	1046225.0	173880
129.23291	1.0	1046225.0	173880
107.96281	1.0	1046225.0	173880
91.84309	1.0	1046225.0	173880
123.08488	1.0	1046225.0	173880
88.48771	1.0	1046225.0	173880
64.38382	1.0	1046225.0	173880
85.86798	1.0	1046225.0	173880
270.37885	1.0	1046225.0	173880
86.29085	1.0	1046225.0	173880
57.109737	1.0	1046225.0	173880
91.31728	1.0	1046225.0	173880
318.98422	1.0	1046225.0	173880
245.1282	1.0	1046225.0	173880
197.61499	1.0	1046225.0	173880
321.0116	1.0	1046225.0	173880
207.46094	1.0	1046225.0	173880
138.436	1.0	1046225.0	173880
178.6855	1.0	1046225.0	173880
166.97015	1.0	1046225.0	173880
478.42422	1.0	1046225.0	173880
73.87899	1.0	1046225.0	173880
50.746277	1.0	1046225.0	173880
82.344666	1.0	1046225.0	173880
84.37423	1.0	1046225.0	173880
232.73401	1.0	1046225.0	173880
237.16153	1.0	1046225.0	173880
105.02911	1.0	1046225.0	173880
53.16869	1.0	1046225.0	173880
159.44344	1.0	1046225.0	173880
54.423077	1.0	1046225.0	173880
496.41467	1.0	1046225.0	173880
469.4404	1.0	1046225.0	173880
384.8555	1.0	1046225.0	173880
59.969376	1.0	1046225.0	173880
144.99529	1.0	1046225.0	173880
220.97928	1.0	1046225.0	173880
84.123505	1.0	1046225.0	173880
314.34033	1.0	1046225.0	173880
161.43245	1.0	1046225.0	173880
426.87524	1.0	1046225.0	173880
470.38727	1.0	1046225.0	173880
204.91281	1.0	1046225.0	173880
235.73584	1.0	1046225.0	173880
