lep_pt	AK8_pt	AK4_pt	M_sd	genWeights	sumWeight	N_exp
81.63357	314.75	56.75	102.6875	1.0	1114267.0	173880
143.97372	373.75	123.9375	164.75	1.0	1114267.0	173880
42.03754	277.0	110.0625	103.9375	1.0	1114267.0	173880
557.34033	490.25	169.375	208.25	1.0	1114267.0	173880
87.656105	411.75	163.0	153.125	1.0	1114267.0	173880
465.94214	500.5	114.6875	179.625	1.0	1114267.0	173880
124.24957	313.25	45.78125	123.375	1.0	1114267.0	173880
100.55169	329.5	27.4375	106.0	1.0	1114267.0	173880
75.87194	426.75	33.25	101.75	1.0	1114267.0	173880
92.24288	401.0	98.3125	120.4375	1.0	1114267.0	173880
90.98573	279.25	196.25	120.5625	1.0	1114267.0	173880
160.67746	504.0	59.96875	197.125	1.0	1114267.0	173880
45.95738	412.25	35.71875	3.296875	1.0	1114267.0	173880
227.50432	543.0	37.1875	125.125	1.0	1114267.0	173880
285.5696	438.75	94.375	168.375	1.0	1114267.0	173880
154.58992	457.0	44.75	145.875	1.0	1114267.0	173880
73.25456	336.5	26.1875	143.875	1.0	1114267.0	173880
68.253815	345.5	178.5	90.3125	1.0	1114267.0	173880
141.42903	421.5	79.125	142.0	1.0	1114267.0	173880
217.5976	402.0	99.5	140.375	1.0	1114267.0	173880
198.38145	408.25	41.625	13.046875	1.0	1114267.0	173880
421.9797	404.0	50.25	93.125	1.0	1114267.0	173880
299.4865	416.75	112.125	142.25	1.0	1114267.0	173880
43.878094	439.5	77.3125	138.875	1.0	1114267.0	173880
192.26393	362.75	104.3125	145.75	1.0	1114267.0	173880
151.1002	479.25	87.375	164.25	1.0	1114267.0	173880
546.5125	497.25	116.25	134.625	1.0	1114267.0	173880
93.58156	411.25	66.9375	156.875	1.0	1114267.0	173880
328.70105	356.5	122.625	146.375	1.0	1114267.0	173880
91.65417	440.25	46.9375	95.875	1.0	1114267.0	173880
83.3019	444.75	116.875	1.5791016	1.0	1114267.0	173880
54.616165	294.75	40.40625	118.125	1.0	1114267.0	173880
59.878887	258.75	127.375	79.0	1.0	1114267.0	173880
179.25912	420.5	158.75	167.25	1.0	1114267.0	173880
174.72176	445.5	30.453125	191.625	1.0	1114267.0	173880
98.680855	355.75	27.828125	149.625	1.0	1114267.0	173880
81.1751	236.75	271.75	114.75	1.0	1114267.0	173880
112.50043	424.75	27.34375	152.25	1.0	1114267.0	173880
65.61594	452.5	142.5	6.640625	1.0	1114267.0	173880
88.401405	367.75	37.875	124.5625	1.0	1114267.0	173880
71.72858	305.0	89.4375	1.1083984	1.0	1114267.0	173880
346.75613	543.5	193.75	229.25	1.0	1114267.0	173880
170.88013	337.5	101.625	115.125	1.0	1114267.0	173880
141.7075	294.75	104.9375	15.4921875	1.0	1114267.0	173880
47.919884	262.5	110.625	3.0742188	1.0	1114267.0	173880
63.447025	316.5	87.5625	126.9375	1.0	1114267.0	173880
91.93716	425.25	148.0	211.0	1.0	1114267.0	173880
356.23682	459.5	82.3125	150.0	1.0	1114267.0	173880
302.65665	438.25	41.96875	214.25	1.0	1114267.0	173880
518.36755	442.75	79.1875	151.375	1.0	1114267.0	173880
56.399	357.75	72.25	130.625	1.0	1114267.0	173880
260.4408	564.5	25.65625	40.375	1.0	1114267.0	173880
85.47188	350.0	74.6875	123.6875	1.0	1114267.0	173880
140.71135	360.5	37.28125	151.875	1.0	1114267.0	173880
496.75983	686.0	119.375	207.5	1.0	1114267.0	173880
48.60916	392.75	140.375	148.875	1.0	1114267.0	173880
72.60206	368.5	163.25	177.75	1.0	1114267.0	173880
202.80371	382.25	54.375	129.625	1.0	1114267.0	173880
89.55862	307.5	32.96875	98.6875	1.0	1114267.0	173880
82.95474	379.5	141.25	170.25	1.0	1114267.0	173880
111.09774	415.5	88.0625	179.0	1.0	1114267.0	173880
440.73758	562.5	139.0	166.875	1.0	1114267.0	173880
139.33519	359.5	98.6875	143.5	1.0	1114267.0	173880
257.39185	469.0	68.375	73.5	1.0	1114267.0	173880
51.158092	414.75	98.625	138.375	1.0	1114267.0	173880
110.89324	259.75	98.4375	98.1875	1.0	1114267.0	173880
54.46585	302.5	58.40625	98.5	1.0	1114267.0	173880
226.55151	397.25	97.25	1.8994141	1.0	1114267.0	173880
82.1541	333.5	72.4375	148.625	1.0	1114267.0	173880
557.9794	349.75	93.875	136.5	1.0	1114267.0	173880
51.06652	330.75	86.1875	114.625	1.0	1114267.0	173880
40.465702	410.0	129.25	23.671875	1.0	1114267.0	173880
95.96814	344.25	65.5	168.75	1.0	1114267.0	173880
510.36862	383.25	127.9375	159.125	1.0	1114267.0	173880
387.6557	757.0	41.375	113.25	1.0	1114267.0	173880
37.802826	369.5	54.375	169.625	1.0	1114267.0	173880
363.342	646.0	25.0625	251.75	1.0	1114267.0	173880
216.2495	325.5	72.25	161.5	1.0	1114267.0	173880
132.9723	435.5	47.5	172.625	1.0	1114267.0	173880
162.90843	319.25	54.5	133.125	1.0	1114267.0	173880
470.17596	644.0	115.0	106.8125	1.0	1114267.0	173880
63.071106	281.75	29.0	95.3125	1.0	1114267.0	173880
60.400894	421.5	97.4375	152.5	1.0	1114267.0	173880
155.33821	370.75	62.46875	159.875	1.0	1114267.0	173880
119.637	455.25	47.90625	95.0625	1.0	1114267.0	173880
74.09846	350.25	39.5625	52.75	1.0	1114267.0	173880
260.36984	558.0	27.078125	222.375	1.0	1114267.0	173880
254.80885	392.25	134.0	166.875	1.0	1114267.0	173880
184.47081	430.75	183.0	183.0	1.0	1114267.0	173880
136.53287	449.0	119.3125	162.875	1.0	1114267.0	173880
158.159	429.0	53.71875	70.5	1.0	1114267.0	173880
493.5582	629.5	47.78125	89.1875	1.0	1114267.0	173880
83.28847	386.5	54.46875	143.25	1.0	1114267.0	173880
504.29175	605.5	99.625	173.875	1.0	1114267.0	173880
71.95134	331.0	100.0625	5.8242188	1.0	1114267.0	173880
62.728317	424.5	30.015625	188.125	1.0	1114267.0	173880
381.84286	507.25	84.6875	155.375	1.0	1114267.0	173880
447.76077	485.25	131.5	207.25	1.0	1114267.0	173880
161.34225	410.25	80.25	155.375	1.0	1114267.0	173880
65.52647	328.25	63.21875	6.3320312	1.0	1114267.0	173880
440.26193	571.0	79.8125	172.0	1.0	1114267.0	173880
236.98013	427.75	141.5	172.25	1.0	1114267.0	173880
128.07785	322.5	85.4375	139.75	1.0	1114267.0	173880
136.42255	255.375	132.75	128.625	1.0	1114267.0	173880
166.26688	452.5	109.6875	162.375	1.0	1114267.0	173880
94.31038	338.75	99.5625	153.875	1.0	1114267.0	173880
203.73589	399.25	33.71875	139.375	1.0	1114267.0	173880
169.55565	454.75	42.875	73.875	1.0	1114267.0	173880
235.4717	419.75	75.75	131.625	1.0	1114267.0	173880
48.888462	384.0	70.5625	27.40625	1.0	1114267.0	173880
69.183464	338.25	65.6875	4.3046875	1.0	1114267.0	173880
306.23752	633.0	80.4375	137.125	1.0	1114267.0	173880
191.56152	452.75	33.375	161.75	1.0	1114267.0	173880
54.945225	405.0	90.75	81.6875	1.0	1114267.0	173880
57.42333	337.75	25.890625	107.8125	1.0	1114267.0	173880
210.14774	369.5	228.0	143.5	1.0	1114267.0	173880
66.76832	350.75	50.125	104.1875	1.0	1114267.0	173880
283.2744	428.25	65.5625	89.1875	1.0	1114267.0	173880
134.78902	448.0	76.8125	155.75	1.0	1114267.0	173880
118.22901	448.25	90.25	2.9003906	1.0	1114267.0	173880
35.463573	269.75	142.5	110.0625	1.0	1114267.0	173880
182.65912	444.5	34.84375	170.625	1.0	1114267.0	173880
142.37704	446.5	51.65625	180.25	1.0	1114267.0	173880
225.81989	394.25	143.25	197.75	1.0	1114267.0	173880
183.40144	325.5	108.0625	122.625	1.0	1114267.0	173880
315.3945	417.0	36.46875	184.375	1.0	1114267.0	173880
59.895466	339.75	112.8125	165.75	1.0	1114267.0	173880
52.2243	353.0	58.0	69.6875	1.0	1114267.0	173880
124.95641	485.5	72.8125	2.4375	1.0	1114267.0	173880
75.70121	379.25	54.40625	120.6875	1.0	1114267.0	173880
136.1956	398.0	88.625	182.125	1.0	1114267.0	173880
75.3989	319.5	66.25	151.375	1.0	1114267.0	173880
92.78613	370.75	40.25	153.875	1.0	1114267.0	173880
74.88813	252.625	61.28125	32.65625	1.0	1114267.0	173880
53.336452	323.5	97.125	7.515625	1.0	1114267.0	173880
128.26073	370.5	120.75	151.625	1.0	1114267.0	173880
76.463615	373.75	110.0	28.515625	1.0	1114267.0	173880
186.8372	406.75	69.8125	147.25	1.0	1114267.0	173880
63.534336	364.25	69.0625	55.9375	1.0	1114267.0	173880
183.06068	476.75	74.0	145.125	1.0	1114267.0	173880
193.61685	562.0	129.25	53.25	1.0	1114267.0	173880
145.97188	228.75	112.5625	72.25	1.0	1114267.0	173880
101.305046	369.25	109.3125	124.0	1.0	1114267.0	173880
71.9778	377.5	149.25	161.25	1.0	1114267.0	173880
427.0175	523.0	42.5	71.6875	1.0	1114267.0	173880
147.37395	445.75	138.875	158.375	1.0	1114267.0	173880
55.676674	320.75	33.21875	91.75	1.0	1114267.0	173880
59.983555	371.75	35.21875	123.75	1.0	1114267.0	173880
115.25051	341.0	68.625	148.375	1.0	1114267.0	173880
85.2963	375.0	84.625	129.125	1.0	1114267.0	173880
76.63545	435.25	25.515625	115.8125	1.0	1114267.0	173880
52.61931	534.5	57.96875	188.125	1.0	1114267.0	173880
260.78238	449.5	150.875	186.875	1.0	1114267.0	173880
154.11609	329.0	27.765625	140.75	1.0	1114267.0	173880
236.80605	435.75	127.5625	169.875	1.0	1114267.0	173880
409.15967	393.75	95.75	145.25	1.0	1114267.0	173880
64.95312	272.25	73.6875	116.875	1.0	1114267.0	173880
204.28542	419.0	118.0	104.1875	1.0	1114267.0	173880
509.58914	686.5	108.8125	169.375	1.0	1114267.0	173880
125.390465	435.0	80.25	124.6875	1.0	1114267.0	173880
57.789536	299.25	109.375	121.3125	1.0	1114267.0	173880
261.5278	288.25	72.4375	102.9375	1.0	1114267.0	173880
536.74664	488.75	148.875	149.125	1.0	1114267.0	173880
262.18747	566.5	57.25	72.25	1.0	1114267.0	173880
135.96901	309.0	34.03125	0.03656006	1.0	1114267.0	173880
71.31949	373.0	135.5	2.5195312	1.0	1114267.0	173880
289.91904	521.5	98.5	119.9375	1.0	1114267.0	173880
64.39698	416.75	151.25	99.5625	1.0	1114267.0	173880
408.8625	517.5	69.25	143.0	1.0	1114267.0	173880
287.66132	390.25	88.75	128.0	1.0	1114267.0	173880
171.41437	396.75	187.125	190.75	1.0	1114267.0	173880
246.2658	542.0	105.1875	156.5	1.0	1114267.0	173880
151.51556	308.0	101.375	108.8125	1.0	1114267.0	173880
92.303406	460.5	77.875	150.875	1.0	1114267.0	173880
51.84749	287.25	36.375	98.5625	1.0	1114267.0	173880
191.36983	354.0	59.90625	127.6875	1.0	1114267.0	173880
101.27493	362.75	45.84375	164.625	1.0	1114267.0	173880
40.15103	377.5	62.84375	141.625	1.0	1114267.0	173880
527.68243	482.5	139.0	197.875	1.0	1114267.0	173880
142.75795	314.25	83.0625	115.5	1.0	1114267.0	173880
158.1142	383.75	111.0	154.625	1.0	1114267.0	173880
121.27241	300.0	119.9375	2.265625	1.0	1114267.0	173880
180.10587	328.25	44.46875	105.5625	1.0	1114267.0	173880
60.974796	353.75	36.5625	61.9375	1.0	1114267.0	173880
68.082855	390.75	62.71875	125.6875	1.0	1114267.0	173880
673.03827	618.0	69.25	168.75	1.0	1114267.0	173880
474.4903	592.5	78.6875	145.25	1.0	1114267.0	173880
56.125576	335.0	72.0625	109.9375	1.0	1114267.0	173880
144.43248	480.5	50.0625	83.8125	1.0	1114267.0	173880
243.06657	502.75	186.375	140.0	1.0	1114267.0	173880
114.53208	360.25	36.875	102.3125	1.0	1114267.0	173880
31.81764	332.75	119.875	148.375	1.0	1114267.0	173880
376.78598	509.0	150.5	147.875	1.0	1114267.0	173880
301.8866	546.0	39.03125	193.375	1.0	1114267.0	173880
272.275	487.25	136.125	149.625	1.0	1114267.0	173880
87.37221	438.75	97.75	150.875	1.0	1114267.0	173880
330.6685	429.0	125.8125	181.5	1.0	1114267.0	173880
95.94318	325.5	146.875	166.125	1.0	1114267.0	173880
317.96707	440.25	50.0625	24.890625	1.0	1114267.0	173880
192.73138	348.25	152.375	146.5	1.0	1114267.0	173880
99.26316	460.5	39.5	186.125	1.0	1114267.0	173880
191.63637	466.5	50.15625	177.0	1.0	1114267.0	173880
70.05503	363.75	52.59375	121.0	1.0	1114267.0	173880
95.439026	333.5	50.28125	142.375	1.0	1114267.0	173880
110.23581	380.25	27.03125	2.4453125	1.0	1114267.0	173880
107.24058	381.75	60.65625	143.625	1.0	1114267.0	173880
88.57844	359.75	59.4375	74.0	1.0	1114267.0	173880
69.69145	318.0	42.9375	112.9375	1.0	1114267.0	173880
466.06003	669.5	25.515625	165.125	1.0	1114267.0	173880
33.166264	351.25	79.75	3.5234375	1.0	1114267.0	173880
57.69494	395.0	104.0	18.15625	1.0	1114267.0	173880
63.52613	413.75	146.625	0.9897461	1.0	1114267.0	173880
133.28612	343.0	87.9375	98.125	1.0	1114267.0	173880
110.981064	322.0	57.9375	65.0	1.0	1114267.0	173880
82.72087	376.0	66.875	107.3125	1.0	1114267.0	173880
208.1852	423.0	25.984375	120.1875	1.0	1114267.0	173880
309.25815	434.25	74.3125	156.75	1.0	1114267.0	173880
74.38498	297.5	68.375	124.25	1.0	1114267.0	173880
263.41043	349.0	32.28125	164.375	1.0	1114267.0	173880
123.321236	306.75	34.59375	15.7890625	1.0	1114267.0	173880
67.69772	326.75	63.84375	126.125	1.0	1114267.0	173880
626.691	630.5	131.375	174.625	1.0	1114267.0	173880
145.28595	452.5	28.515625	66.625	1.0	1114267.0	173880
181.34795	509.0	114.75	171.75	1.0	1114267.0	173880
74.43181	359.75	39.75	144.25	1.0	1114267.0	173880
268.2314	444.75	121.8125	162.875	1.0	1114267.0	173880
355.45578	587.5	109.3125	182.0	1.0	1114267.0	173880
177.17094	501.75	41.1875	52.78125	1.0	1114267.0	173880
81.43797	331.0	46.96875	109.125	1.0	1114267.0	173880
131.75734	285.75	117.5625	110.6875	1.0	1114267.0	173880
121.30482	245.75	110.9375	121.0625	1.0	1114267.0	173880
314.37134	499.0	25.453125	116.75	1.0	1114267.0	173880
208.04999	329.25	61.71875	81.1875	1.0	1114267.0	173880
402.11655	508.0	33.96875	171.0	1.0	1114267.0	173880
47.145065	325.0	86.25	2.484375	1.0	1114267.0	173880
283.60156	444.5	97.0	147.25	1.0	1114267.0	173880
159.57993	293.0	41.59375	88.8125	1.0	1114267.0	173880
600.36346	565.5	232.375	228.0	1.0	1114267.0	173880
96.52366	421.0	32.96875	181.625	1.0	1114267.0	173880
695.4638	751.5	95.5625	210.625	1.0	1114267.0	173880
254.27922	543.0	97.375	136.0	1.0	1114267.0	173880
149.97687	323.5	28.953125	119.25	1.0	1114267.0	173880
568.95105	581.0	99.8125	159.625	1.0	1114267.0	173880
191.81578	509.0	125.5625	154.75	1.0	1114267.0	173880
108.67217	358.75	120.625	16.859375	1.0	1114267.0	173880
68.75445	361.25	87.5625	136.25	1.0	1114267.0	173880
152.5901	318.5	81.625	121.5	1.0	1114267.0	173880
65.585144	431.75	131.375	141.125	1.0	1114267.0	173880
105.024155	407.75	29.34375	3.7128906	1.0	1114267.0	173880
295.74948	416.0	118.125	181.75	1.0	1114267.0	173880
44.350945	299.25	106.875	121.0	1.0	1114267.0	173880
133.73956	283.0	72.375	96.0	1.0	1114267.0	173880
117.36545	428.5	28.140625	189.875	1.0	1114267.0	173880
121.747765	220.375	31.5	77.75	1.0	1114267.0	173880
132.01787	296.0	69.375	114.0	1.0	1114267.0	173880
71.87785	340.5	34.375	14.203125	1.0	1114267.0	173880
258.2047	474.0	110.3125	130.125	1.0	1114267.0	173880
63.07178	351.0	103.6875	153.375	1.0	1114267.0	173880
401.15515	538.5	188.125	203.375	1.0	1114267.0	173880
416.67032	565.5	37.125	109.6875	1.0	1114267.0	173880
120.79847	396.0	33.28125	139.625	1.0	1114267.0	173880
115.257324	409.5	179.125	175.25	1.0	1114267.0	173880
236.72223	349.5	36.90625	81.5	1.0	1114267.0	173880
122.94769	391.25	56.34375	186.125	1.0	1114267.0	173880
101.27582	368.5	130.125	148.0	1.0	1114267.0	173880
83.416214	360.25	93.25	-2.6971102e-06	1.0	1114267.0	173880
75.56079	420.75	91.75	113.125	1.0	1114267.0	173880
53.774456	264.5	44.125	120.875	1.0	1114267.0	173880
100.97331	307.25	110.9375	10.21875	1.0	1114267.0	173880
181.07297	383.0	62.4375	163.25	1.0	1114267.0	173880
75.46246	320.25	136.0	155.625	1.0	1114267.0	173880
219.7748	476.5	147.25	142.5	1.0	1114267.0	173880
203.96326	468.25	85.75	112.6875	1.0	1114267.0	173880
485.1488	525.0	65.375	154.375	1.0	1114267.0	173880
168.229	369.75	62.59375	144.375	1.0	1114267.0	173880
157.31247	337.75	156.5	157.875	1.0	1114267.0	173880
51.634686	292.25	103.1875	136.25	1.0	1114267.0	173880
218.85329	361.25	58.875	157.75	1.0	1114267.0	173880
517.7412	436.25	91.375	180.125	1.0	1114267.0	173880
262.63327	415.25	149.25	182.0	1.0	1114267.0	173880
329.02545	505.25	29.59375	153.875	1.0	1114267.0	173880
84.66454	442.0	32.65625	121.8125	1.0	1114267.0	173880
110.21184	286.5	31.921875	122.3125	1.0	1114267.0	173880
72.8281	335.5	122.25	6.1640625	1.0	1114267.0	173880
353.40363	688.0	208.125	223.375	1.0	1114267.0	173880
431.1839	693.0	43.9375	63.28125	1.0	1114267.0	173880
94.513214	355.25	70.0	1.0095537e-05	1.0	1114267.0	173880
224.39032	429.0	47.90625	59.28125	1.0	1114267.0	173880
86.28722	321.5	110.8125	10.9375	1.0	1114267.0	173880
50.902344	417.0	112.8125	173.125	1.0	1114267.0	173880
217.66356	385.5	187.875	158.875	1.0	1114267.0	173880
98.09793	366.25	27.84375	137.375	1.0	1114267.0	173880
488.69348	286.5	112.3125	104.75	1.0	1114267.0	173880
165.82214	339.75	42.0625	139.75	1.0	1114267.0	173880
251.57172	421.25	150.375	182.375	1.0	1114267.0	173880
333.56958	487.25	105.25	202.75	1.0	1114267.0	173880
52.478565	330.75	26.078125	127.75	1.0	1114267.0	173880
122.60181	438.5	26.46875	218.0	1.0	1114267.0	173880
481.14783	461.25	30.953125	2.9550781	1.0	1114267.0	173880
104.44664	434.25	73.9375	155.375	1.0	1114267.0	173880
115.45215	480.0	34.40625	154.25	1.0	1114267.0	173880
226.77563	549.5	40.46875	178.375	1.0	1114267.0	173880
75.87112	389.75	81.5625	161.625	1.0	1114267.0	173880
102.56566	374.75	150.5	147.875	1.0	1114267.0	173880
246.88385	375.5	148.125	143.625	1.0	1114267.0	173880
97.37514	303.5	113.5	3.0136719	1.0	1114267.0	173880
217.80902	385.0	94.0	152.625	1.0	1114267.0	173880
206.18561	436.5	74.4375	2.9902344	1.0	1114267.0	173880
131.80199	460.5	59.6875	102.625	1.0	1114267.0	173880
160.33575	431.25	115.625	146.75	1.0	1114267.0	173880
85.86186	258.25	27.625	35.3125	1.0	1114267.0	173880
123.70698	359.0	123.0625	136.625	1.0	1114267.0	173880
68.1252	314.0	68.0	109.5625	1.0	1114267.0	173880
59.607437	306.75	61.9375	103.0	1.0	1114267.0	173880
227.13437	448.0	154.375	166.0	1.0	1114267.0	173880
242.27162	395.25	127.4375	148.0	1.0	1114267.0	173880
114.99337	390.5	195.75	173.375	1.0	1114267.0	173880
304.45193	299.75	70.3125	117.75	1.0	1114267.0	173880
90.89273	276.75	44.1875	119.5625	1.0	1114267.0	173880
415.80374	709.5	41.3125	189.375	1.0	1114267.0	173880
54.705143	359.25	57.5625	140.25	1.0	1114267.0	173880
79.11658	353.75	94.25	139.375	1.0	1114267.0	173880
354.8134	483.75	109.3125	174.0	1.0	1114267.0	173880
110.99333	456.25	109.25	152.0	1.0	1114267.0	173880
102.864815	330.0	116.875	164.75	1.0	1114267.0	173880
128.56683	231.375	106.5	62.6875	1.0	1114267.0	173880
54.29986	316.75	104.0625	126.8125	1.0	1114267.0	173880
47.526978	374.75	127.0625	132.125	1.0	1114267.0	173880
62.06401	432.5	89.6875	140.125	1.0	1114267.0	173880
331.39288	472.75	36.125	175.0	1.0	1114267.0	173880
63.743557	318.75	90.6875	123.625	1.0	1114267.0	173880
164.3537	474.25	98.75	168.875	1.0	1114267.0	173880
574.7302	640.0	49.8125	212.875	1.0	1114267.0	173880
66.316956	237.0	35.0625	113.75	1.0	1114267.0	173880
25.576992	335.75	79.75	123.5	1.0	1114267.0	173880
173.38612	441.25	27.171875	187.625	1.0	1114267.0	173880
478.77707	599.5	167.625	191.0	1.0	1114267.0	173880
175.50705	406.0	44.875	148.75	1.0	1114267.0	173880
390.48828	499.75	145.125	181.875	1.0	1114267.0	173880
199.35446	438.25	107.375	188.25	1.0	1114267.0	173880
270.8985	511.25	100.0625	213.75	1.0	1114267.0	173880
123.502785	359.25	91.9375	124.4375	1.0	1114267.0	173880
205.31892	349.5	111.1875	169.875	1.0	1114267.0	173880
210.45041	354.25	104.375	52.21875	1.0	1114267.0	173880
307.2595	311.75	90.0	137.875	1.0	1114267.0	173880
86.562	404.75	178.5	167.375	1.0	1114267.0	173880
406.74976	587.5	156.25	181.75	1.0	1114267.0	173880
322.84985	450.0	41.09375	78.0	1.0	1114267.0	173880
41.85928	292.5	96.5625	78.4375	1.0	1114267.0	173880
82.60591	314.25	85.375	4.1796875	1.0	1114267.0	173880
88.995544	397.5	66.375	177.5	1.0	1114267.0	173880
340.45627	647.5	89.125	160.25	1.0	1114267.0	173880
61.216293	338.5	127.125	148.875	1.0	1114267.0	173880
46.748653	377.0	81.125	7.9257812	1.0	1114267.0	173880
86.91023	323.5	65.0625	126.9375	1.0	1114267.0	173880
364.99915	457.5	137.25	152.125	1.0	1114267.0	173880
213.32213	495.75	36.59375	157.0	1.0	1114267.0	173880
59.4849	333.5	56.5625	123.125	1.0	1114267.0	173880
46.295856	338.75	26.015625	127.1875	1.0	1114267.0	173880
221.51021	475.0	54.53125	170.75	1.0	1114267.0	173880
128.87378	351.75	25.171875	143.0	1.0	1114267.0	173880
424.6403	429.25	96.125	166.25	1.0	1114267.0	173880
187.60693	424.75	36.65625	127.375	1.0	1114267.0	173880
57.63043	252.375	86.625	16.765625	1.0	1114267.0	173880
189.89122	337.5	87.875	3.9746094	1.0	1114267.0	173880
242.8824	468.75	106.0	183.25	1.0	1114267.0	173880
80.10009	350.25	113.6875	2.6992188	1.0	1114267.0	173880
169.42572	279.75	65.125	115.125	1.0	1114267.0	173880
113.44441	392.75	97.5625	106.5625	1.0	1114267.0	173880
273.75388	415.25	28.40625	95.5	1.0	1114267.0	173880
172.29791	325.75	107.25	143.5	1.0	1114267.0	173880
42.5316	263.25	90.625	129.375	1.0	1114267.0	173880
57.60455	323.5	83.75	143.5	1.0	1114267.0	173880
74.61991	346.5	45.5625	109.3125	1.0	1114267.0	173880
213.73257	501.5	52.5625	160.0	1.0	1114267.0	173880
57.256958	331.0	52.9375	121.875	1.0	1114267.0	173880
66.21409	392.25	146.625	184.375	1.0	1114267.0	173880
97.409195	445.0	145.125	66.75	1.0	1114267.0	173880
157.56471	508.25	33.78125	114.1875	1.0	1114267.0	173880
151.65402	337.5	142.375	132.125	1.0	1114267.0	173880
61.10619	303.0	37.78125	53.625	1.0	1114267.0	173880
151.05751	486.25	66.5	164.75	1.0	1114267.0	173880
60.249435	253.625	33.5	109.75	1.0	1114267.0	173880
219.55597	419.0	109.3125	50.78125	1.0	1114267.0	173880
346.88928	470.75	139.5	203.75	1.0	1114267.0	173880
525.00653	478.75	175.875	193.625	1.0	1114267.0	173880
60.16374	258.75	108.5	76.1875	1.0	1114267.0	173880
66.602196	461.25	36.28125	15.671875	1.0	1114267.0	173880
55.01085	370.5	52.46875	102.0625	1.0	1114267.0	173880
86.099686	430.25	32.96875	179.75	1.0	1114267.0	173880
181.53006	314.5	100.0625	128.625	1.0	1114267.0	173880
87.60261	313.25	89.3125	147.875	1.0	1114267.0	173880
273.24365	634.0	39.96875	139.75	1.0	1114267.0	173880
343.81012	555.0	30.0	107.9375	1.0	1114267.0	173880
248.24046	502.5	44.46875	101.375	1.0	1114267.0	173880
147.34773	372.25	106.5	155.625	1.0	1114267.0	173880
693.44904	740.0	93.1875	201.0	1.0	1114267.0	173880
121.878525	389.25	30.234375	136.625	1.0	1114267.0	173880
80.11887	371.75	132.625	146.125	1.0	1114267.0	173880
135.71655	315.25	41.84375	22.0	1.0	1114267.0	173880
68.92078	421.5	51.9375	127.75	1.0	1114267.0	173880
764.3428	506.75	146.75	152.875	1.0	1114267.0	173880
234.26262	501.75	112.375	190.375	1.0	1114267.0	173880
200.57147	344.75	70.1875	74.5	1.0	1114267.0	173880
73.35325	271.25	61.3125	101.75	1.0	1114267.0	173880
509.3524	520.0	37.84375	133.5	1.0	1114267.0	173880
420.04648	689.5	139.75	218.625	1.0	1114267.0	173880
385.83444	527.5	114.9375	197.125	1.0	1114267.0	173880
177.44273	229.0	89.5625	95.375	1.0	1114267.0	173880
55.250645	406.5	32.34375	10.3515625	1.0	1114267.0	173880
334.3875	469.5	92.875	135.5	1.0	1114267.0	173880
121.87073	320.5	44.03125	85.3125	1.0	1114267.0	173880
291.95963	523.0	77.3125	114.4375	1.0	1114267.0	173880
71.43693	339.5	26.4375	4.0585938	1.0	1114267.0	173880
108.703445	407.0	181.75	169.625	1.0	1114267.0	173880
178.89044	444.0	51.5	113.6875	1.0	1114267.0	173880
114.32982	337.25	112.0	136.5	1.0	1114267.0	173880
165.79106	482.75	162.25	160.375	1.0	1114267.0	173880
159.13509	444.0	87.25	155.0	1.0	1114267.0	173880
141.26132	322.75	62.3125	97.5	1.0	1114267.0	173880
289.28665	511.75	67.0	120.5625	1.0	1114267.0	173880
165.51765	330.5	36.59375	79.4375	1.0	1114267.0	173880
225.21062	371.75	110.8125	11.75	1.0	1114267.0	173880
104.98707	313.5	40.46875	21.46875	1.0	1114267.0	173880
179.01193	420.0	39.53125	54.15625	1.0	1114267.0	173880
512.30475	512.5	102.1875	141.125	1.0	1114267.0	173880
125.51178	446.5	103.8125	184.25	1.0	1114267.0	173880
521.55396	503.75	36.9375	168.5	1.0	1114267.0	173880
112.00613	298.5	27.859375	53.46875	1.0	1114267.0	173880
72.535835	387.0	34.9375	132.625	1.0	1114267.0	173880
115.27406	315.5	75.125	123.0	1.0	1114267.0	173880
58.057983	325.5	57.15625	105.3125	1.0	1114267.0	173880
318.306	510.75	122.375	143.125	1.0	1114267.0	173880
77.85147	467.75	99.875	178.625	1.0	1114267.0	173880
219.4661	318.0	111.6875	2.0976562	1.0	1114267.0	173880
236.0354	459.75	56.6875	147.75	1.0	1114267.0	173880
491.66074	749.0	86.125	150.875	1.0	1114267.0	173880
74.044395	431.75	62.90625	133.75	1.0	1114267.0	173880
315.30963	436.75	150.125	167.625	1.0	1114267.0	173880
174.38354	293.25	119.0625	110.5625	1.0	1114267.0	173880
155.15408	283.5	122.4375	127.75	1.0	1114267.0	173880
292.11554	483.75	115.1875	158.375	1.0	1114267.0	173880
50.206856	279.0	61.1875	127.3125	1.0	1114267.0	173880
58.503822	422.25	37.15625	116.0625	1.0	1114267.0	173880
66.83972	339.5	44.09375	136.25	1.0	1114267.0	173880
242.64435	413.5	169.5	188.75	1.0	1114267.0	173880
41.25738	371.75	75.3125	0.7080078	1.0	1114267.0	173880
166.56877	450.75	84.0	234.875	1.0	1114267.0	173880
92.86525	376.75	117.75	166.75	1.0	1114267.0	173880
165.79227	575.5	139.75	201.25	1.0	1114267.0	173880
141.90233	461.25	83.3125	187.375	1.0	1114267.0	173880
42.9054	234.0	120.25	65.5625	1.0	1114267.0	173880
47.407368	306.5	76.75	1.5498047	1.0	1114267.0	173880
161.26677	333.25	43.6875	65.875	1.0	1114267.0	173880
135.39894	374.5	60.9375	131.25	1.0	1114267.0	173880
343.2497	411.0	164.625	199.25	1.0	1114267.0	173880
47.285122	302.0	86.75	118.9375	1.0	1114267.0	173880
104.54738	438.0	62.28125	172.25	1.0	1114267.0	173880
458.02878	423.25	82.8125	183.125	1.0	1114267.0	173880
202.53294	451.0	71.6875	89.1875	1.0	1114267.0	173880
155.65984	434.0	124.25	48.6875	1.0	1114267.0	173880
131.52684	397.75	67.25	135.0	1.0	1114267.0	173880
46.955185	329.75	113.0625	4.3789062	1.0	1114267.0	173880
113.01597	392.5	40.71875	163.5	1.0	1114267.0	173880
120.03062	345.25	161.625	137.125	1.0	1114267.0	173880
584.00006	641.5	116.375	196.625	1.0	1114267.0	173880
403.68582	466.0	45.1875	141.125	1.0	1114267.0	173880
255.16565	503.25	111.875	159.5	1.0	1114267.0	173880
163.64108	444.5	84.8125	237.75	1.0	1114267.0	173880
223.78252	356.5	78.5625	177.125	1.0	1114267.0	173880
177.10555	409.25	50.625	31.40625	1.0	1114267.0	173880
326.93146	377.25	152.0	165.25	1.0	1114267.0	173880
91.60482	212.375	56.03125	32.65625	1.0	1114267.0	173880
63.25385	349.25	99.6875	161.875	1.0	1114267.0	173880
325.29944	562.0	146.0	122.5	1.0	1114267.0	173880
172.22598	380.0	32.1875	157.5	1.0	1114267.0	173880
311.07495	554.5	147.25	208.5	1.0	1114267.0	173880
73.86655	406.25	26.828125	0.29858398	1.0	1114267.0	173880
481.35226	503.75	54.71875	49.53125	1.0	1114267.0	173880
337.82938	542.5	74.5	183.25	1.0	1114267.0	173880
186.61272	471.5	152.5	164.0	1.0	1114267.0	173880
54.499214	361.0	98.125	86.9375	1.0	1114267.0	173880
77.39772	282.0	156.125	80.0625	1.0	1114267.0	173880
123.65771	368.75	59.34375	6.96875	1.0	1114267.0	173880
101.30754	245.25	28.59375	99.25	1.0	1114267.0	173880
180.12085	298.0	98.8125	103.25	1.0	1114267.0	173880
232.96959	538.0	41.40625	92.125	1.0	1114267.0	173880
60.669884	374.25	46.8125	56.34375	1.0	1114267.0	173880
99.76949	315.0	56.9375	3.2226562	1.0	1114267.0	173880
124.32358	365.75	37.1875	134.125	1.0	1114267.0	173880
119.44656	386.75	136.375	163.625	1.0	1114267.0	173880
157.84172	372.25	41.34375	121.8125	1.0	1114267.0	173880
242.27852	262.75	91.1875	101.625	1.0	1114267.0	173880
621.6631	583.0	65.625	63.78125	1.0	1114267.0	173880
120.28656	376.0	119.4375	176.75	1.0	1114267.0	173880
276.89557	577.0	41.84375	211.375	1.0	1114267.0	173880
121.70729	368.25	33.625	131.5	1.0	1114267.0	173880
44.69151	374.75	25.28125	160.875	1.0	1114267.0	173880
306.53998	357.75	88.1875	128.375	1.0	1114267.0	173880
167.78015	493.0	33.78125	174.75	1.0	1114267.0	173880
415.45795	405.5	75.5	167.375	1.0	1114267.0	173880
104.40816	250.625	181.5	81.0	1.0	1114267.0	173880
134.40994	326.25	125.4375	139.25	1.0	1114267.0	173880
484.37674	532.0	101.75	3.4707031	1.0	1114267.0	173880
102.49597	308.75	117.8125	16.46875	1.0	1114267.0	173880
328.16846	488.25	130.0	168.875	1.0	1114267.0	173880
124.6201	523.5	25.828125	181.0	1.0	1114267.0	173880
107.816986	286.75	72.0	70.875	1.0	1114267.0	173880
389.73657	376.5	150.375	121.6875	1.0	1114267.0	173880
251.34216	380.25	30.328125	143.375	1.0	1114267.0	173880
106.16806	306.75	89.625	8.7109375	1.0	1114267.0	173880
553.787	747.5	168.5	254.25	1.0	1114267.0	173880
402.13226	715.5	109.9375	165.0	1.0	1114267.0	173880
60.26116	290.75	48.46875	2.8398438	1.0	1114267.0	173880
46.916203	288.5	66.75	49.625	1.0	1114267.0	173880
87.0497	286.5	64.0625	92.9375	1.0	1114267.0	173880
124.395546	374.5	45.40625	91.375	1.0	1114267.0	173880
70.467384	363.0	98.9375	155.25	1.0	1114267.0	173880
76.62957	297.5	54.59375	104.3125	1.0	1114267.0	173880
169.53471	384.75	123.6875	173.0	1.0	1114267.0	173880
126.47801	401.0	31.828125	94.8125	1.0	1114267.0	173880
159.22467	384.75	142.5	172.125	1.0	1114267.0	173880
156.9409	220.5	178.75	2.5371094	1.0	1114267.0	173880
135.59856	499.75	34.46875	217.75	1.0	1114267.0	173880
267.16818	551.5	100.25	127.8125	1.0	1114267.0	173880
193.05241	354.25	102.0	168.375	1.0	1114267.0	173880
216.94897	367.5	55.15625	97.6875	1.0	1114267.0	173880
198.14676	333.75	158.0	53.09375	1.0	1114267.0	173880
64.65493	399.75	48.4375	8.0625	1.0	1114267.0	173880
433.55984	512.5	135.75	149.125	1.0	1114267.0	173880
331.50143	550.0	120.25	160.625	1.0	1114267.0	173880
148.2332	448.25	153.125	174.875	1.0	1114267.0	173880
606.86957	591.0	69.875	134.5	1.0	1114267.0	173880
75.81013	313.75	50.625	153.625	1.0	1114267.0	173880
154.24016	396.75	26.015625	160.125	1.0	1114267.0	173880
41.185074	408.5	47.75	122.0625	1.0	1114267.0	173880
109.13234	417.0	29.375	170.125	1.0	1114267.0	173880
125.95538	464.75	125.6875	171.625	1.0	1114267.0	173880
74.77999	347.5	50.28125	106.8125	1.0	1114267.0	173880
135.61725	206.25	61.0625	68.875	1.0	1114267.0	173880
151.3779	440.25	75.625	160.75	1.0	1114267.0	173880
150.59427	409.5	81.75	6.6367188	1.0	1114267.0	173880
75.9815	265.0	35.5	19.140625	1.0	1114267.0	173880
230.9074	419.5	115.0	211.75	1.0	1114267.0	173880
121.10393	348.5	36.84375	128.75	1.0	1114267.0	173880
132.68637	298.0	27.359375	100.25	1.0	1114267.0	173880
102.96619	205.375	73.8125	82.0	1.0	1114267.0	173880
45.19825	398.0	187.75	181.125	1.0	1114267.0	173880
189.99661	387.75	44.53125	185.375	1.0	1114267.0	173880
100.235535	327.0	33.8125	149.0	1.0	1114267.0	173880
106.63477	280.0	37.0	116.0	1.0	1114267.0	173880
64.403145	353.75	93.8125	120.0625	1.0	1114267.0	173880
407.51993	528.5	61.6875	68.0625	1.0	1114267.0	173880
89.28402	482.25	38.3125	176.0	1.0	1114267.0	173880
69.47816	327.5	150.25	156.75	1.0	1114267.0	173880
76.828865	297.5	85.6875	97.5625	1.0	1114267.0	173880
344.04593	444.5	104.0	143.375	1.0	1114267.0	173880
259.3561	500.25	73.3125	0.51123047	1.0	1114267.0	173880
210.88863	450.5	29.390625	185.375	1.0	1114267.0	173880
151.24367	417.5	29.734375	178.0	1.0	1114267.0	173880
113.96418	261.75	80.375	99.625	1.0	1114267.0	173880
113.835075	321.75	96.875	128.75	1.0	1114267.0	173880
148.37506	398.25	177.375	186.875	1.0	1114267.0	173880
388.89554	622.5	115.6875	172.75	1.0	1114267.0	173880
81.319084	346.5	135.75	159.375	1.0	1114267.0	173880
193.4253	416.25	185.625	188.875	1.0	1114267.0	173880
162.63927	334.5	29.015625	143.5	1.0	1114267.0	173880
151.97589	259.5	43.03125	104.3125	1.0	1114267.0	173880
462.9276	476.25	115.0625	194.125	1.0	1114267.0	173880
92.428986	469.0	61.34375	196.5	1.0	1114267.0	173880
118.99929	304.5	60.5625	127.3125	1.0	1114267.0	173880
341.8909	580.5	29.21875	116.6875	1.0	1114267.0	173880
446.70605	473.5	99.125	111.9375	1.0	1114267.0	173880
162.65286	374.25	173.0	166.75	1.0	1114267.0	173880
214.42574	381.75	114.125	154.375	1.0	1114267.0	173880
68.04441	355.25	69.9375	147.875	1.0	1114267.0	173880
69.99864	324.0	65.4375	105.8125	1.0	1114267.0	173880
98.58534	334.5	84.5625	6.0273438	1.0	1114267.0	173880
133.34846	466.25	119.75	197.0	1.0	1114267.0	173880
68.69603	320.75	109.0625	2.4335938	1.0	1114267.0	173880
611.65814	455.25	74.4375	243.875	1.0	1114267.0	173880
62.46242	368.25	55.5	5.0859375	1.0	1114267.0	173880
515.391	514.0	132.625	119.6875	1.0	1114267.0	173880
161.10281	303.5	38.65625	98.625	1.0	1114267.0	173880
68.55479	390.25	35.34375	0.020401001	1.0	1114267.0	173880
238.49199	501.75	131.375	163.75	1.0	1114267.0	173880
84.088844	355.5	80.5	175.625	1.0	1114267.0	173880
471.47958	501.0	54.25	172.375	1.0	1114267.0	173880
150.665	334.0	26.53125	135.125	1.0	1114267.0	173880
116.32895	242.0	51.3125	90.4375	1.0	1114267.0	173880
81.82065	419.25	69.5	167.875	1.0	1114267.0	173880
72.39827	370.75	35.8125	105.75	1.0	1114267.0	173880
443.99796	508.0	152.125	174.375	1.0	1114267.0	173880
44.877808	382.0	149.25	2.4394531	1.0	1114267.0	173880
315.99817	603.0	98.6875	153.875	1.0	1114267.0	173880
139.34106	418.0	180.625	172.125	1.0	1114267.0	173880
459.042	336.5	75.5	147.0	1.0	1114267.0	173880
602.25165	724.5	73.125	126.75	1.0	1114267.0	173880
251.5797	411.75	31.296875	125.0	1.0	1114267.0	173880
186.38594	308.75	150.625	104.125	1.0	1114267.0	173880
124.048805	438.25	73.25	191.25	1.0	1114267.0	173880
126.28395	414.75	108.125	150.125	1.0	1114267.0	173880
584.60565	617.5	63.09375	174.875	1.0	1114267.0	173880
582.764	564.5	143.125	186.0	1.0	1114267.0	173880
357.55026	440.0	42.65625	143.875	1.0	1114267.0	173880
258.89874	281.0	28.71875	6.3515625	1.0	1114267.0	173880
320.19348	218.625	60.03125	98.0625	1.0	1114267.0	173880
60.606148	313.75	37.9375	117.0	1.0	1114267.0	173880
79.87403	402.5	90.5625	145.125	1.0	1114267.0	173880
92.863914	413.75	40.625	163.625	1.0	1114267.0	173880
86.49628	461.0	74.125	77.5	1.0	1114267.0	173880
96.63518	447.5	105.5625	165.375	1.0	1114267.0	173880
74.99727	415.5	109.125	178.5	1.0	1114267.0	173880
148.53671	380.75	184.0	156.375	1.0	1114267.0	173880
272.63257	386.75	78.1875	130.625	1.0	1114267.0	173880
103.65058	366.75	99.4375	2.5644531	1.0	1114267.0	173880
97.82022	290.5	55.90625	131.5	1.0	1114267.0	173880
192.7925	469.0	45.4375	81.0	1.0	1114267.0	173880
215.93623	426.25	46.78125	185.875	1.0	1114267.0	173880
291.55978	413.5	126.5625	138.25	1.0	1114267.0	173880
101.41997	391.75	50.40625	141.875	1.0	1114267.0	173880
141.81526	358.0	37.375	125.375	1.0	1114267.0	173880
649.36426	579.5	134.625	245.25	1.0	1114267.0	173880
57.591663	306.75	62.0	124.4375	1.0	1114267.0	173880
100.45624	403.75	139.375	158.25	1.0	1114267.0	173880
600.2129	418.75	53.59375	159.0	1.0	1114267.0	173880
292.86847	484.5	34.0625	141.625	1.0	1114267.0	173880
402.1183	507.75	142.25	173.625	1.0	1114267.0	173880
406.6205	588.0	40.34375	231.5	1.0	1114267.0	173880
372.4834	377.25	71.25	89.4375	1.0	1114267.0	173880
45.536034	330.5	36.875	74.75	1.0	1114267.0	173880
310.1646	477.5	203.0	177.625	1.0	1114267.0	173880
217.9672	491.75	35.0625	181.5	1.0	1114267.0	173880
82.63826	399.0	89.5	154.125	1.0	1114267.0	173880
72.45553	381.5	29.328125	108.25	1.0	1114267.0	173880
114.1589	429.5	66.0	123.3125	1.0	1114267.0	173880
565.6068	721.0	63.46875	140.75	1.0	1114267.0	173880
203.43959	430.75	99.5	153.875	1.0	1114267.0	173880
51.742546	381.0	47.28125	1.7578125	1.0	1114267.0	173880
142.60236	489.25	85.9375	136.375	1.0	1114267.0	173880
108.58328	441.5	63.375	110.625	1.0	1114267.0	173880
99.44974	271.25	39.6875	84.625	1.0	1114267.0	173880
56.891644	345.25	113.6875	23.765625	1.0	1114267.0	173880
110.00628	366.75	33.59375	165.75	1.0	1114267.0	173880
93.138	372.25	157.5	140.75	1.0	1114267.0	173880
157.0372	464.0	52.9375	49.65625	1.0	1114267.0	173880
381.33932	538.5	38.71875	192.875	1.0	1114267.0	173880
254.68343	337.25	104.6875	146.75	1.0	1114267.0	173880
151.17966	397.25	47.4375	165.375	1.0	1114267.0	173880
148.71222	290.75	93.375	112.25	1.0	1114267.0	173880
235.64519	398.75	120.8125	141.875	1.0	1114267.0	173880
129.79062	325.5	33.75	139.25	1.0	1114267.0	173880
237.65936	438.75	75.1875	132.875	1.0	1114267.0	173880
155.80878	402.0	131.75	156.5	1.0	1114267.0	173880
468.1218	575.0	90.75	191.625	1.0	1114267.0	173880
143.7476	286.25	95.5625	7.9648438	1.0	1114267.0	173880
70.822495	365.5	90.9375	6.03125	1.0	1114267.0	173880
380.4777	574.5	37.71875	150.125	1.0	1114267.0	173880
219.72224	396.75	55.46875	152.75	1.0	1114267.0	173880
341.58524	577.5	35.25	174.375	1.0	1114267.0	173880
80.906876	284.25	29.5625	129.0	1.0	1114267.0	173880
491.57053	532.5	107.4375	169.375	1.0	1114267.0	173880
271.22815	302.75	109.1875	6.6992188	1.0	1114267.0	173880
68.21371	338.5	41.65625	24.984375	1.0	1114267.0	173880
50.415462	390.25	116.875	151.5	1.0	1114267.0	173880
165.27597	373.0	116.4375	107.875	1.0	1114267.0	173880
146.30428	541.0	46.65625	144.5	1.0	1114267.0	173880
165.3141	471.5	171.875	193.125	1.0	1114267.0	173880
171.49841	389.0	47.21875	100.3125	1.0	1114267.0	173880
329.5044	492.5	164.625	192.5	1.0	1114267.0	173880
278.24933	440.75	160.625	169.875	1.0	1114267.0	173880
201.41383	341.75	107.75	160.375	1.0	1114267.0	173880
82.2053	275.75	64.8125	95.25	1.0	1114267.0	173880
455.6417	531.0	123.9375	160.5	1.0	1114267.0	173880
271.79333	423.75	81.25	69.4375	1.0	1114267.0	173880
238.27391	440.75	52.375	205.125	1.0	1114267.0	173880
382.8951	639.5	80.25	201.5	1.0	1114267.0	173880
67.286575	464.0	89.9375	208.125	1.0	1114267.0	173880
536.32855	497.25	72.0	137.0	1.0	1114267.0	173880
41.11398	359.0	105.625	146.375	1.0	1114267.0	173880
223.99721	322.25	44.3125	27.40625	1.0	1114267.0	173880
553.5264	609.5	44.78125	131.25	1.0	1114267.0	173880
111.06169	234.375	87.6875	24.25	1.0	1114267.0	173880
56.005753	362.25	59.59375	134.375	1.0	1114267.0	173880
67.31726	321.75	48.0625	153.125	1.0	1114267.0	173880
621.6965	604.0	86.125	111.75	1.0	1114267.0	173880
117.13435	270.25	26.3125	105.4375	1.0	1114267.0	173880
284.0919	439.75	141.5	95.125	1.0	1114267.0	173880
100.61309	341.25	96.875	7.7617188	1.0	1114267.0	173880
97.25841	372.75	58.5	97.0	1.0	1114267.0	173880
94.29918	396.25	39.1875	142.0	1.0	1114267.0	173880
64.01881	256.25	43.3125	104.8125	1.0	1114267.0	173880
82.759056	443.25	76.0625	1.9560547	1.0	1114267.0	173880
147.30235	421.25	63.75	141.125	1.0	1114267.0	173880
350.54135	450.25	115.3125	201.0	1.0	1114267.0	173880
238.58574	562.5	79.0625	187.0	1.0	1114267.0	173880
252.6412	426.25	81.0	127.75	1.0	1114267.0	173880
214.16736	288.75	70.1875	119.8125	1.0	1114267.0	173880
141.37764	464.0	95.625	158.5	1.0	1114267.0	173880
127.35663	286.5	126.125	118.1875	1.0	1114267.0	173880
82.5229	387.25	32.875	4.765625	1.0	1114267.0	173880
90.21524	292.25	72.0625	117.0	1.0	1114267.0	173880
256.4387	376.5	40.125	79.0625	1.0	1114267.0	173880
304.4285	410.0	103.3125	176.625	1.0	1114267.0	173880
102.170525	288.0	76.375	119.75	1.0	1114267.0	173880
111.44853	350.75	47.75	0.99560547	1.0	1114267.0	173880
230.0278	480.5	152.5	169.625	1.0	1114267.0	173880
107.90136	409.0	54.34375	88.0	1.0	1114267.0	173880
186.56389	393.0	29.71875	187.375	1.0	1114267.0	173880
481.70593	526.5	50.4375	220.25	1.0	1114267.0	173880
83.29116	406.5	193.0	4.3125	1.0	1114267.0	173880
121.27217	371.0	104.9375	117.375	1.0	1114267.0	173880
58.073486	312.0	70.5625	112.6875	1.0	1114267.0	173880
47.014328	254.75	34.5	120.6875	1.0	1114267.0	173880
325.6321	473.5	29.359375	129.875	1.0	1114267.0	173880
463.1583	681.5	31.546875	15.1640625	1.0	1114267.0	173880
404.9591	403.75	140.125	157.625	1.0	1114267.0	173880
86.90189	378.25	60.46875	151.75	1.0	1114267.0	173880
93.496765	409.0	102.0625	1.9912109	1.0	1114267.0	173880
151.1152	329.0	82.3125	128.625	1.0	1114267.0	173880
141.29704	446.75	73.8125	149.25	1.0	1114267.0	173880
104.41298	309.25	88.0	33.75	1.0	1114267.0	173880
248.6284	391.75	29.421875	10.1484375	1.0	1114267.0	173880
71.50026	408.75	91.0	152.625	1.0	1114267.0	173880
312.05008	494.75	153.625	134.75	1.0	1114267.0	173880
258.8271	413.5	63.1875	170.25	1.0	1114267.0	173880
248.83058	469.5	37.625	212.125	1.0	1114267.0	173880
510.68106	712.0	27.859375	202.875	1.0	1114267.0	173880
516.2643	573.0	78.0625	208.375	1.0	1114267.0	173880
405.17474	583.5	116.5	166.125	1.0	1114267.0	173880
118.75513	316.0	37.75	115.625	1.0	1114267.0	173880
98.77089	342.0	72.0625	2.4238281	1.0	1114267.0	173880
355.34616	522.5	41.34375	156.625	1.0	1114267.0	173880
396.07483	517.0	39.6875	117.4375	1.0	1114267.0	173880
101.07303	312.0	44.15625	109.75	1.0	1114267.0	173880
680.9539	428.5	116.6875	196.625	1.0	1114267.0	173880
249.64658	536.0	26.859375	150.5	1.0	1114267.0	173880
347.50574	667.0	306.5	277.25	1.0	1114267.0	173880
530.5165	540.5	86.0625	188.125	1.0	1114267.0	173880
40.447502	362.0	106.5625	5.59375	1.0	1114267.0	173880
251.00856	408.25	37.9375	132.125	1.0	1114267.0	173880
293.65024	459.5	68.1875	157.125	1.0	1114267.0	173880
492.10632	675.5	50.21875	91.5	1.0	1114267.0	173880
58.32489	341.75	100.25	142.125	1.0	1114267.0	173880
76.12466	353.25	127.5	0.8041992	1.0	1114267.0	173880
187.76825	357.5	101.3125	1.2958984	1.0	1114267.0	173880
71.72985	385.75	107.5625	154.375	1.0	1114267.0	173880
49.330853	454.25	41.875	152.125	1.0	1114267.0	173880
92.852135	253.75	84.875	100.8125	1.0	1114267.0	173880
361.46616	523.5	28.953125	203.75	1.0	1114267.0	173880
77.8943	396.5	62.5	133.0	1.0	1114267.0	173880
169.81998	246.625	156.375	45.875	1.0	1114267.0	173880
66.23445	441.0	135.375	127.6875	1.0	1114267.0	173880
80.88238	328.0	50.5	1.2441406	1.0	1114267.0	173880
198.37662	424.25	136.375	149.75	1.0	1114267.0	173880
51.12582	325.25	33.28125	147.0	1.0	1114267.0	173880
87.59906	245.375	98.0625	104.5625	1.0	1114267.0	173880
391.18686	510.5	92.5	156.75	1.0	1114267.0	173880
158.50146	260.75	85.0625	109.625	1.0	1114267.0	173880
149.97733	405.0	94.5	147.25	1.0	1114267.0	173880
149.6599	465.0	116.75	141.25	1.0	1114267.0	173880
537.9364	431.5	28.40625	183.5	1.0	1114267.0	173880
141.98402	364.25	111.375	132.0	1.0	1114267.0	173880
104.541275	324.5	81.5625	165.625	1.0	1114267.0	173880
114.5084	434.5	172.0	184.75	1.0	1114267.0	173880
167.86719	397.25	135.125	190.5	1.0	1114267.0	173880
428.52643	319.5	132.25	57.15625	1.0	1114267.0	173880
118.0909	381.5	100.4375	150.25	1.0	1114267.0	173880
163.31429	595.0	252.5	229.625	1.0	1114267.0	173880
85.2662	325.75	49.5625	141.375	1.0	1114267.0	173880
80.66209	310.25	39.6875	126.9375	1.0	1114267.0	173880
130.18344	444.5	137.125	215.25	1.0	1114267.0	173880
81.723274	440.25	92.0625	172.25	1.0	1114267.0	173880
76.76592	373.0	147.125	172.5	1.0	1114267.0	173880
109.515564	479.75	132.5	178.0	1.0	1114267.0	173880
63.040707	450.75	109.625	177.875	1.0	1114267.0	173880
220.52037	502.5	144.25	165.125	1.0	1114267.0	173880
140.56131	332.25	140.875	163.0	1.0	1114267.0	173880
52.432396	439.25	33.90625	179.75	1.0	1114267.0	173880
224.31206	344.25	52.59375	129.5	1.0	1114267.0	173880
191.2043	398.5	98.125	3.5234375	1.0	1114267.0	173880
44.9256	259.75	74.0625	71.6875	1.0	1114267.0	173880
60.811687	312.25	128.25	120.25	1.0	1114267.0	173880
191.05856	308.0	149.25	71.625	1.0	1114267.0	173880
95.16487	475.0	162.75	147.25	1.0	1114267.0	173880
202.23566	343.0	122.625	7.65625	1.0	1114267.0	173880
96.77728	315.25	93.3125	117.0625	1.0	1114267.0	173880
232.80887	421.75	132.375	145.875	1.0	1114267.0	173880
317.13824	490.0	171.25	174.5	1.0	1114267.0	173880
71.457565	360.0	92.3125	149.0	1.0	1114267.0	173880
277.14734	510.75	67.8125	178.125	1.0	1114267.0	173880
255.11311	270.25	51.0625	140.125	1.0	1114267.0	173880
180.45615	336.5	35.09375	141.125	1.0	1114267.0	173880
106.93584	400.0	112.8125	146.25	1.0	1114267.0	173880
206.12357	397.5	171.625	146.75	1.0	1114267.0	173880
125.02743	283.5	59.28125	116.5625	1.0	1114267.0	173880
135.38484	344.5	104.5	116.1875	1.0	1114267.0	173880
122.87296	381.5	30.46875	171.375	1.0	1114267.0	173880
80.08358	415.5	141.75	141.75	1.0	1114267.0	173880
377.85855	731.5	64.625	68.4375	1.0	1114267.0	173880
52.93905	404.0	62.5	4.0976562	1.0	1114267.0	173880
61.85248	327.0	85.5	6.734375	1.0	1114267.0	173880
630.0701	428.25	45.53125	1.5976562	1.0	1114267.0	173880
79.60418	442.25	59.59375	126.1875	1.0	1114267.0	173880
366.95334	436.75	39.9375	153.75	1.0	1114267.0	173880
191.03429	484.0	47.03125	127.5625	1.0	1114267.0	173880
67.609406	374.0	117.375	151.625	1.0	1114267.0	173880
57.415203	355.75	154.5	128.75	1.0	1114267.0	173880
428.26105	537.0	91.0625	139.25	1.0	1114267.0	173880
57.922447	345.0	68.125	5.5546875	1.0	1114267.0	173880
108.88693	485.5	26.21875	179.25	1.0	1114267.0	173880
226.27817	460.0	41.65625	227.0	1.0	1114267.0	173880
149.2889	363.5	87.6875	147.0	1.0	1114267.0	173880
285.1742	414.5	64.25	131.875	1.0	1114267.0	173880
206.68323	444.75	171.25	178.5	1.0	1114267.0	173880
46.911217	390.5	87.75	3.5097656	1.0	1114267.0	173880
399.72818	597.0	78.3125	205.125	1.0	1114267.0	173880
406.02252	478.5	31.296875	106.25	1.0	1114267.0	173880
101.97598	248.75	63.25	106.8125	1.0	1114267.0	173880
131.7306	428.25	119.3125	184.75	1.0	1114267.0	173880
418.47693	504.25	53.375	170.875	1.0	1114267.0	173880
95.31367	354.0	147.625	153.0	1.0	1114267.0	173880
143.48975	377.5	28.703125	121.3125	1.0	1114267.0	173880
143.24928	404.25	153.875	170.75	1.0	1114267.0	173880
77.5817	363.75	37.6875	42.9375	1.0	1114267.0	173880
150.7704	296.25	128.375	130.25	1.0	1114267.0	173880
99.28217	303.0	129.875	139.0	1.0	1114267.0	173880
384.84845	503.75	33.21875	150.25	1.0	1114267.0	173880
360.27045	551.5	38.71875	183.25	1.0	1114267.0	173880
43.41444	343.25	113.9375	148.625	1.0	1114267.0	173880
115.59183	333.5	114.5	142.5	1.0	1114267.0	173880
124.08133	462.0	32.4375	209.25	1.0	1114267.0	173880
206.61903	401.75	59.53125	88.875	1.0	1114267.0	173880
93.01793	456.5	53.125	144.125	1.0	1114267.0	173880
488.781	400.75	174.5	183.75	1.0	1114267.0	173880
179.07898	465.75	107.3125	166.5	1.0	1114267.0	173880
251.1168	448.0	88.625	217.875	1.0	1114267.0	173880
152.50073	366.25	47.8125	152.875	1.0	1114267.0	173880
111.19468	314.75	61.5	135.125	1.0	1114267.0	173880
358.31247	686.5	77.0	155.0	1.0	1114267.0	173880
284.7715	544.5	48.15625	158.375	1.0	1114267.0	173880
84.25688	306.5	73.125	126.625	1.0	1114267.0	173880
314.20908	375.5	132.75	171.0	1.0	1114267.0	173880
387.2125	599.0	58.0	60.75	1.0	1114267.0	173880
110.052444	480.25	67.9375	127.625	1.0	1114267.0	173880
145.50644	240.5	74.0	29.78125	1.0	1114267.0	173880
476.20508	434.25	71.4375	93.0625	1.0	1114267.0	173880
206.69746	395.75	135.75	140.0	1.0	1114267.0	173880
81.03014	328.0	35.0625	88.75	1.0	1114267.0	173880
164.21423	385.75	70.4375	141.75	1.0	1114267.0	173880
60.79404	336.75	73.75	100.4375	1.0	1114267.0	173880
299.7336	400.0	32.0625	141.625	1.0	1114267.0	173880
158.703	473.0	127.4375	146.625	1.0	1114267.0	173880
30.090601	335.75	128.875	145.0	1.0	1114267.0	173880
90.3216	414.0	91.0	5.1289062	1.0	1114267.0	173880
108.33889	293.25	36.03125	132.0	1.0	1114267.0	173880
192.28539	439.0	117.1875	165.5	1.0	1114267.0	173880
479.08603	578.5	97.9375	169.875	1.0	1114267.0	173880
382.92728	473.0	88.1875	89.0	1.0	1114267.0	173880
149.97699	323.25	244.875	132.125	1.0	1114267.0	173880
248.33926	468.75	59.03125	80.25	1.0	1114267.0	173880
175.3692	438.0	129.375	179.875	1.0	1114267.0	173880
275.1481	408.0	41.25	127.375	1.0	1114267.0	173880
141.62106	412.5	99.75	112.5625	1.0	1114267.0	173880
75.46789	299.75	44.1875	8.40625	1.0	1114267.0	173880
495.56625	593.0	131.0	235.125	1.0	1114267.0	173880
317.07913	344.0	147.25	59.96875	1.0	1114267.0	173880
102.2938	348.25	40.5625	126.0625	1.0	1114267.0	173880
108.10888	318.0	56.1875	9.2109375	1.0	1114267.0	173880
175.58958	328.25	76.375	108.5625	1.0	1114267.0	173880
34.00983	390.0	28.015625	5.5625	1.0	1114267.0	173880
92.444435	394.25	25.765625	174.0	1.0	1114267.0	173880
236.28723	506.5	108.625	159.75	1.0	1114267.0	173880
203.39893	436.5	39.40625	119.8125	1.0	1114267.0	173880
410.05066	588.5	94.0625	175.125	1.0	1114267.0	173880
99.08543	301.0	82.0625	93.375	1.0	1114267.0	173880
562.79346	632.5	63.46875	2.6464844	1.0	1114267.0	173880
310.86633	348.25	118.9375	146.25	1.0	1114267.0	173880
167.17905	411.25	63.5625	122.5625	1.0	1114267.0	173880
61.7688	436.75	41.46875	139.0	1.0	1114267.0	173880
140.94408	266.25	123.3125	108.1875	1.0	1114267.0	173880
142.09875	344.5	41.9375	7.2539062	1.0	1114267.0	173880
236.85191	383.25	46.03125	145.5	1.0	1114267.0	173880
290.40662	424.0	81.0625	196.0	1.0	1114267.0	173880
121.204735	406.5	66.0625	155.125	1.0	1114267.0	173880
222.81076	399.5	107.25	174.375	1.0	1114267.0	173880
21.832863	303.75	50.3125	20.390625	1.0	1114267.0	173880
73.771545	369.0	46.34375	144.75	1.0	1114267.0	173880
55.496162	308.75	40.75	1.5439453	1.0	1114267.0	173880
76.39334	420.5	56.875	141.25	1.0	1114267.0	173880
248.25467	532.0	126.625	186.25	1.0	1114267.0	173880
140.09839	388.0	46.46875	172.5	1.0	1114267.0	173880
259.29486	423.0	180.5	172.25	1.0	1114267.0	173880
141.97604	452.0	123.4375	225.625	1.0	1114267.0	173880
355.45718	390.0	30.40625	146.875	1.0	1114267.0	173880
234.67133	409.0	105.0625	135.0	1.0	1114267.0	173880
205.75551	414.0	88.625	159.5	1.0	1114267.0	173880
116.83389	358.5	74.8125	135.125	1.0	1114267.0	173880
274.1818	489.5	25.015625	142.875	1.0	1114267.0	173880
73.91561	360.75	102.75	141.75	1.0	1114267.0	173880
280.4606	499.25	51.8125	169.375	1.0	1114267.0	173880
159.55356	327.5	84.4375	143.25	1.0	1114267.0	173880
193.77113	395.0	28.796875	81.375	1.0	1114267.0	173880
219.71452	421.25	101.3125	123.125	1.0	1114267.0	173880
162.21161	403.75	37.40625	169.875	1.0	1114267.0	173880
160.3907	461.0	95.625	3.2910156	1.0	1114267.0	173880
319.88702	430.0	162.375	181.625	1.0	1114267.0	173880
403.151	491.5	108.75	191.25	1.0	1114267.0	173880
230.41895	520.0	98.0625	138.125	1.0	1114267.0	173880
99.51422	406.5	111.5	197.875	1.0	1114267.0	173880
245.52635	417.75	46.78125	167.25	1.0	1114267.0	173880
51.720665	397.25	71.3125	1.65625	1.0	1114267.0	173880
312.8149	485.25	62.0625	142.5	1.0	1114267.0	173880
287.07135	511.25	130.75	176.375	1.0	1114267.0	173880
114.79416	435.25	30.484375	143.375	1.0	1114267.0	173880
237.9969	438.75	65.375	108.4375	1.0	1114267.0	173880
86.78038	317.0	76.875	87.5	1.0	1114267.0	173880
221.94534	496.25	97.625	176.75	1.0	1114267.0	173880
44.36157	366.0	77.125	127.0	1.0	1114267.0	173880
222.15434	436.0	93.6875	167.625	1.0	1114267.0	173880
423.25485	653.0	88.25	125.3125	1.0	1114267.0	173880
141.68071	519.5	132.125	194.125	1.0	1114267.0	173880
180.87552	379.75	187.125	182.625	1.0	1114267.0	173880
166.42094	328.25	82.0	2.125	1.0	1114267.0	173880
79.44811	283.25	172.0	115.0	1.0	1114267.0	173880
191.23114	404.5	76.625	140.625	1.0	1114267.0	173880
226.76738	397.5	189.875	189.75	1.0	1114267.0	173880
86.24843	397.0	104.8125	140.625	1.0	1114267.0	173880
517.9526	543.0	98.125	133.875	1.0	1114267.0	173880
163.38739	340.5	43.5	114.0625	1.0	1114267.0	173880
47.359184	359.0	81.0	5.203125	1.0	1114267.0	173880
300.34763	532.5	36.84375	189.75	1.0	1114267.0	173880
143.4341	397.5	82.8125	133.75	1.0	1114267.0	173880
223.24611	373.75	127.5	133.0	1.0	1114267.0	173880
144.17343	303.5	103.375	107.5625	1.0	1114267.0	173880
315.01517	438.75	88.3125	169.375	1.0	1114267.0	173880
97.63119	376.75	54.1875	127.8125	1.0	1114267.0	173880
200.78664	349.0	102.75	92.8125	1.0	1114267.0	173880
383.84494	513.5	127.0	174.625	1.0	1114267.0	173880
370.89102	435.25	188.875	179.75	1.0	1114267.0	173880
267.8856	417.75	44.0625	85.125	1.0	1114267.0	173880
693.0839	655.5	177.625	216.25	1.0	1114267.0	173880
143.64099	396.75	99.5625	155.625	1.0	1114267.0	173880
143.52336	326.0	86.625	105.375	1.0	1114267.0	173880
137.57022	390.75	39.5625	184.0	1.0	1114267.0	173880
107.63385	414.25	80.0625	34.40625	1.0	1114267.0	173880
90.55966	343.5	37.25	153.125	1.0	1114267.0	173880
98.89758	376.0	44.9375	154.875	1.0	1114267.0	173880
359.85483	651.5	104.1875	162.0	1.0	1114267.0	173880
335.08105	429.25	41.6875	104.0	1.0	1114267.0	173880
401.29086	510.75	30.5	197.625	1.0	1114267.0	173880
197.3288	464.0	55.0625	59.25	1.0	1114267.0	173880
145.1834	374.5	57.28125	110.5	1.0	1114267.0	173880
173.69188	457.75	105.5625	167.75	1.0	1114267.0	173880
68.171234	406.75	94.0	134.75	1.0	1114267.0	173880
145.74362	410.5	147.125	165.75	1.0	1114267.0	173880
169.73961	401.75	79.375	126.6875	1.0	1114267.0	173880
78.516304	311.5	71.125	16.5	1.0	1114267.0	173880
88.511314	362.75	31.71875	139.5	1.0	1114267.0	173880
181.59395	411.25	75.5	153.25	1.0	1114267.0	173880
220.09889	440.25	105.25	151.375	1.0	1114267.0	173880
197.25603	424.0	36.6875	84.5	1.0	1114267.0	173880
139.08618	479.25	163.625	158.375	1.0	1114267.0	173880
99.03683	460.75	31.234375	213.25	1.0	1114267.0	173880
91.91293	387.25	84.3125	0.9135742	1.0	1114267.0	173880
277.6797	302.0	79.75	89.5625	1.0	1114267.0	173880
63.2678	311.25	50.21875	125.8125	1.0	1114267.0	173880
466.14896	514.0	124.6875	210.75	1.0	1114267.0	173880
70.31171	350.25	84.625	63.28125	1.0	1114267.0	173880
122.889465	279.5	56.59375	122.1875	1.0	1114267.0	173880
49.31787	381.5	25.09375	158.5	1.0	1114267.0	173880
605.07776	663.0	122.3125	188.875	1.0	1114267.0	173880
95.03946	311.75	60.875	117.6875	1.0	1114267.0	173880
182.89558	406.75	45.90625	126.4375	1.0	1114267.0	173880
289.29156	472.5	43.0625	123.1875	1.0	1114267.0	173880
172.2477	488.5	67.375	160.625	1.0	1114267.0	173880
123.32222	457.75	165.375	155.5	1.0	1114267.0	173880
102.55139	366.0	93.5625	116.0625	1.0	1114267.0	173880
48.816208	210.5	33.8125	100.5625	1.0	1114267.0	173880
115.76305	407.0	127.75	169.375	1.0	1114267.0	173880
197.23412	436.25	135.875	12.8671875	1.0	1114267.0	173880
172.85854	290.25	55.375	107.375	1.0	1114267.0	173880
71.621704	380.75	55.125	88.625	1.0	1114267.0	173880
81.35637	251.5	72.3125	100.0625	1.0	1114267.0	173880
276.22223	470.25	223.875	198.75	1.0	1114267.0	173880
318.81915	433.0	31.84375	142.875	1.0	1114267.0	173880
350.54456	405.25	100.5625	175.25	1.0	1114267.0	173880
40.083828	377.5	74.1875	6.3007812	1.0	1114267.0	173880
207.00848	357.25	78.25	129.75	1.0	1114267.0	173880
40.25102	290.0	112.375	116.25	1.0	1114267.0	173880
447.03622	543.0	49.125	189.375	1.0	1114267.0	173880
311.3597	442.5	28.15625	169.125	1.0	1114267.0	173880
103.74835	424.0	66.875	127.0625	1.0	1114267.0	173880
49.55308	346.25	46.84375	4.2851562	1.0	1114267.0	173880
34.7857	296.5	59.34375	2.8164062	1.0	1114267.0	173880
415.15088	578.5	90.8125	179.5	1.0	1114267.0	173880
60.996872	375.5	26.625	132.75	1.0	1114267.0	173880
272.3883	435.75	70.125	157.5	1.0	1114267.0	173880
75.62274	402.25	97.375	185.5	1.0	1114267.0	173880
60.507923	382.75	34.21875	156.5	1.0	1114267.0	173880
285.97678	483.25	155.5	151.5	1.0	1114267.0	173880
106.78154	322.75	45.28125	134.0	1.0	1114267.0	173880
227.00517	431.5	74.0	153.375	1.0	1114267.0	173880
111.16348	339.0	149.25	149.25	1.0	1114267.0	173880
209.2231	488.0	66.4375	155.25	1.0	1114267.0	173880
71.40253	391.5	40.46875	113.875	1.0	1114267.0	173880
94.48417	418.0	108.75	11.0390625	1.0	1114267.0	173880
135.60034	209.125	36.1875	49.625	1.0	1114267.0	173880
232.9677	510.25	190.875	155.25	1.0	1114267.0	173880
157.23528	464.25	49.4375	75.25	1.0	1114267.0	173880
139.82153	318.5	60.25	128.375	1.0	1114267.0	173880
63.35596	292.5	78.1875	141.625	1.0	1114267.0	173880
259.60214	464.25	78.5	156.0	1.0	1114267.0	173880
141.37592	462.75	77.4375	166.0	1.0	1114267.0	173880
52.164116	443.75	36.65625	187.5	1.0	1114267.0	173880
42.26824	335.25	45.375	0.15942383	1.0	1114267.0	173880
52.551723	439.0	85.1875	3.1621094	1.0	1114267.0	173880
184.92227	439.75	104.125	28.515625	1.0	1114267.0	173880
47.69121	222.25	87.375	84.125	1.0	1114267.0	173880
92.747986	289.0	58.59375	106.875	1.0	1114267.0	173880
392.98642	587.5	179.75	252.25	1.0	1114267.0	173880
182.32307	376.0	122.75	163.125	1.0	1114267.0	173880
147.17615	272.75	151.5	116.5	1.0	1114267.0	173880
58.167995	407.0	89.5625	116.1875	1.0	1114267.0	173880
51.80067	362.0	47.3125	139.75	1.0	1114267.0	173880
481.55652	607.5	34.96875	172.625	1.0	1114267.0	173880
162.10573	440.25	193.625	193.125	1.0	1114267.0	173880
88.91279	201.5	99.875	58.15625	1.0	1114267.0	173880
43.403164	386.75	51.21875	7.546875	1.0	1114267.0	173880
56.001335	404.0	28.375	149.375	1.0	1114267.0	173880
265.69275	386.5	111.9375	102.25	1.0	1114267.0	173880
220.27516	357.0	91.0	92.875	1.0	1114267.0	173880
75.264114	360.75	119.1875	154.125	1.0	1114267.0	173880
355.27985	511.5	51.625	153.875	1.0	1114267.0	173880
114.28866	330.5	99.4375	152.625	1.0	1114267.0	173880
82.65389	399.5	25.046875	7.6484375	1.0	1114267.0	173880
55.305695	245.375	72.1875	113.375	1.0	1114267.0	173880
83.38681	329.75	81.9375	127.25	1.0	1114267.0	173880
216.55408	454.25	86.375	124.9375	1.0	1114267.0	173880
217.22049	467.25	76.9375	146.375	1.0	1114267.0	173880
54.010647	373.75	27.703125	118.75	1.0	1114267.0	173880
118.58004	459.5	138.375	8.4453125	1.0	1114267.0	173880
111.543106	318.0	37.40625	124.6875	1.0	1114267.0	173880
66.53454	364.0	46.3125	164.875	1.0	1114267.0	173880
163.55812	478.5	184.875	161.125	1.0	1114267.0	173880
98.13302	363.0	51.59375	150.375	1.0	1114267.0	173880
519.3783	453.5	174.0	133.25	1.0	1114267.0	173880
648.5884	445.75	57.21875	141.375	1.0	1114267.0	173880
284.8674	460.25	125.0	155.625	1.0	1114267.0	173880
109.104836	393.5	45.15625	153.5	1.0	1114267.0	173880
307.64874	504.0	27.78125	198.375	1.0	1114267.0	173880
286.53995	533.0	118.8125	177.5	1.0	1114267.0	173880
112.670944	234.0	97.9375	85.9375	1.0	1114267.0	173880
265.83276	430.5	48.09375	135.875	1.0	1114267.0	173880
290.53665	464.75	79.4375	170.0	1.0	1114267.0	173880
47.445858	297.5	39.375	110.4375	1.0	1114267.0	173880
260.25452	321.0	131.875	137.0	1.0	1114267.0	173880
95.666214	281.5	103.4375	105.5625	1.0	1114267.0	173880
528.2081	776.0	51.15625	100.375	1.0	1114267.0	173880
81.067856	332.75	133.0	138.125	1.0	1114267.0	173880
198.91682	427.75	160.25	188.375	1.0	1114267.0	173880
66.94302	327.75	76.125	129.625	1.0	1114267.0	173880
68.99126	365.5	87.9375	24.5625	1.0	1114267.0	173880
60.424706	276.5	78.6875	115.0	1.0	1114267.0	173880
63.999004	361.75	66.375	26.15625	1.0	1114267.0	173880
53.405388	322.25	82.8125	0.93847656	1.0	1114267.0	173880
66.47318	432.25	180.625	190.0	1.0	1114267.0	173880
227.99562	277.5	72.5625	90.0625	1.0	1114267.0	173880
163.53241	414.0	127.6875	178.375	1.0	1114267.0	173880
294.42975	426.5	212.625	178.875	1.0	1114267.0	173880
85.22756	393.75	127.5	142.125	1.0	1114267.0	173880
207.17957	462.0	151.875	186.0	1.0	1114267.0	173880
76.84483	275.25	39.0	4.859375	1.0	1114267.0	173880
158.8392	420.0	75.4375	133.125	1.0	1114267.0	173880
67.22766	303.0	37.625	154.25	1.0	1114267.0	173880
90.06198	364.25	28.703125	23.234375	1.0	1114267.0	173880
484.88504	651.0	34.09375	120.3125	1.0	1114267.0	173880
76.69323	348.5	56.1875	150.5	1.0	1114267.0	173880
173.80716	374.75	42.8125	117.625	1.0	1114267.0	173880
245.13654	337.5	157.375	102.3125	1.0	1114267.0	173880
244.8272	525.0	54.90625	95.125	1.0	1114267.0	173880
67.14655	362.5	45.96875	122.25	1.0	1114267.0	173880
197.53662	333.5	62.65625	5.4023438	1.0	1114267.0	173880
132.87827	450.75	74.875	158.375	1.0	1114267.0	173880
83.007904	385.0	25.390625	137.125	1.0	1114267.0	173880
181.32253	353.5	87.0625	112.5	1.0	1114267.0	173880
643.7891	665.0	62.28125	73.3125	1.0	1114267.0	173880
71.607475	357.75	40.53125	159.0	1.0	1114267.0	173880
149.74776	471.25	33.59375	154.125	1.0	1114267.0	173880
142.78279	292.75	29.984375	10.7421875	1.0	1114267.0	173880
49.442226	332.5	88.625	0.8022461	1.0	1114267.0	173880
74.14855	343.25	26.0	133.5	1.0	1114267.0	173880
74.54049	352.0	26.84375	126.9375	1.0	1114267.0	173880
84.67344	288.75	70.0	3.2558594	1.0	1114267.0	173880
212.57614	521.0	31.78125	132.875	1.0	1114267.0	173880
455.77737	552.5	113.8125	218.375	1.0	1114267.0	173880
47.73188	318.75	50.46875	111.875	1.0	1114267.0	173880
261.89847	370.0	56.375	144.0	1.0	1114267.0	173880
169.99165	327.5	51.9375	148.375	1.0	1114267.0	173880
421.43494	559.5	33.1875	141.25	1.0	1114267.0	173880
79.40795	380.75	57.75	9.343028e-06	1.0	1114267.0	173880
461.39554	683.5	92.25	151.125	1.0	1114267.0	173880
132.21283	339.25	171.375	114.0625	1.0	1114267.0	173880
75.22492	438.25	61.46875	180.5	1.0	1114267.0	173880
136.674	520.0	45.5	128.375	1.0	1114267.0	173880
152.19347	404.0	54.625	59.5	1.0	1114267.0	173880
166.85612	440.75	123.4375	175.375	1.0	1114267.0	173880
139.85013	470.0	77.6875	16.359375	1.0	1114267.0	173880
51.7769	283.75	60.53125	89.4375	1.0	1114267.0	173880
308.99963	415.25	47.625	159.0	1.0	1114267.0	173880
70.96567	258.75	91.5	112.875	1.0	1114267.0	173880
425.79645	590.5	159.875	170.5	1.0	1114267.0	173880
479.19785	622.5	65.4375	158.875	1.0	1114267.0	173880
156.9948	326.25	84.75	126.9375	1.0	1114267.0	173880
242.97186	432.75	40.03125	180.75	1.0	1114267.0	173880
29.074709	355.0	116.0	109.5625	1.0	1114267.0	173880
172.83562	366.5	29.015625	157.875	1.0	1114267.0	173880
85.07876	363.5	52.28125	147.625	1.0	1114267.0	173880
109.9121	363.75	54.6875	83.0	1.0	1114267.0	173880
84.57508	470.75	78.4375	169.875	1.0	1114267.0	173880
71.028114	443.75	163.0	191.5	1.0	1114267.0	173880
398.61542	516.5	138.25	215.25	1.0	1114267.0	173880
73.976074	309.25	93.0625	97.375	1.0	1114267.0	173880
48.43851	285.5	119.625	3.7265625	1.0	1114267.0	173880
97.74055	308.75	26.34375	121.375	1.0	1114267.0	173880
171.52539	501.75	109.0	160.0	1.0	1114267.0	173880
341.8052	412.25	28.796875	171.875	1.0	1114267.0	173880
61.51874	356.75	126.875	134.625	1.0	1114267.0	173880
91.95316	372.75	43.6875	100.6875	1.0	1114267.0	173880
71.393715	364.5	113.6875	159.625	1.0	1114267.0	173880
239.48842	457.5	143.0	114.5625	1.0	1114267.0	173880
58.529327	272.25	44.03125	108.5625	1.0	1114267.0	173880
185.90749	487.75	176.5	198.25	1.0	1114267.0	173880
84.070175	384.0	143.25	156.375	1.0	1114267.0	173880
709.578	775.5	79.625	147.5	1.0	1114267.0	173880
237.1455	472.5	33.125	82.25	1.0	1114267.0	173880
44.52763	276.5	28.15625	2.7636719	1.0	1114267.0	173880
168.62863	366.75	167.375	173.625	1.0	1114267.0	173880
114.89176	477.0	118.3125	4.1992188	1.0	1114267.0	173880
53.380497	303.75	77.6875	133.75	1.0	1114267.0	173880
66.94854	258.75	113.5625	117.0	1.0	1114267.0	173880
170.36282	476.5	56.6875	152.625	1.0	1114267.0	173880
197.54535	419.0	28.125	167.875	1.0	1114267.0	173880
607.9243	516.0	70.3125	182.25	1.0	1114267.0	173880
391.28625	419.25	115.0	140.5	1.0	1114267.0	173880
40.973305	321.75	63.78125	21.140625	1.0	1114267.0	173880
564.2072	455.5	197.0	198.375	1.0	1114267.0	173880
127.442345	388.75	84.3125	128.625	1.0	1114267.0	173880
272.2257	393.0	28.359375	143.375	1.0	1114267.0	173880
58.066555	327.5	96.9375	142.875	1.0	1114267.0	173880
74.05889	356.25	44.34375	136.125	1.0	1114267.0	173880
110.30547	415.25	51.9375	132.75	1.0	1114267.0	173880
320.6302	506.25	90.1875	154.375	1.0	1114267.0	173880
454.22156	554.5	32.78125	212.0	1.0	1114267.0	173880
50.32625	315.25	57.1875	61.5	1.0	1114267.0	173880
104.20754	398.75	138.0	179.5	1.0	1114267.0	173880
247.56894	375.75	86.4375	10.21875	1.0	1114267.0	173880
242.8072	498.5	97.9375	164.625	1.0	1114267.0	173880
61.052437	450.0	112.9375	13.1953125	1.0	1114267.0	173880
84.24683	374.5	106.0625	161.875	1.0	1114267.0	173880
156.99377	442.25	77.1875	174.875	1.0	1114267.0	173880
246.2047	364.5	81.9375	120.75	1.0	1114267.0	173880
74.601364	414.0	177.625	146.875	1.0	1114267.0	173880
94.56008	417.75	124.0	186.125	1.0	1114267.0	173880
94.93419	424.75	94.875	5.5	1.0	1114267.0	173880
48.743694	341.75	75.625	144.25	1.0	1114267.0	173880
120.630615	303.5	94.0	78.9375	1.0	1114267.0	173880
59.113842	394.5	35.5625	179.25	1.0	1114267.0	173880
312.90118	502.5	121.0625	201.375	1.0	1114267.0	173880
65.3605	365.0	43.03125	28.515625	1.0	1114267.0	173880
206.6892	369.5	109.125	119.5625	1.0	1114267.0	173880
219.98317	481.25	121.875	199.25	1.0	1114267.0	173880
110.7781	395.0	105.25	144.5	1.0	1114267.0	173880
84.02735	428.75	84.375	43.1875	1.0	1114267.0	173880
73.61703	236.0	140.125	82.9375	1.0	1114267.0	173880
57.13477	341.5	27.78125	38.59375	1.0	1114267.0	173880
145.39073	396.0	26.125	48.09375	1.0	1114267.0	173880
196.48349	363.75	53.5	129.625	1.0	1114267.0	173880
189.9841	318.75	75.3125	2.6972656	1.0	1114267.0	173880
54.624836	314.5	88.8125	118.9375	1.0	1114267.0	173880
307.16928	363.0	68.75	125.125	1.0	1114267.0	173880
57.297935	361.0	131.125	159.625	1.0	1114267.0	173880
90.42018	334.0	109.625	149.125	1.0	1114267.0	173880
300.5883	482.0	108.1875	168.5	1.0	1114267.0	173880
260.089	568.0	89.5625	144.125	1.0	1114267.0	173880
474.7799	544.5	51.15625	164.25	1.0	1114267.0	173880
165.48517	451.5	68.4375	112.875	1.0	1114267.0	173880
199.91252	550.5	165.125	173.625	1.0	1114267.0	173880
85.25431	286.5	75.6875	5.6210938	1.0	1114267.0	173880
76.21178	245.125	115.625	75.3125	1.0	1114267.0	173880
198.59904	370.25	30.046875	74.25	1.0	1114267.0	173880
143.0673	367.75	86.3125	169.75	1.0	1114267.0	173880
198.24506	462.75	116.3125	6.9101562	1.0	1114267.0	173880
69.73105	490.5	32.28125	2.9902344	1.0	1114267.0	173880
81.91327	423.75	176.5	185.375	1.0	1114267.0	173880
269.571	448.0	48.21875	172.125	1.0	1114267.0	173880
88.65379	369.5	41.5	161.25	1.0	1114267.0	173880
202.21027	377.75	139.5	142.75	1.0	1114267.0	173880
128.5264	328.25	68.625	117.0625	1.0	1114267.0	173880
50.279583	381.25	35.8125	39.03125	1.0	1114267.0	173880
56.559193	326.5	90.5625	156.5	1.0	1114267.0	173880
270.19238	318.0	142.25	130.625	1.0	1114267.0	173880
71.713875	384.5	91.3125	134.5	1.0	1114267.0	173880
223.55013	402.25	121.25	51.875	1.0	1114267.0	173880
92.15071	509.75	59.75	166.625	1.0	1114267.0	173880
153.4935	350.75	91.75	103.75	1.0	1114267.0	173880
54.19935	331.0	149.0	95.375	1.0	1114267.0	173880
222.71257	441.5	50.4375	173.5	1.0	1114267.0	173880
295.8756	497.25	28.859375	167.5	1.0	1114267.0	173880
41.856453	268.75	90.5625	18.171875	1.0	1114267.0	173880
251.77133	538.5	112.125	181.0	1.0	1114267.0	173880
212.19823	412.25	68.9375	154.375	1.0	1114267.0	173880
119.95869	377.25	116.75	165.625	1.0	1114267.0	173880
68.769745	382.25	105.375	163.625	1.0	1114267.0	173880
144.15694	347.75	50.90625	118.875	1.0	1114267.0	173880
234.166	482.25	90.3125	146.875	1.0	1114267.0	173880
110.878845	451.75	139.625	171.875	1.0	1114267.0	173880
127.6345	367.5	137.125	180.375	1.0	1114267.0	173880
135.7672	340.75	73.3125	132.0	1.0	1114267.0	173880
48.903393	439.75	46.5	50.375	1.0	1114267.0	173880
254.94669	535.0	101.9375	164.375	1.0	1114267.0	173880
279.4886	304.25	106.9375	137.125	1.0	1114267.0	173880
56.09558	412.75	35.5625	145.875	1.0	1114267.0	173880
78.55436	389.0	99.75	147.5	1.0	1114267.0	173880
66.12203	307.0	118.1875	143.125	1.0	1114267.0	173880
141.45938	324.0	50.4375	17.15625	1.0	1114267.0	173880
75.30439	291.25	97.8125	130.125	1.0	1114267.0	173880
397.7678	409.0	97.4375	131.875	1.0	1114267.0	173880
49.79399	358.75	123.5625	133.625	1.0	1114267.0	173880
236.21127	364.5	71.3125	130.375	1.0	1114267.0	173880
113.44585	350.0	83.375	161.625	1.0	1114267.0	173880
97.21538	393.25	54.15625	194.5	1.0	1114267.0	173880
389.5239	624.0	127.4375	172.375	1.0	1114267.0	173880
82.61359	249.0	29.4375	123.4375	1.0	1114267.0	173880
116.30123	362.25	42.09375	143.5	1.0	1114267.0	173880
85.071175	298.75	32.03125	120.75	1.0	1114267.0	173880
379.73624	308.25	40.15625	138.25	1.0	1114267.0	173880
49.623962	411.75	27.671875	138.75	1.0	1114267.0	173880
223.48405	430.75	81.75	179.5	1.0	1114267.0	173880
154.82773	428.75	73.5	123.0	1.0	1114267.0	173880
451.05606	547.5	42.84375	206.75	1.0	1114267.0	173880
139.53893	312.0	101.5625	150.375	1.0	1114267.0	173880
109.55126	311.5	92.625	60.875	1.0	1114267.0	173880
242.82565	490.0	120.5	161.875	1.0	1114267.0	173880
54.141495	324.75	40.0625	99.375	1.0	1114267.0	173880
174.69736	401.75	87.375	125.1875	1.0	1114267.0	173880
323.86267	462.75	58.3125	0.9741211	1.0	1114267.0	173880
70.10192	333.0	132.25	140.875	1.0	1114267.0	173880
92.56481	437.0	66.125	12.359375	1.0	1114267.0	173880
65.43217	387.5	83.6875	77.0625	1.0	1114267.0	173880
72.16261	440.5	108.3125	195.875	1.0	1114267.0	173880
156.81865	400.25	164.0	170.375	1.0	1114267.0	173880
161.02019	470.75	142.625	195.5	1.0	1114267.0	173880
391.7225	688.5	191.875	251.875	1.0	1114267.0	173880
142.22292	422.75	147.125	162.5	1.0	1114267.0	173880
68.32266	371.25	141.5	167.375	1.0	1114267.0	173880
137.99588	361.25	68.4375	174.0	1.0	1114267.0	173880
84.83811	297.5	134.75	122.75	1.0	1114267.0	173880
82.745285	457.75	29.578125	47.09375	1.0	1114267.0	173880
103.202385	427.25	40.0	163.5	1.0	1114267.0	173880
222.16292	522.5	27.046875	171.25	1.0	1114267.0	173880
59.85663	316.5	131.5	4.7070312	1.0	1114267.0	173880
268.14554	315.0	137.25	156.75	1.0	1114267.0	173880
115.528244	552.5	67.25	82.9375	1.0	1114267.0	173880
116.32012	366.5	47.03125	107.875	1.0	1114267.0	173880
446.23987	529.0	26.3125	168.625	1.0	1114267.0	173880
364.87094	514.5	88.8125	213.625	1.0	1114267.0	173880
71.83434	375.25	86.5625	161.0	1.0	1114267.0	173880
207.47247	443.5	32.65625	195.5	1.0	1114267.0	173880
24.699299	386.5	56.71875	6.1757812	1.0	1114267.0	173880
434.59073	516.0	105.5625	179.5	1.0	1114267.0	173880
230.2374	396.75	26.109375	186.25	1.0	1114267.0	173880
73.394104	437.75	103.6875	171.125	1.0	1114267.0	173880
68.03458	355.5	106.625	185.5	1.0	1114267.0	173880
580.50684	544.5	48.53125	151.5	1.0	1114267.0	173880
110.64717	329.0	103.5	119.0625	1.0	1114267.0	173880
82.086426	408.75	131.625	155.125	1.0	1114267.0	173880
399.10443	587.0	25.203125	174.25	1.0	1114267.0	173880
140.14047	475.75	37.3125	168.5	1.0	1114267.0	173880
137.87373	417.25	105.375	170.125	1.0	1114267.0	173880
65.825005	366.5	151.125	161.875	1.0	1114267.0	173880
78.58835	340.5	68.5	0.07904053	1.0	1114267.0	173880
169.35286	339.25	86.125	152.0	1.0	1114267.0	173880
223.09349	389.5	69.9375	140.75	1.0	1114267.0	173880
399.48785	660.5	25.1875	251.125	1.0	1114267.0	173880
176.33322	482.25	77.1875	147.0	1.0	1114267.0	173880
48.144184	400.25	48.90625	167.0	1.0	1114267.0	173880
522.6702	416.25	34.65625	106.125	1.0	1114267.0	173880
71.662895	356.0	130.5	174.125	1.0	1114267.0	173880
163.97438	376.25	116.875	126.5	1.0	1114267.0	173880
499.28378	343.5	31.546875	120.4375	1.0	1114267.0	173880
154.41426	404.75	80.3125	152.625	1.0	1114267.0	173880
64.343376	364.75	147.125	173.75	1.0	1114267.0	173880
55.09066	322.75	93.75	124.6875	1.0	1114267.0	173880
258.34637	563.5	128.75	175.0	1.0	1114267.0	173880
51.627728	346.75	75.4375	93.9375	1.0	1114267.0	173880
191.93176	465.75	116.625	88.8125	1.0	1114267.0	173880
109.414986	527.5	40.5	34.0	1.0	1114267.0	173880
86.15565	343.25	48.34375	150.875	1.0	1114267.0	173880
62.93256	310.25	162.875	113.125	1.0	1114267.0	173880
357.09842	534.5	59.28125	165.0	1.0	1114267.0	173880
536.1388	653.5	49.8125	256.75	1.0	1114267.0	173880
64.09624	422.25	72.5625	159.75	1.0	1114267.0	173880
62.896736	292.25	110.25	131.25	1.0	1114267.0	173880
218.67282	450.5	96.625	154.125	1.0	1114267.0	173880
270.03815	483.25	59.4375	206.0	1.0	1114267.0	173880
384.62527	515.5	82.1875	192.625	1.0	1114267.0	173880
148.20468	313.75	68.1875	98.0	1.0	1114267.0	173880
116.40047	362.25	51.75	121.3125	1.0	1114267.0	173880
274.99097	480.25	28.359375	148.0	1.0	1114267.0	173880
313.813	607.0	129.0	201.875	1.0	1114267.0	173880
290.64362	490.5	98.5625	129.125	1.0	1114267.0	173880
63.81511	305.5	45.3125	2.9257812	1.0	1114267.0	173880
139.74718	247.0	95.5625	101.0625	1.0	1114267.0	173880
89.6078	448.25	28.90625	115.0625	1.0	1114267.0	173880
24.526527	389.75	26.125	2.4746094	1.0	1114267.0	173880
439.84412	398.5	57.46875	125.0625	1.0	1114267.0	173880
64.07035	388.75	80.9375	8.09375	1.0	1114267.0	173880
102.01378	384.25	78.1875	105.625	1.0	1114267.0	173880
274.90622	425.0	165.75	178.5	1.0	1114267.0	173880
72.39338	354.0	67.5625	128.125	1.0	1114267.0	173880
254.40651	441.25	46.9375	171.5	1.0	1114267.0	173880
