lep_pt	AK8_pt	AK4_pt	M_sd	genWeights	sumWeight	N_exp
117.88679	439.0	122.6875	151.75	15.384004	15311454.0	855600
130.00015	297.75	92.5625	107.8125	-15.384004	15311454.0	855600
209.28786	368.75	95.25	120.5	15.384004	15311454.0	855600
103.29438	211.5	60.125	80.625	15.384004	15311454.0	855600
53.461494	307.5	110.6875	1.7744141	15.384004	15311454.0	855600
88.597046	214.125	85.875	109.75	15.384004	15311454.0	855600
82.01986	492.75	66.8125	142.25	15.384004	15311454.0	855600
581.8092	329.75	105.25	7.4570312	15.384004	15311454.0	855600
86.767456	499.0	66.25	2.0214844	15.384004	15311454.0	855600
