lep_pt	genWeights	sumWeight	N_exp
84.71989	1.0	1064199.0	5244000
97.053955	1.0	1064199.0	5244000
40.245533	1.0	1064199.0	5244000
101.26255	1.0	1064199.0	5244000
71.83345	1.0	1064199.0	5244000
87.12545	1.0	1064199.0	5244000
101.82904	1.0	1064199.0	5244000
124.52485	1.0	1064199.0	5244000
95.18709	1.0	1064199.0	5244000
59.113712	1.0	1064199.0	5244000
62.29284	1.0	1064199.0	5244000
60.08073	1.0	1064199.0	5244000
198.75282	1.0	1064199.0	5244000
171.84888	1.0	1064199.0	5244000
26.280539	1.0	1064199.0	5244000
235.09663	1.0	1064199.0	5244000
146.19432	1.0	1064199.0	5244000
109.13214	1.0	1064199.0	5244000
74.77501	1.0	1064199.0	5244000
92.391045	1.0	1064199.0	5244000
185.0297	1.0	1064199.0	5244000
52.273415	1.0	1064199.0	5244000
54.367397	1.0	1064199.0	5244000
82.53649	1.0	1064199.0	5244000
108.20226	1.0	1064199.0	5244000
75.7607	1.0	1064199.0	5244000
183.84978	1.0	1064199.0	5244000
54.955	1.0	1064199.0	5244000
65.60044	1.0	1064199.0	5244000
70.08209	1.0	1064199.0	5244000
144.76022	1.0	1064199.0	5244000
121.99315	1.0	1064199.0	5244000
193.71437	1.0	1064199.0	5244000
251.33281	1.0	1064199.0	5244000
122.429756	1.0	1064199.0	5244000
50.462063	1.0	1064199.0	5244000
72.648186	1.0	1064199.0	5244000
55.6892	1.0	1064199.0	5244000
61.787617	1.0	1064199.0	5244000
102.53804	1.0	1064199.0	5244000
77.539764	1.0	1064199.0	5244000
66.53278	1.0	1064199.0	5244000
51.06968	1.0	1064199.0	5244000
82.01711	1.0	1064199.0	5244000
44.33415	1.0	1064199.0	5244000
111.285095	1.0	1064199.0	5244000
98.567116	1.0	1064199.0	5244000
129.20732	1.0	1064199.0	5244000
60.640686	1.0	1064199.0	5244000
145.44197	1.0	1064199.0	5244000
173.27182	1.0	1064199.0	5244000
39.050026	1.0	1064199.0	5244000
68.06126	1.0	1064199.0	5244000
81.77693	1.0	1064199.0	5244000
61.327137	1.0	1064199.0	5244000
106.039474	1.0	1064199.0	5244000
87.54858	1.0	1064199.0	5244000
101.97979	1.0	1064199.0	5244000
133.4464	1.0	1064199.0	5244000
87.12731	1.0	1064199.0	5244000
85.25631	1.0	1064199.0	5244000
96.72168	1.0	1064199.0	5244000
113.672714	1.0	1064199.0	5244000
66.03587	1.0	1064199.0	5244000
60.52023	1.0	1064199.0	5244000
81.07373	1.0	1064199.0	5244000
131.54546	1.0	1064199.0	5244000
93.18637	1.0	1064199.0	5244000
59.141758	1.0	1064199.0	5244000
131.0392	1.0	1064199.0	5244000
141.58278	1.0	1064199.0	5244000
74.18609	1.0	1064199.0	5244000
73.04734	1.0	1064199.0	5244000
103.37126	1.0	1064199.0	5244000
74.52529	1.0	1064199.0	5244000
109.23009	1.0	1064199.0	5244000
175.53838	1.0	1064199.0	5244000
199.98181	1.0	1064199.0	5244000
60.05244	1.0	1064199.0	5244000
95.32469	1.0	1064199.0	5244000
51.203815	1.0	1064199.0	5244000
83.39394	1.0	1064199.0	5244000
64.19554	1.0	1064199.0	5244000
61.118484	1.0	1064199.0	5244000
84.02411	1.0	1064199.0	5244000
55.52303	1.0	1064199.0	5244000
108.26327	1.0	1064199.0	5244000
31.432552	1.0	1064199.0	5244000
97.34504	1.0	1064199.0	5244000
63.448776	1.0	1064199.0	5244000
41.808475	1.0	1064199.0	5244000
52.365883	1.0	1064199.0	5244000
48.01921	1.0	1064199.0	5244000
95.419426	1.0	1064199.0	5244000
117.49651	1.0	1064199.0	5244000
64.706955	1.0	1064199.0	5244000
56.8837	1.0	1064199.0	5244000
64.74278	1.0	1064199.0	5244000
72.514565	1.0	1064199.0	5244000
96.67863	1.0	1064199.0	5244000
84.106346	1.0	1064199.0	5244000
36.385956	1.0	1064199.0	5244000
137.3249	1.0	1064199.0	5244000
138.1695	1.0	1064199.0	5244000
101.73156	1.0	1064199.0	5244000
59.35101	1.0	1064199.0	5244000
103.83958	1.0	1064199.0	5244000
61.03607	1.0	1064199.0	5244000
139.23643	1.0	1064199.0	5244000
41.725765	1.0	1064199.0	5244000
49.53445	1.0	1064199.0	5244000
101.88057	1.0	1064199.0	5244000
70.63974	1.0	1064199.0	5244000
77.54449	1.0	1064199.0	5244000
140.12372	1.0	1064199.0	5244000
52.462616	1.0	1064199.0	5244000
154.59883	1.0	1064199.0	5244000
74.91403	1.0	1064199.0	5244000
34.112373	1.0	1064199.0	5244000
68.29692	1.0	1064199.0	5244000
28.405706	1.0	1064199.0	5244000
75.62048	1.0	1064199.0	5244000
90.53008	1.0	1064199.0	5244000
74.07532	1.0	1064199.0	5244000
77.363014	1.0	1064199.0	5244000
53.293285	1.0	1064199.0	5244000
67.79399	1.0	1064199.0	5244000
85.152405	1.0	1064199.0	5244000
153.804	1.0	1064199.0	5244000
83.173325	1.0	1064199.0	5244000
71.92236	1.0	1064199.0	5244000
115.91543	1.0	1064199.0	5244000
154.89545	1.0	1064199.0	5244000
84.949	1.0	1064199.0	5244000
134.84467	1.0	1064199.0	5244000
305.897	1.0	1064199.0	5244000
34.990803	1.0	1064199.0	5244000
60.957623	1.0	1064199.0	5244000
64.90139	1.0	1064199.0	5244000
111.20564	1.0	1064199.0	5244000
146.71909	1.0	1064199.0	5244000
194.69667	1.0	1064199.0	5244000
126.45712	1.0	1064199.0	5244000
121.44033	1.0	1064199.0	5244000
58.162827	1.0	1064199.0	5244000
104.116844	1.0	1064199.0	5244000
80.860176	1.0	1064199.0	5244000
118.489174	1.0	1064199.0	5244000
56.607174	1.0	1064199.0	5244000
112.310486	1.0	1064199.0	5244000
84.70093	1.0	1064199.0	5244000
54.58098	1.0	1064199.0	5244000
85.027374	1.0	1064199.0	5244000
108.49179	1.0	1064199.0	5244000
95.033035	1.0	1064199.0	5244000
255.68504	1.0	1064199.0	5244000
102.55674	1.0	1064199.0	5244000
121.34364	1.0	1064199.0	5244000
161.05469	1.0	1064199.0	5244000
81.87709	1.0	1064199.0	5244000
118.15461	1.0	1064199.0	5244000
63.988647	1.0	1064199.0	5244000
45.277447	1.0	1064199.0	5244000
148.89868	1.0	1064199.0	5244000
176.9459	1.0	1064199.0	5244000
90.15239	1.0	1064199.0	5244000
147.22383	1.0	1064199.0	5244000
85.73032	1.0	1064199.0	5244000
127.34767	1.0	1064199.0	5244000
223.80684	1.0	1064199.0	5244000
108.07822	1.0	1064199.0	5244000
239.0769	1.0	1064199.0	5244000
114.80375	1.0	1064199.0	5244000
48.359608	1.0	1064199.0	5244000
56.75593	1.0	1064199.0	5244000
103.035645	1.0	1064199.0	5244000
48.164204	1.0	1064199.0	5244000
176.1936	1.0	1064199.0	5244000
239.08775	1.0	1064199.0	5244000
60.236137	1.0	1064199.0	5244000
72.45186	1.0	1064199.0	5244000
61.652943	1.0	1064199.0	5244000
163.13809	1.0	1064199.0	5244000
147.54132	1.0	1064199.0	5244000
73.428406	1.0	1064199.0	5244000
50.678207	1.0	1064199.0	5244000
235.67085	1.0	1064199.0	5244000
117.380394	1.0	1064199.0	5244000
113.38578	1.0	1064199.0	5244000
60.929947	1.0	1064199.0	5244000
97.26675	1.0	1064199.0	5244000
112.363846	1.0	1064199.0	5244000
78.58115	1.0	1064199.0	5244000
80.098656	1.0	1064199.0	5244000
74.86456	1.0	1064199.0	5244000
112.729515	1.0	1064199.0	5244000
62.732746	1.0	1064199.0	5244000
75.59453	1.0	1064199.0	5244000
35.349136	1.0	1064199.0	5244000
121.201744	1.0	1064199.0	5244000
136.81361	1.0	1064199.0	5244000
217.06047	1.0	1064199.0	5244000
118.12666	1.0	1064199.0	5244000
46.59129	1.0	1064199.0	5244000
56.094395	1.0	1064199.0	5244000
74.84384	1.0	1064199.0	5244000
82.231255	1.0	1064199.0	5244000
160.58783	1.0	1064199.0	5244000
80.07126	1.0	1064199.0	5244000
248.06857	1.0	1064199.0	5244000
86.18538	1.0	1064199.0	5244000
102.06417	1.0	1064199.0	5244000
138.59358	1.0	1064199.0	5244000
48.269653	1.0	1064199.0	5244000
50.857937	1.0	1064199.0	5244000
126.70544	1.0	1064199.0	5244000
226.44258	1.0	1064199.0	5244000
69.2758	1.0	1064199.0	5244000
166.00774	1.0	1064199.0	5244000
90.079185	1.0	1064199.0	5244000
106.58952	1.0	1064199.0	5244000
91.841194	1.0	1064199.0	5244000
202.17924	1.0	1064199.0	5244000
107.374306	1.0	1064199.0	5244000
89.86359	1.0	1064199.0	5244000
57.711517	1.0	1064199.0	5244000
76.834526	1.0	1064199.0	5244000
56.21901	1.0	1064199.0	5244000
47.98765	1.0	1064199.0	5244000
137.50758	1.0	1064199.0	5244000
77.99668	1.0	1064199.0	5244000
50.85008	1.0	1064199.0	5244000
106.95893	1.0	1064199.0	5244000
84.88939	1.0	1064199.0	5244000
59.803635	1.0	1064199.0	5244000
56.125294	1.0	1064199.0	5244000
134.32925	1.0	1064199.0	5244000
47.373875	1.0	1064199.0	5244000
63.87709	1.0	1064199.0	5244000
44.369244	1.0	1064199.0	5244000
129.4071	1.0	1064199.0	5244000
36.14633	1.0	1064199.0	5244000
135.1912	1.0	1064199.0	5244000
59.993095	1.0	1064199.0	5244000
77.784935	1.0	1064199.0	5244000
72.91203	1.0	1064199.0	5244000
122.79256	1.0	1064199.0	5244000
153.53935	1.0	1064199.0	5244000
65.793335	1.0	1064199.0	5244000
78.12484	1.0	1064199.0	5244000
133.72293	1.0	1064199.0	5244000
67.402565	1.0	1064199.0	5244000
80.578575	1.0	1064199.0	5244000
135.67921	1.0	1064199.0	5244000
56.522736	1.0	1064199.0	5244000
88.82223	1.0	1064199.0	5244000
226.27689	1.0	1064199.0	5244000
175.86229	1.0	1064199.0	5244000
164.40329	1.0	1064199.0	5244000
83.864426	1.0	1064199.0	5244000
121.14972	1.0	1064199.0	5244000
