lep_pt	AK8_pt	genWeights	sumWeight	N_exp
73.229454	447.0	0.49554962	256276.42	35563
101.21844	286.75	0.49554962	256276.42	35563
358.296	402.0	0.49554962	256276.42	35563
215.6278	317.25	0.49554962	256276.42	35563
162.03401	396.25	0.49554962	256276.42	35563
192.6543	412.75	-0.49554962	256276.42	35563
175.17935	550.5	0.49554962	256276.42	35563
111.61235	328.0	0.49554962	256276.42	35563
81.378075	228.25	-0.49554962	256276.42	35563
157.48785	460.25	0.49554962	256276.42	35563
118.86689	471.5	0.49554962	256276.42	35563
161.39296	385.5	-0.49554962	256276.42	35563
190.19547	275.25	-0.49554962	256276.42	35563
292.9429	613.0	0.49554962	256276.42	35563
61.0025	254.5	0.49554962	256276.42	35563
80.99721	314.75	0.49554962	256276.42	35563
64.76208	318.75	0.49554962	256276.42	35563
277.47452	440.0	0.49554962	256276.42	35563
68.4553	465.25	0.49554962	256276.42	35563
225.21855	357.5	0.49554962	256276.42	35563
49.11525	277.75	-0.49554962	256276.42	35563
445.51004	521.5	0.49554962	256276.42	35563
64.61471	316.0	-0.49554962	256276.42	35563
214.13626	453.25	0.49554962	256276.42	35563
69.44864	243.5	0.49554962	256276.42	35563
52.007156	269.0	-0.49554962	256276.42	35563
290.2983	560.5	0.49554962	256276.42	35563
99.27274	284.75	0.49554962	256276.42	35563
205.54619	473.25	0.49554962	256276.42	35563
218.45453	573.0	0.49554962	256276.42	35563
151.81041	423.75	-0.49554962	256276.42	35563
119.00098	259.0	0.49554962	256276.42	35563
173.11282	255.75	0.49554962	256276.42	35563
170.6394	447.25	0.49554962	256276.42	35563
143.96158	356.0	0.49554962	256276.42	35563
118.23328	230.75	-0.49554962	256276.42	35563
206.13892	450.0	0.49554962	256276.42	35563
213.43268	476.0	0.49554962	256276.42	35563
55.92027	387.25	0.49554962	256276.42	35563
164.91513	264.5	0.49554962	256276.42	35563
106.45523	367.5	0.49554962	256276.42	35563
313.66357	467.5	0.49554962	256276.42	35563
185.86447	243.25	0.49554962	256276.42	35563
368.97775	682.0	-0.49554962	256276.42	35563
101.21977	378.5	-0.49554962	256276.42	35563
89.34989	212.0	-0.49554962	256276.42	35563
174.06795	357.25	-0.49554962	256276.42	35563
217.32939	336.25	0.49554962	256276.42	35563
187.21376	338.75	0.49554962	256276.42	35563
92.194626	434.25	-0.49554962	256276.42	35563
279.39352	567.5	0.49554962	256276.42	35563
109.05888	302.75	-0.49554962	256276.42	35563
232.55801	254.375	-0.49554962	256276.42	35563
66.24479	219.5	0.49554962	256276.42	35563
149.20323	409.25	0.49554962	256276.42	35563
194.11823	349.25	0.49554962	256276.42	35563
134.69339	328.0	0.49554962	256276.42	35563
161.78519	442.0	0.49554962	256276.42	35563
140.89388	288.75	0.49554962	256276.42	35563
62.099293	455.0	-0.49554962	256276.42	35563
202.44582	412.0	-0.49554962	256276.42	35563
262.6085	490.25	-0.49554962	256276.42	35563
301.20966	702.0	0.49554962	256276.42	35563
87.65864	372.5	-0.49554962	256276.42	35563
469.9442	565.5	0.49554962	256276.42	35563
320.0939	625.0	-0.49554962	256276.42	35563
506.45337	417.5	0.49554962	256276.42	35563
92.04167	216.375	-0.49554962	256276.42	35563
144.26927	282.25	-0.49554962	256276.42	35563
236.2561	399.5	0.49554962	256276.42	35563
91.998825	288.75	-0.49554962	256276.42	35563
144.49176	345.75	0.49554962	256276.42	35563
88.47043	330.0	0.49554962	256276.42	35563
123.53902	479.75	0.49554962	256276.42	35563
65.4177	294.25	0.49554962	256276.42	35563
133.13419	607.5	0.49554962	256276.42	35563
116.66715	382.75	0.49554962	256276.42	35563
113.98909	264.25	0.49554962	256276.42	35563
175.51582	391.75	-0.49554962	256276.42	35563
308.62576	544.0	0.49554962	256276.42	35563
200.29971	401.25	0.49554962	256276.42	35563
93.7787	345.75	0.49554962	256276.42	35563
110.520134	478.5	0.49554962	256276.42	35563
355.8958	310.75	0.49554962	256276.42	35563
308.55453	212.75	0.49554962	256276.42	35563
102.30744	311.5	0.49554962	256276.42	35563
104.35087	296.25	0.49554962	256276.42	35563
69.01756	231.375	-0.49554962	256276.42	35563
194.76479	359.25	0.49554962	256276.42	35563
268.9597	444.75	-0.49554962	256276.42	35563
303.40695	341.5	0.49554962	256276.42	35563
64.95505	209.875	0.49554962	256276.42	35563
197.26955	530.0	0.49554962	256276.42	35563
214.50667	570.0	0.49554962	256276.42	35563
512.86255	435.25	-0.49554962	256276.42	35563
54.052914	386.25	-0.49554962	256276.42	35563
144.64803	293.0	0.49554962	256276.42	35563
94.59073	274.5	-0.49554962	256276.42	35563
207.44882	595.5	0.49554962	256276.42	35563
149.16692	441.0	0.49554962	256276.42	35563
99.32181	287.5	0.49554962	256276.42	35563
270.48196	428.5	0.49554962	256276.42	35563
115.89774	733.0	0.49554962	256276.42	35563
395.09943	502.75	-0.49554962	256276.42	35563
96.88635	396.0	0.49554962	256276.42	35563
137.97147	241.875	0.49554962	256276.42	35563
118.01166	620.5	0.49554962	256276.42	35563
189.09094	415.75	-0.49554962	256276.42	35563
58.877804	307.75	-0.49554962	256276.42	35563
189.21196	314.75	-0.49554962	256276.42	35563
45.700623	257.5	0.49554962	256276.42	35563
74.89674	504.0	0.49554962	256276.42	35563
298.80307	415.25	-0.49554962	256276.42	35563
200.69957	771.5	-0.49554962	256276.42	35563
212.24323	479.5	-0.49554962	256276.42	35563
122.13385	329.75	0.49554962	256276.42	35563
126.08697	361.25	0.49554962	256276.42	35563
173.25407	271.75	0.49554962	256276.42	35563
73.64078	457.75	-0.49554962	256276.42	35563
53.772682	289.0	0.49554962	256276.42	35563
206.41731	347.5	0.49554962	256276.42	35563
241.84854	341.75	0.49554962	256276.42	35563
153.20505	247.5	0.49554962	256276.42	35563
242.2813	352.5	-0.49554962	256276.42	35563
229.90868	303.0	0.49554962	256276.42	35563
82.73739	557.0	0.49554962	256276.42	35563
168.45413	300.75	0.49554962	256276.42	35563
89.09848	320.5	0.49554962	256276.42	35563
57.378635	443.5	0.49554962	256276.42	35563
129.93954	234.5	-0.49554962	256276.42	35563
63.249493	342.75	0.49554962	256276.42	35563
126.0656	332.25	0.49554962	256276.42	35563
255.15482	402.5	0.49554962	256276.42	35563
287.74838	449.75	0.49554962	256276.42	35563
153.43845	769.5	0.49554962	256276.42	35563
93.4845	428.75	0.49554962	256276.42	35563
176.01921	346.25	-0.49554962	256276.42	35563
82.87748	215.75	0.49554962	256276.42	35563
409.14664	471.25	0.49554962	256276.42	35563
235.41783	312.25	0.49554962	256276.42	35563
132.03827	517.0	0.49554962	256276.42	35563
160.41545	435.0	-0.49554962	256276.42	35563
218.34236	287.0	0.49554962	256276.42	35563
84.354675	235.125	-0.49554962	256276.42	35563
120.98839	518.5	0.49554962	256276.42	35563
465.946	784.5	0.49554962	256276.42	35563
83.84134	299.5	-0.49554962	256276.42	35563
74.991776	289.0	0.49554962	256276.42	35563
122.4153	446.75	0.49554962	256276.42	35563
151.6973	603.5	0.49554962	256276.42	35563
106.33434	315.75	0.49554962	256276.42	35563
65.08118	469.0	-0.49554962	256276.42	35563
63.413425	492.5	-0.49554962	256276.42	35563
320.52368	895.0	-0.49554962	256276.42	35563
253.43314	366.25	0.49554962	256276.42	35563
252.83078	601.0	0.49554962	256276.42	35563
61.44785	297.25	-0.49554962	256276.42	35563
171.86836	314.5	0.49554962	256276.42	35563
198.54655	350.25	-0.49554962	256276.42	35563
214.99805	488.75	-0.49554962	256276.42	35563
115.46967	251.125	-0.49554962	256276.42	35563
209.509	456.75	0.49554962	256276.42	35563
372.71265	404.25	-0.49554962	256276.42	35563
70.62097	329.25	0.49554962	256276.42	35563
107.783646	473.0	0.49554962	256276.42	35563
176.78358	301.0	0.49554962	256276.42	35563
58.151253	379.25	0.49554962	256276.42	35563
123.57799	274.0	0.49554962	256276.42	35563
196.45834	202.75	0.49554962	256276.42	35563
100.336075	296.25	0.49554962	256276.42	35563
197.83815	725.5	0.49554962	256276.42	35563
261.7179	515.0	0.49554962	256276.42	35563
320.93698	427.75	0.49554962	256276.42	35563
299.4769	372.75	0.49554962	256276.42	35563
240.51805	478.5	0.49554962	256276.42	35563
366.9897	581.5	-0.49554962	256276.42	35563
208.50085	268.0	-0.49554962	256276.42	35563
167.90271	377.0	-0.49554962	256276.42	35563
321.40164	265.25	0.49554962	256276.42	35563
251.27359	304.0	0.49554962	256276.42	35563
90.00531	264.5	0.49554962	256276.42	35563
54.570293	423.0	0.49554962	256276.42	35563
104.76087	289.75	0.49554962	256276.42	35563
97.913994	349.25	-0.49554962	256276.42	35563
189.02034	411.75	-0.49554962	256276.42	35563
82.9703	308.5	0.49554962	256276.42	35563
129.59808	396.0	0.49554962	256276.42	35563
58.930717	416.5	-0.49554962	256276.42	35563
161.55116	252.375	0.49554962	256276.42	35563
117.75865	474.5	0.49554962	256276.42	35563
125.20489	404.75	0.49554962	256276.42	35563
196.23613	999.5	0.49554962	256276.42	35563
262.90143	620.5	0.49554962	256276.42	35563
349.5547	666.5	0.49554962	256276.42	35563
123.611465	420.5	0.49554962	256276.42	35563
67.54707	409.0	0.49554962	256276.42	35563
94.32874	452.75	0.49554962	256276.42	35563
216.47339	428.0	0.49554962	256276.42	35563
181.19617	328.0	0.49554962	256276.42	35563
289.8647	537.0	0.49554962	256276.42	35563
149.81845	250.625	0.49554962	256276.42	35563
105.00397	336.5	-0.49554962	256276.42	35563
100.71498	282.25	0.49554962	256276.42	35563
356.55054	461.75	0.49554962	256276.42	35563
175.08133	479.25	0.49554962	256276.42	35563
98.35716	399.5	0.49554962	256276.42	35563
199.6612	257.75	0.49554962	256276.42	35563
231.35223	354.0	0.49554962	256276.42	35563
86.70774	206.875	0.49554962	256276.42	35563
82.14064	452.5	0.49554962	256276.42	35563
242.38692	324.25	0.49554962	256276.42	35563
216.69286	431.25	0.49554962	256276.42	35563
177.76161	216.25	0.49554962	256276.42	35563
386.03632	360.5	0.49554962	256276.42	35563
70.07344	375.5	0.49554962	256276.42	35563
73.307144	236.75	0.49554962	256276.42	35563
69.04312	332.5	-0.49554962	256276.42	35563
303.56757	506.5	0.49554962	256276.42	35563
87.49438	353.25	0.49554962	256276.42	35563
304.0902	606.0	0.49554962	256276.42	35563
258.03204	384.75	0.49554962	256276.42	35563
74.2343	241.5	0.49554962	256276.42	35563
201.41441	559.5	0.49554962	256276.42	35563
213.46143	355.0	-0.49554962	256276.42	35563
62.45981	557.0	0.49554962	256276.42	35563
405.68304	351.75	0.49554962	256276.42	35563
216.86172	516.5	0.49554962	256276.42	35563
213.00313	304.25	0.49554962	256276.42	35563
283.6554	723.0	-0.49554962	256276.42	35563
63.075314	271.0	0.49554962	256276.42	35563
187.61812	359.25	0.49554962	256276.42	35563
456.9376	785.5	-0.49554962	256276.42	35563
142.5253	399.0	0.49554962	256276.42	35563
187.07932	253.0	0.49554962	256276.42	35563
200.14714	457.25	0.49554962	256276.42	35563
181.52385	257.0	0.49554962	256276.42	35563
206.01466	281.5	0.49554962	256276.42	35563
292.93073	503.0	-0.49554962	256276.42	35563
92.26633	401.25	0.49554962	256276.42	35563
136.64215	411.25	0.49554962	256276.42	35563
103.50479	510.5	-0.49554962	256276.42	35563
346.4616	326.5	0.49554962	256276.42	35563
75.225815	383.0	0.49554962	256276.42	35563
128.95392	756.5	0.49554962	256276.42	35563
80.48369	313.5	0.49554962	256276.42	35563
118.1824	245.75	0.49554962	256276.42	35563
172.93051	366.75	0.49554962	256276.42	35563
261.4933	455.0	0.49554962	256276.42	35563
104.58136	474.75	0.49554962	256276.42	35563
168.43237	306.0	0.49554962	256276.42	35563
143.80334	380.0	0.49554962	256276.42	35563
108.63689	356.25	0.49554962	256276.42	35563
80.76213	242.875	0.49554962	256276.42	35563
206.02022	360.75	-0.49554962	256276.42	35563
96.370705	538.0	0.49554962	256276.42	35563
220.50899	425.5	-0.49554962	256276.42	35563
82.5176	321.25	0.49554962	256276.42	35563
59.73881	264.5	0.49554962	256276.42	35563
152.74129	220.875	0.49554962	256276.42	35563
92.15549	332.25	0.49554962	256276.42	35563
320.4926	322.0	0.49554962	256276.42	35563
178.38174	397.25	-0.49554962	256276.42	35563
253.08035	591.0	0.49554962	256276.42	35563
151.27734	365.25	0.49554962	256276.42	35563
74.11069	337.5	0.49554962	256276.42	35563
490.61002	519.5	0.49554962	256276.42	35563
396.7267	413.75	-0.49554962	256276.42	35563
325.75775	778.0	0.49554962	256276.42	35563
724.5608	817.0	0.49554962	256276.42	35563
65.45551	267.0	0.49554962	256276.42	35563
91.77381	263.25	0.49554962	256276.42	35563
80.47154	251.5	0.49554962	256276.42	35563
154.44626	242.0	-0.49554962	256276.42	35563
170.56555	474.25	0.49554962	256276.42	35563
205.57977	414.5	0.49554962	256276.42	35563
58.055485	320.25	-0.49554962	256276.42	35563
239.56688	419.0	0.49554962	256276.42	35563
160.48302	229.375	0.49554962	256276.42	35563
85.045006	204.0	0.49554962	256276.42	35563
310.5147	503.75	0.49554962	256276.42	35563
135.05226	353.75	-0.49554962	256276.42	35563
138.15552	873.5	0.49554962	256276.42	35563
145.95018	417.25	-0.49554962	256276.42	35563
149.84943	347.25	0.49554962	256276.42	35563
160.64937	327.0	0.49554962	256276.42	35563
235.85602	437.75	0.49554962	256276.42	35563
204.97978	424.75	0.49554962	256276.42	35563
94.16154	289.25	-0.49554962	256276.42	35563
295.6116	519.0	0.49554962	256276.42	35563
168.20227	485.75	0.49554962	256276.42	35563
41.04316	370.0	0.49554962	256276.42	35563
541.50415	911.5	-0.49554962	256276.42	35563
223.26288	528.5	-0.49554962	256276.42	35563
69.33181	512.5	-0.49554962	256276.42	35563
225.6109	420.0	0.49554962	256276.42	35563
270.61014	293.75	0.49554962	256276.42	35563
153.89798	591.5	0.49554962	256276.42	35563
122.929756	223.5	-0.49554962	256276.42	35563
189.0451	451.5	0.49554962	256276.42	35563
211.02802	539.5	0.49554962	256276.42	35563
117.4478	346.5	0.49554962	256276.42	35563
140.19974	447.0	0.49554962	256276.42	35563
241.73148	637.5	0.49554962	256276.42	35563
366.7564	496.5	0.49554962	256276.42	35563
295.06998	651.0	0.49554962	256276.42	35563
393.3904	420.0	0.49554962	256276.42	35563
156.73035	309.75	0.49554962	256276.42	35563
90.10597	461.25	0.49554962	256276.42	35563
220.77135	461.0	0.49554962	256276.42	35563
293.46222	534.5	0.49554962	256276.42	35563
400.09082	529.0	-0.49554962	256276.42	35563
329.71024	263.5	0.49554962	256276.42	35563
94.0447	322.5	0.49554962	256276.42	35563
226.91133	344.5	0.49554962	256276.42	35563
131.4335	211.75	-0.49554962	256276.42	35563
82.5381	343.25	0.49554962	256276.42	35563
69.26075	367.25	-0.49554962	256276.42	35563
237.28052	263.25	0.49554962	256276.42	35563
79.49411	513.0	0.49554962	256276.42	35563
185.56418	344.5	-0.49554962	256276.42	35563
270.45712	438.25	0.49554962	256276.42	35563
227.63951	267.5	-0.49554962	256276.42	35563
101.992134	466.0	0.49554962	256276.42	35563
167.14833	409.0	0.49554962	256276.42	35563
285.3347	352.0	-0.49554962	256276.42	35563
144.86139	369.75	0.49554962	256276.42	35563
178.18526	500.75	0.49554962	256276.42	35563
209.09059	366.75	0.49554962	256276.42	35563
134.69756	353.0	0.49554962	256276.42	35563
67.65831	292.5	0.49554962	256276.42	35563
197.33199	501.75	-0.49554962	256276.42	35563
109.71831	321.25	0.49554962	256276.42	35563
109.27157	364.0	0.49554962	256276.42	35563
222.30493	464.0	-0.49554962	256276.42	35563
102.92787	289.75	0.49554962	256276.42	35563
379.34006	605.0	-0.49554962	256276.42	35563
248.55794	293.0	0.49554962	256276.42	35563
465.32776	690.0	0.49554962	256276.42	35563
77.441124	547.0	0.49554962	256276.42	35563
183.09875	300.25	0.49554962	256276.42	35563
95.86128	564.5	0.49554962	256276.42	35563
98.67761	388.0	0.49554962	256276.42	35563
197.64511	307.0	0.49554962	256276.42	35563
289.10904	525.5	0.49554962	256276.42	35563
136.98184	845.5	-0.49554962	256276.42	35563
85.70664	382.75	0.49554962	256276.42	35563
142.15666	259.75	0.49554962	256276.42	35563
192.91699	285.75	0.49554962	256276.42	35563
214.02368	422.0	0.49554962	256276.42	35563
180.59471	621.5	-0.49554962	256276.42	35563
118.7877	394.0	0.49554962	256276.42	35563
235.56859	419.0	0.49554962	256276.42	35563
237.16536	385.75	0.49554962	256276.42	35563
218.9018	421.5	0.49554962	256276.42	35563
112.636475	372.5	0.49554962	256276.42	35563
140.50348	201.875	0.49554962	256276.42	35563
97.757996	249.5	0.49554962	256276.42	35563
279.67865	395.25	0.49554962	256276.42	35563
259.42798	470.0	-0.49554962	256276.42	35563
312.63162	588.0	-0.49554962	256276.42	35563
192.5073	397.25	0.49554962	256276.42	35563
92.24484	478.5	-0.49554962	256276.42	35563
201.65404	563.0	0.49554962	256276.42	35563
134.61035	331.25	0.49554962	256276.42	35563
95.896355	847.5	-0.49554962	256276.42	35563
261.5298	514.0	0.49554962	256276.42	35563
99.49229	544.5	0.49554962	256276.42	35563
82.16791	232.875	-0.49554962	256276.42	35563
347.8112	407.75	0.49554962	256276.42	35563
110.136765	690.0	-0.49554962	256276.42	35563
397.31424	320.75	0.49554962	256276.42	35563
123.96127	465.25	-0.49554962	256276.42	35563
199.27711	347.5	0.49554962	256276.42	35563
194.75345	213.0	0.49554962	256276.42	35563
184.01768	464.5	0.49554962	256276.42	35563
158.18944	342.25	0.49554962	256276.42	35563
234.40465	395.75	0.49554962	256276.42	35563
122.969025	419.5	-0.49554962	256276.42	35563
116.63418	316.25	-0.49554962	256276.42	35563
190.80804	382.5	0.49554962	256276.42	35563
73.494316	320.75	-0.49554962	256276.42	35563
51.93559	250.375	-0.49554962	256276.42	35563
166.98068	383.25	0.49554962	256276.42	35563
105.31408	308.25	-0.49554962	256276.42	35563
127.77215	244.875	0.49554962	256276.42	35563
281.01434	419.0	-0.49554962	256276.42	35563
265.6124	283.5	0.49554962	256276.42	35563
220.79004	315.0	0.49554962	256276.42	35563
153.72787	372.75	0.49554962	256276.42	35563
151.19698	388.25	-0.49554962	256276.42	35563
188.44626	276.25	0.49554962	256276.42	35563
252.68309	888.0	0.49554962	256276.42	35563
133.11499	652.0	-0.49554962	256276.42	35563
280.21033	278.25	-0.49554962	256276.42	35563
118.082756	213.125	-0.49554962	256276.42	35563
134.6088	254.375	0.49554962	256276.42	35563
82.098495	305.5	0.49554962	256276.42	35563
164.18416	626.5	-0.49554962	256276.42	35563
247.60968	313.75	0.49554962	256276.42	35563
121.86058	617.0	0.49554962	256276.42	35563
158.99757	280.0	0.49554962	256276.42	35563
183.19043	664.0	0.49554962	256276.42	35563
237.1994	344.5	0.49554962	256276.42	35563
392.69086	590.0	0.49554962	256276.42	35563
117.59979	499.5	0.49554962	256276.42	35563
162.95073	607.5	-0.49554962	256276.42	35563
424.7417	312.0	0.49554962	256276.42	35563
175.46902	322.25	0.49554962	256276.42	35563
184.67928	551.5	0.49554962	256276.42	35563
286.1158	438.0	-0.49554962	256276.42	35563
93.49449	393.5	0.49554962	256276.42	35563
89.368546	475.0	0.49554962	256276.42	35563
87.93063	410.5	0.49554962	256276.42	35563
105.6438	447.75	0.49554962	256276.42	35563
186.62686	246.875	0.49554962	256276.42	35563
373.73032	397.0	0.49554962	256276.42	35563
121.08549	301.25	0.49554962	256276.42	35563
234.32364	274.25	-0.49554962	256276.42	35563
147.23381	359.75	0.49554962	256276.42	35563
334.40427	518.5	0.49554962	256276.42	35563
252.40736	435.25	-0.49554962	256276.42	35563
153.70918	669.0	0.49554962	256276.42	35563
254.57146	426.25	0.49554962	256276.42	35563
251.77936	830.5	0.49554962	256276.42	35563
152.94612	408.0	0.49554962	256276.42	35563
97.50864	334.5	0.49554962	256276.42	35563
177.81622	344.0	0.49554962	256276.42	35563
500.16135	405.0	0.49554962	256276.42	35563
137.40375	647.0	0.49554962	256276.42	35563
187.52322	560.5	0.49554962	256276.42	35563
126.287125	285.5	0.49554962	256276.42	35563
73.585014	368.25	0.49554962	256276.42	35563
254.65753	498.0	-0.49554962	256276.42	35563
57.431778	391.75	-0.49554962	256276.42	35563
143.12653	437.0	0.49554962	256276.42	35563
154.99852	414.25	-0.49554962	256276.42	35563
67.37947	285.5	0.49554962	256276.42	35563
206.11206	393.5	-0.49554962	256276.42	35563
68.9411	253.75	0.49554962	256276.42	35563
275.8607	801.0	-0.49554962	256276.42	35563
166.87692	584.0	0.49554962	256276.42	35563
91.572235	365.25	0.49554962	256276.42	35563
170.1541	529.5	-0.49554962	256276.42	35563
349.6209	412.75	0.49554962	256276.42	35563
148.81218	440.0	0.49554962	256276.42	35563
131.36366	388.5	0.49554962	256276.42	35563
131.29109	423.0	0.49554962	256276.42	35563
98.12368	334.75	0.49554962	256276.42	35563
384.06744	402.25	0.49554962	256276.42	35563
152.85051	530.5	0.49554962	256276.42	35563
53.831856	610.5	0.49554962	256276.42	35563
171.26859	367.5	-0.49554962	256276.42	35563
324.7773	454.75	0.49554962	256276.42	35563
107.828384	324.25	0.49554962	256276.42	35563
334.61224	407.5	0.49554962	256276.42	35563
80.6786	567.5	0.49554962	256276.42	35563
365.60464	420.25	0.49554962	256276.42	35563
80.38627	266.75	0.49554962	256276.42	35563
153.97702	528.5	0.49554962	256276.42	35563
155.15852	262.5	0.49554962	256276.42	35563
146.07365	423.25	-0.49554962	256276.42	35563
122.37985	935.5	-0.49554962	256276.42	35563
196.1436	531.0	0.49554962	256276.42	35563
297.1316	499.5	0.49554962	256276.42	35563
252.24646	524.0	-0.49554962	256276.42	35563
129.22116	475.0	0.49554962	256276.42	35563
557.32965	623.0	-0.49554962	256276.42	35563
48.08833	447.75	-0.49554962	256276.42	35563
210.04663	457.25	0.49554962	256276.42	35563
159.09338	353.0	0.49554962	256276.42	35563
694.97675	956.5	0.49554962	256276.42	35563
116.41391	328.25	0.49554962	256276.42	35563
109.77502	265.0	0.49554962	256276.42	35563
339.38925	200.75	-0.49554962	256276.42	35563
288.23114	318.0	0.49554962	256276.42	35563
194.6626	425.0	0.49554962	256276.42	35563
186.21828	440.75	0.49554962	256276.42	35563
83.8329	212.625	0.49554962	256276.42	35563
101.47602	316.0	-0.49554962	256276.42	35563
92.27316	416.25	0.49554962	256276.42	35563
123.90381	569.5	0.49554962	256276.42	35563
88.94891	428.0	0.49554962	256276.42	35563
104.31282	210.25	0.49554962	256276.42	35563
321.86548	337.0	0.49554962	256276.42	35563
110.39432	236.5	0.49554962	256276.42	35563
129.71965	205.25	0.49554962	256276.42	35563
44.101856	238.75	0.49554962	256276.42	35563
277.23892	617.0	0.49554962	256276.42	35563
289.4679	664.5	-0.49554962	256276.42	35563
104.77337	278.0	0.49554962	256276.42	35563
147.57874	453.5	0.49554962	256276.42	35563
227.40326	291.25	0.49554962	256276.42	35563
225.279	306.5	0.49554962	256276.42	35563
178.19945	622.0	0.49554962	256276.42	35563
178.80455	375.5	-0.49554962	256276.42	35563
55.5162	402.25	0.49554962	256276.42	35563
159.72835	356.0	0.49554962	256276.42	35563
127.12215	331.25	-0.49554962	256276.42	35563
108.487495	367.5	-0.49554962	256276.42	35563
371.52078	526.0	-0.49554962	256276.42	35563
294.35266	638.0	0.49554962	256276.42	35563
352.0285	400.5	0.49554962	256276.42	35563
340.5261	331.25	0.49554962	256276.42	35563
164.7442	751.0	-0.49554962	256276.42	35563
168.60669	260.0	0.49554962	256276.42	35563
241.46489	401.25	0.49554962	256276.42	35563
415.34583	495.5	0.49554962	256276.42	35563
396.42722	617.5	0.49554962	256276.42	35563
171.50928	431.5	-0.49554962	256276.42	35563
128.11928	568.0	0.49554962	256276.42	35563
103.23101	270.25	-0.49554962	256276.42	35563
228.99426	347.5	0.49554962	256276.42	35563
166.37367	216.25	0.49554962	256276.42	35563
198.90517	257.0	0.49554962	256276.42	35563
74.53928	433.75	0.49554962	256276.42	35563
130.8778	693.5	0.49554962	256276.42	35563
157.86768	256.5	0.49554962	256276.42	35563
91.1864	433.75	0.49554962	256276.42	35563
116.55858	281.0	-0.49554962	256276.42	35563
287.21124	667.0	0.49554962	256276.42	35563
170.87682	351.5	0.49554962	256276.42	35563
42.89477	492.5	-0.49554962	256276.42	35563
343.46228	278.0	-0.49554962	256276.42	35563
103.33259	417.0	0.49554962	256276.42	35563
206.65897	258.25	0.49554962	256276.42	35563
81.70514	426.5	0.49554962	256276.42	35563
264.98123	521.5	0.49554962	256276.42	35563
170.55429	231.5	0.49554962	256276.42	35563
418.05707	744.0	0.49554962	256276.42	35563
77.73502	279.75	0.49554962	256276.42	35563
209.96251	347.5	-0.49554962	256276.42	35563
54.090103	498.0	0.49554962	256276.42	35563
497.0323	550.5	-0.49554962	256276.42	35563
456.39142	402.5	0.49554962	256276.42	35563
190.42337	384.75	0.49554962	256276.42	35563
188.93959	537.5	0.49554962	256276.42	35563
276.21194	452.0	0.49554962	256276.42	35563
205.81195	442.75	-0.49554962	256276.42	35563
253.9536	361.0	0.49554962	256276.42	35563
107.84716	309.0	0.49554962	256276.42	35563
232.76097	892.0	0.49554962	256276.42	35563
205.20645	335.25	0.49554962	256276.42	35563
84.97128	264.25	0.49554962	256276.42	35563
147.37267	521.0	-0.49554962	256276.42	35563
203.0382	825.0	0.49554962	256276.42	35563
132.56448	353.25	0.49554962	256276.42	35563
180.88484	621.5	0.49554962	256276.42	35563
244.01619	365.25	0.49554962	256276.42	35563
135.42404	257.75	0.49554962	256276.42	35563
279.00574	511.0	0.49554962	256276.42	35563
397.92822	488.25	0.49554962	256276.42	35563
156.78397	218.125	0.49554962	256276.42	35563
263.8696	358.25	0.49554962	256276.42	35563
157.62874	299.0	0.49554962	256276.42	35563
64.53589	342.5	0.49554962	256276.42	35563
312.37875	692.0	0.49554962	256276.42	35563
269.62448	407.75	0.49554962	256276.42	35563
346.1588	407.75	-0.49554962	256276.42	35563
354.46567	476.0	0.49554962	256276.42	35563
226.74098	482.5	-0.49554962	256276.42	35563
301.19736	407.0	0.49554962	256276.42	35563
167.1323	370.25	0.49554962	256276.42	35563
137.08846	261.75	0.49554962	256276.42	35563
123.4116	630.5	0.49554962	256276.42	35563
292.04297	490.0	0.49554962	256276.42	35563
196.409	426.0	-0.49554962	256276.42	35563
44.42061	373.5	0.49554962	256276.42	35563
177.94667	478.0	0.49554962	256276.42	35563
481.93842	1322.0	0.49554962	256276.42	35563
268.60852	428.75	0.49554962	256276.42	35563
468.1744	480.0	0.49554962	256276.42	35563
62.168846	636.0	0.49554962	256276.42	35563
92.63977	487.0	0.49554962	256276.42	35563
159.91808	463.0	-0.49554962	256276.42	35563
257.96448	617.5	0.49554962	256276.42	35563
391.60315	395.25	0.49554962	256276.42	35563
242.93307	319.25	0.49554962	256276.42	35563
278.1496	285.0	0.49554962	256276.42	35563
195.43361	343.5	0.49554962	256276.42	35563
49.98554	213.125	0.49554962	256276.42	35563
227.42119	601.5	-0.49554962	256276.42	35563
324.78143	565.5	-0.49554962	256276.42	35563
238.33484	399.5	0.49554962	256276.42	35563
222.94308	412.0	-0.49554962	256276.42	35563
135.3651	230.125	-0.49554962	256276.42	35563
103.38781	271.0	0.49554962	256276.42	35563
59.398262	366.25	0.49554962	256276.42	35563
115.28033	403.75	-0.49554962	256276.42	35563
255.34111	961.0	0.49554962	256276.42	35563
120.4426	262.0	0.49554962	256276.42	35563
191.95224	341.25	0.49554962	256276.42	35563
146.21152	251.25	-0.49554962	256276.42	35563
128.24934	531.5	-0.49554962	256276.42	35563
169.36018	577.5	0.49554962	256276.42	35563
210.23802	465.75	0.49554962	256276.42	35563
150.94807	310.5	-0.49554962	256276.42	35563
180.89793	324.75	-0.49554962	256276.42	35563
88.11131	663.0	-0.49554962	256276.42	35563
56.218548	551.0	0.49554962	256276.42	35563
257.60358	545.5	-0.49554962	256276.42	35563
200.67162	490.5	0.49554962	256276.42	35563
168.57324	308.75	-0.49554962	256276.42	35563
176.9469	247.25	0.49554962	256276.42	35563
152.72725	300.5	0.49554962	256276.42	35563
399.6279	320.0	0.49554962	256276.42	35563
114.344666	370.5	0.49554962	256276.42	35563
136.94792	380.25	-0.49554962	256276.42	35563
139.42232	599.0	-0.49554962	256276.42	35563
166.23161	441.75	0.49554962	256276.42	35563
145.18698	404.0	0.49554962	256276.42	35563
209.39806	350.75	0.49554962	256276.42	35563
132.92145	451.75	0.49554962	256276.42	35563
153.18301	349.0	-0.49554962	256276.42	35563
119.11462	219.375	0.49554962	256276.42	35563
143.84767	342.75	-0.49554962	256276.42	35563
345.05188	563.5	0.49554962	256276.42	35563
218.84927	405.25	0.49554962	256276.42	35563
196.38231	389.5	0.49554962	256276.42	35563
150.50685	217.625	0.49554962	256276.42	35563
56.00801	295.0	0.49554962	256276.42	35563
121.83052	548.0	0.49554962	256276.42	35563
143.93689	284.5	0.49554962	256276.42	35563
85.9321	384.75	-0.49554962	256276.42	35563
112.790634	362.5	0.49554962	256276.42	35563
96.500946	248.5	-0.49554962	256276.42	35563
89.01289	348.5	0.49554962	256276.42	35563
139.28804	662.0	0.49554962	256276.42	35563
45.798847	457.0	0.49554962	256276.42	35563
274.77454	749.0	-0.49554962	256276.42	35563
88.495605	385.75	0.49554962	256276.42	35563
426.85742	535.0	-0.49554962	256276.42	35563
70.30063	257.75	0.49554962	256276.42	35563
135.45326	297.0	-0.49554962	256276.42	35563
172.98434	265.5	-0.49554962	256276.42	35563
79.4514	416.75	0.49554962	256276.42	35563
233.1431	944.0	0.49554962	256276.42	35563
149.53087	417.5	0.49554962	256276.42	35563
223.6429	203.75	0.49554962	256276.42	35563
192.36166	372.5	-0.49554962	256276.42	35563
122.84855	295.75	0.49554962	256276.42	35563
346.24	547.5	0.49554962	256276.42	35563
69.65186	232.5	0.49554962	256276.42	35563
95.82896	364.75	-0.49554962	256276.42	35563
211.72404	410.5	0.49554962	256276.42	35563
128.71823	243.375	0.49554962	256276.42	35563
143.67096	294.75	-0.49554962	256276.42	35563
83.78733	396.0	0.49554962	256276.42	35563
112.94543	226.5	0.49554962	256276.42	35563
281.31152	506.0	-0.49554962	256276.42	35563
178.93217	354.5	0.49554962	256276.42	35563
325.12228	334.5	0.49554962	256276.42	35563
613.7168	633.0	0.49554962	256276.42	35563
124.46153	265.25	0.49554962	256276.42	35563
251.60872	717.0	0.49554962	256276.42	35563
142.33669	230.75	0.49554962	256276.42	35563
300.1517	312.0	0.49554962	256276.42	35563
218.12589	320.0	0.49554962	256276.42	35563
169.06377	523.0	0.49554962	256276.42	35563
140.36072	338.25	-0.49554962	256276.42	35563
350.29437	609.0	-0.49554962	256276.42	35563
159.62776	331.75	0.49554962	256276.42	35563
547.54956	651.0	0.49554962	256276.42	35563
367.12003	383.25	0.49554962	256276.42	35563
59.0584	541.0	0.49554962	256276.42	35563
71.91948	409.75	0.49554962	256276.42	35563
187.17612	477.5	-0.49554962	256276.42	35563
318.1649	655.0	0.49554962	256276.42	35563
64.79672	210.75	0.49554962	256276.42	35563
227.93182	312.5	0.49554962	256276.42	35563
107.35721	398.75	0.49554962	256276.42	35563
236.90053	560.0	0.49554962	256276.42	35563
45.561733	289.0	-0.49554962	256276.42	35563
230.68434	311.5	0.49554962	256276.42	35563
308.09946	388.0	0.49554962	256276.42	35563
161.04185	477.0	0.49554962	256276.42	35563
77.32635	451.25	0.49554962	256276.42	35563
290.38397	313.0	0.49554962	256276.42	35563
347.3593	294.75	-0.49554962	256276.42	35563
203.4334	727.5	-0.49554962	256276.42	35563
220.90654	386.75	0.49554962	256276.42	35563
284.02673	438.0	0.49554962	256276.42	35563
130.76822	563.5	-0.49554962	256276.42	35563
359.6772	713.5	0.49554962	256276.42	35563
529.72516	733.5	0.49554962	256276.42	35563
129.05646	545.5	-0.49554962	256276.42	35563
231.49504	837.5	-0.49554962	256276.42	35563
157.42102	476.25	-0.49554962	256276.42	35563
154.79832	339.25	0.49554962	256276.42	35563
144.80745	389.5	0.49554962	256276.42	35563
95.317986	406.5	0.49554962	256276.42	35563
304.92172	374.0	0.49554962	256276.42	35563
69.48146	277.75	0.49554962	256276.42	35563
153.10918	310.25	0.49554962	256276.42	35563
77.08978	203.25	-0.49554962	256276.42	35563
341.90833	379.0	0.49554962	256276.42	35563
174.29285	431.5	0.49554962	256276.42	35563
94.58317	518.5	0.49554962	256276.42	35563
259.6391	218.0	-0.49554962	256276.42	35563
350.4615	664.5	-0.49554962	256276.42	35563
178.85408	412.5	0.49554962	256276.42	35563
97.38045	271.0	0.49554962	256276.42	35563
349.95758	407.75	0.49554962	256276.42	35563
258.4836	265.25	0.49554962	256276.42	35563
177.59367	573.0	0.49554962	256276.42	35563
219.2475	475.75	-0.49554962	256276.42	35563
50.17135	488.0	0.49554962	256276.42	35563
192.8827	527.0	0.49554962	256276.42	35563
60.627213	354.5	0.49554962	256276.42	35563
152.77371	790.5	0.49554962	256276.42	35563
126.40217	341.0	0.49554962	256276.42	35563
164.94577	428.75	-0.49554962	256276.42	35563
423.5389	900.5	0.49554962	256276.42	35563
140.62576	281.25	0.49554962	256276.42	35563
107.64597	547.0	0.49554962	256276.42	35563
121.64412	283.75	0.49554962	256276.42	35563
172.93524	322.25	0.49554962	256276.42	35563
91.92293	262.5	0.49554962	256276.42	35563
98.92738	466.5	0.49554962	256276.42	35563
174.39134	422.0	0.49554962	256276.42	35563
113.245186	444.75	0.49554962	256276.42	35563
116.01251	298.0	0.49554962	256276.42	35563
176.0659	247.75	0.49554962	256276.42	35563
145.51077	614.0	0.49554962	256276.42	35563
50.761337	496.5	0.49554962	256276.42	35563
742.89923	791.0	0.49554962	256276.42	35563
169.55577	361.5	0.49554962	256276.42	35563
190.34256	372.5	0.49554962	256276.42	35563
255.62964	322.25	-0.49554962	256276.42	35563
381.4569	594.5	0.49554962	256276.42	35563
70.0787	327.5	0.49554962	256276.42	35563
138.6459	365.0	0.49554962	256276.42	35563
192.30006	227.625	0.49554962	256276.42	35563
118.39909	342.25	-0.49554962	256276.42	35563
340.6093	636.5	-0.49554962	256276.42	35563
146.90096	326.75	0.49554962	256276.42	35563
65.94574	315.75	0.49554962	256276.42	35563
280.6985	526.0	0.49554962	256276.42	35563
128.41443	377.75	0.49554962	256276.42	35563
322.8406	527.5	0.49554962	256276.42	35563
396.30505	335.75	0.49554962	256276.42	35563
119.161835	260.0	0.49554962	256276.42	35563
99.51477	327.75	-0.49554962	256276.42	35563
205.0425	421.0	0.49554962	256276.42	35563
66.98213	450.75	0.49554962	256276.42	35563
320.45148	702.0	0.49554962	256276.42	35563
60.23034	554.0	0.49554962	256276.42	35563
286.61758	563.0	0.49554962	256276.42	35563
79.644485	531.0	0.49554962	256276.42	35563
79.331505	302.0	-0.49554962	256276.42	35563
162.49347	695.0	-0.49554962	256276.42	35563
156.73543	491.25	0.49554962	256276.42	35563
166.17157	506.0	-0.49554962	256276.42	35563
198.53317	298.25	0.49554962	256276.42	35563
92.3719	276.0	-0.49554962	256276.42	35563
420.8242	360.75	0.49554962	256276.42	35563
94.29205	366.75	-0.49554962	256276.42	35563
83.725296	496.25	0.49554962	256276.42	35563
88.457535	239.75	0.49554962	256276.42	35563
119.94914	542.5	0.49554962	256276.42	35563
330.6912	518.0	0.49554962	256276.42	35563
251.53392	354.5	0.49554962	256276.42	35563
113.577965	277.0	0.49554962	256276.42	35563
47.221016	273.5	0.49554962	256276.42	35563
113.54715	399.25	0.49554962	256276.42	35563
240.7096	568.0	0.49554962	256276.42	35563
259.7074	524.5	0.49554962	256276.42	35563
121.06121	436.5	0.49554962	256276.42	35563
176.58905	611.5	0.49554962	256276.42	35563
317.31418	339.25	0.49554962	256276.42	35563
63.240993	326.25	0.49554962	256276.42	35563
162.49857	744.0	-0.49554962	256276.42	35563
250.66368	554.0	0.49554962	256276.42	35563
98.67962	252.0	0.49554962	256276.42	35563
233.56508	336.0	0.49554962	256276.42	35563
622.28406	562.5	0.49554962	256276.42	35563
239.96904	443.0	0.49554962	256276.42	35563
69.53165	216.75	0.49554962	256276.42	35563
124.68071	277.5	0.49554962	256276.42	35563
113.873566	446.75	0.49554962	256276.42	35563
75.872856	239.375	-0.49554962	256276.42	35563
289.50775	255.25	0.49554962	256276.42	35563
50.14401	278.5	-0.49554962	256276.42	35563
103.52696	273.0	0.49554962	256276.42	35563
85.36209	452.5	-0.49554962	256276.42	35563
112.50562	417.75	0.49554962	256276.42	35563
170.73131	376.0	-0.49554962	256276.42	35563
242.85199	467.75	-0.49554962	256276.42	35563
123.80312	604.5	0.49554962	256276.42	35563
155.094	420.0	0.49554962	256276.42	35563
335.5974	914.0	0.49554962	256276.42	35563
202.74301	409.0	0.49554962	256276.42	35563
314.70856	291.75	-0.49554962	256276.42	35563
176.08417	537.5	0.49554962	256276.42	35563
297.64807	348.75	0.49554962	256276.42	35563
151.29153	389.25	-0.49554962	256276.42	35563
117.07151	606.0	-0.49554962	256276.42	35563
182.00748	338.0	-0.49554962	256276.42	35563
419.0939	821.0	0.49554962	256276.42	35563
133.00888	557.0	0.49554962	256276.42	35563
74.56105	428.25	0.49554962	256276.42	35563
49.62661	370.5	-0.49554962	256276.42	35563
389.341	334.75	0.49554962	256276.42	35563
210.1897	390.5	-0.49554962	256276.42	35563
59.59311	372.0	0.49554962	256276.42	35563
106.16173	272.25	-0.49554962	256276.42	35563
201.74002	528.0	0.49554962	256276.42	35563
405.85324	401.25	-0.49554962	256276.42	35563
185.89719	419.5	0.49554962	256276.42	35563
369.3118	357.0	-0.49554962	256276.42	35563
144.0152	351.0	0.49554962	256276.42	35563
265.37747	384.0	0.49554962	256276.42	35563
182.73064	298.0	0.49554962	256276.42	35563
202.40274	268.0	0.49554962	256276.42	35563
135.69089	490.75	0.49554962	256276.42	35563
191.50963	377.75	-0.49554962	256276.42	35563
126.23369	310.0	0.49554962	256276.42	35563
269.35516	564.5	-0.49554962	256276.42	35563
459.7082	343.0	0.49554962	256276.42	35563
375.16376	739.0	-0.49554962	256276.42	35563
384.2846	393.0	0.49554962	256276.42	35563
249.7772	451.0	0.49554962	256276.42	35563
91.75057	238.375	0.49554962	256276.42	35563
63.07634	289.25	-0.49554962	256276.42	35563
170.1287	372.0	-0.49554962	256276.42	35563
213.09189	350.5	0.49554962	256276.42	35563
121.50392	237.125	-0.49554962	256276.42	35563
307.749	345.0	0.49554962	256276.42	35563
129.79172	334.25	0.49554962	256276.42	35563
749.7562	606.5	0.49554962	256276.42	35563
158.3761	420.25	0.49554962	256276.42	35563
497.24265	365.0	0.49554962	256276.42	35563
181.18005	274.0	0.49554962	256276.42	35563
111.8434	377.5	-0.49554962	256276.42	35563
123.26858	437.0	0.49554962	256276.42	35563
225.3924	329.75	0.49554962	256276.42	35563
219.17755	261.25	-0.49554962	256276.42	35563
144.04155	339.0	0.49554962	256276.42	35563
166.36551	356.75	-0.49554962	256276.42	35563
243.65372	313.25	0.49554962	256276.42	35563
324.66635	481.0	-0.49554962	256276.42	35563
168.13806	396.25	0.49554962	256276.42	35563
246.67404	323.25	-0.49554962	256276.42	35563
310.08542	565.5	-0.49554962	256276.42	35563
135.61652	617.0	0.49554962	256276.42	35563
50.0754	431.75	-0.49554962	256276.42	35563
141.0957	207.0	-0.49554962	256276.42	35563
262.06577	376.25	-0.49554962	256276.42	35563
129.95264	439.0	0.49554962	256276.42	35563
240.44453	418.75	-0.49554962	256276.42	35563
224.90091	295.5	0.49554962	256276.42	35563
145.46454	471.25	0.49554962	256276.42	35563
119.10704	278.25	-0.49554962	256276.42	35563
230.47485	244.0	0.49554962	256276.42	35563
96.12708	440.75	0.49554962	256276.42	35563
184.48235	354.25	0.49554962	256276.42	35563
454.93042	334.5	0.49554962	256276.42	35563
72.364876	254.375	-0.49554962	256276.42	35563
366.96463	417.25	0.49554962	256276.42	35563
272.19907	691.5	-0.49554962	256276.42	35563
190.4978	656.0	0.49554962	256276.42	35563
133.2358	473.75	0.49554962	256276.42	35563
208.20053	649.0	0.49554962	256276.42	35563
242.8473	327.75	-0.49554962	256276.42	35563
182.7357	468.25	-0.49554962	256276.42	35563
203.7992	458.75	0.49554962	256276.42	35563
220.19168	451.5	-0.49554962	256276.42	35563
191.98933	404.75	0.49554962	256276.42	35563
90.96848	420.75	0.49554962	256276.42	35563
418.45972	301.5	0.49554962	256276.42	35563
108.7963	218.375	0.49554962	256276.42	35563
112.01487	318.0	0.49554962	256276.42	35563
74.233536	218.375	0.49554962	256276.42	35563
82.778786	493.75	0.49554962	256276.42	35563
177.64313	536.5	0.49554962	256276.42	35563
78.83078	356.75	0.49554962	256276.42	35563
355.6482	333.75	0.49554962	256276.42	35563
467.01068	361.75	-0.49554962	256276.42	35563
89.393425	244.0	-0.49554962	256276.42	35563
217.201	397.25	0.49554962	256276.42	35563
397.99152	402.75	-0.49554962	256276.42	35563
247.6264	421.5	-0.49554962	256276.42	35563
85.8761	353.5	0.49554962	256276.42	35563
358.93683	668.0	-0.49554962	256276.42	35563
101.78393	432.0	-0.49554962	256276.42	35563
164.36044	327.25	-0.49554962	256276.42	35563
237.12389	429.75	-0.49554962	256276.42	35563
132.07721	299.75	0.49554962	256276.42	35563
322.70572	331.25	0.49554962	256276.42	35563
196.93672	349.0	0.49554962	256276.42	35563
264.47534	488.5	0.49554962	256276.42	35563
75.48414	259.75	-0.49554962	256276.42	35563
170.89827	658.5	0.49554962	256276.42	35563
287.24915	281.5	0.49554962	256276.42	35563
349.3524	803.0	0.49554962	256276.42	35563
99.862785	227.625	0.49554962	256276.42	35563
230.72777	449.5	-0.49554962	256276.42	35563
233.38972	437.5	0.49554962	256276.42	35563
69.43463	299.25	0.49554962	256276.42	35563
134.12108	325.5	0.49554962	256276.42	35563
59.021168	327.75	0.49554962	256276.42	35563
167.17067	413.75	0.49554962	256276.42	35563
103.97299	230.75	0.49554962	256276.42	35563
99.19773	525.5	0.49554962	256276.42	35563
69.52979	243.75	-0.49554962	256276.42	35563
234.35776	358.0	-0.49554962	256276.42	35563
227.23126	529.0	-0.49554962	256276.42	35563
239.46713	359.75	-0.49554962	256276.42	35563
447.70847	310.0	0.49554962	256276.42	35563
226.04417	626.0	0.49554962	256276.42	35563
73.40903	355.25	-0.49554962	256276.42	35563
324.33716	424.75	-0.49554962	256276.42	35563
221.1555	581.5	0.49554962	256276.42	35563
107.54494	311.5	0.49554962	256276.42	35563
64.12022	237.0	0.49554962	256276.42	35563
265.52924	270.0	0.49554962	256276.42	35563
290.1122	770.0	0.49554962	256276.42	35563
323.21555	964.5	-0.49554962	256276.42	35563
118.22155	417.0	0.49554962	256276.42	35563
122.36021	391.0	0.49554962	256276.42	35563
238.65198	472.25	0.49554962	256276.42	35563
113.7534	405.25	0.49554962	256276.42	35563
200.20845	403.0	0.49554962	256276.42	35563
267.69012	269.0	0.49554962	256276.42	35563
68.15221	296.25	0.49554962	256276.42	35563
55.22606	264.0	0.49554962	256276.42	35563
132.31107	425.75	0.49554962	256276.42	35563
211.70718	581.0	-0.49554962	256276.42	35563
317.0565	672.0	0.49554962	256276.42	35563
113.46839	340.75	0.49554962	256276.42	35563
153.47829	430.25	0.49554962	256276.42	35563
148.6265	421.25	0.49554962	256276.42	35563
120.79259	399.5	0.49554962	256276.42	35563
61.45267	290.75	0.49554962	256276.42	35563
241.53996	441.0	0.49554962	256276.42	35563
492.86948	742.0	0.49554962	256276.42	35563
141.52805	667.5	0.49554962	256276.42	35563
60.71382	260.5	0.49554962	256276.42	35563
157.08305	332.75	-0.49554962	256276.42	35563
234.48688	438.0	-0.49554962	256276.42	35563
112.606926	353.75	-0.49554962	256276.42	35563
284.68192	399.0	0.49554962	256276.42	35563
585.39014	1031.0	0.49554962	256276.42	35563
421.76224	478.0	0.49554962	256276.42	35563
164.47032	538.0	0.49554962	256276.42	35563
467.77902	532.5	0.49554962	256276.42	35563
239.97449	224.875	0.49554962	256276.42	35563
223.82089	245.25	0.49554962	256276.42	35563
67.61977	268.5	0.49554962	256276.42	35563
69.12428	476.25	-0.49554962	256276.42	35563
406.96365	341.75	-0.49554962	256276.42	35563
125.951004	514.5	0.49554962	256276.42	35563
316.7601	650.0	0.49554962	256276.42	35563
78.992165	355.0	0.49554962	256276.42	35563
223.40842	485.0	0.49554962	256276.42	35563
164.49406	514.5	0.49554962	256276.42	35563
121.884254	251.875	-0.49554962	256276.42	35563
359.0028	252.125	0.49554962	256276.42	35563
102.29285	602.0	-0.49554962	256276.42	35563
115.197784	418.0	0.49554962	256276.42	35563
144.308	361.5	-0.49554962	256276.42	35563
169.06575	532.0	0.49554962	256276.42	35563
248.23293	468.0	0.49554962	256276.42	35563
250.57182	456.5	0.49554962	256276.42	35563
145.96796	366.75	0.49554962	256276.42	35563
261.00128	354.5	0.49554962	256276.42	35563
55.706036	345.75	0.49554962	256276.42	35563
363.1541	568.5	-0.49554962	256276.42	35563
200.65501	316.75	-0.49554962	256276.42	35563
288.75342	606.0	0.49554962	256276.42	35563
137.90924	258.25	0.49554962	256276.42	35563
146.79373	375.5	0.49554962	256276.42	35563
235.18866	910.0	0.49554962	256276.42	35563
217.42418	475.0	-0.49554962	256276.42	35563
83.94597	912.5	0.49554962	256276.42	35563
343.13815	427.5	0.49554962	256276.42	35563
195.65094	1201.0	0.49554962	256276.42	35563
288.32828	442.0	0.49554962	256276.42	35563
305.90134	443.5	0.49554962	256276.42	35563
220.70541	281.25	0.49554962	256276.42	35563
173.27559	300.0	0.49554962	256276.42	35563
88.564476	584.5	0.49554962	256276.42	35563
248.49861	314.25	0.49554962	256276.42	35563
56.020214	338.25	0.49554962	256276.42	35563
130.60226	486.0	0.49554962	256276.42	35563
130.20259	284.25	0.49554962	256276.42	35563
162.14143	421.0	0.49554962	256276.42	35563
286.38852	380.0	0.49554962	256276.42	35563
362.00647	390.5	-0.49554962	256276.42	35563
204.83615	574.0	0.49554962	256276.42	35563
620.4782	832.0	0.49554962	256276.42	35563
245.9098	467.0	0.49554962	256276.42	35563
116.51513	528.5	0.49554962	256276.42	35563
159.67607	445.5	0.49554962	256276.42	35563
101.1796	227.875	0.49554962	256276.42	35563
204.14142	338.0	0.49554962	256276.42	35563
153.45729	227.125	0.49554962	256276.42	35563
100.26815	213.75	0.49554962	256276.42	35563
111.95431	305.0	0.49554962	256276.42	35563
350.92606	373.25	-0.49554962	256276.42	35563
189.54002	407.0	0.49554962	256276.42	35563
90.94549	260.0	0.49554962	256276.42	35563
532.32574	527.5	0.49554962	256276.42	35563
222.25995	458.5	0.49554962	256276.42	35563
228.67528	438.0	0.49554962	256276.42	35563
148.71619	214.125	0.49554962	256276.42	35563
231.83998	408.25	-0.49554962	256276.42	35563
196.6149	303.75	-0.49554962	256276.42	35563
145.06726	406.25	0.49554962	256276.42	35563
110.70418	279.5	0.49554962	256276.42	35563
172.39697	653.0	0.49554962	256276.42	35563
513.12756	1212.0	-0.49554962	256276.42	35563
94.77638	605.5	0.49554962	256276.42	35563
78.71597	354.25	0.49554962	256276.42	35563
71.03877	714.5	-0.49554962	256276.42	35563
139.1669	280.25	-0.49554962	256276.42	35563
215.18759	428.75	0.49554962	256276.42	35563
108.023026	329.25	-0.49554962	256276.42	35563
199.63786	281.25	0.49554962	256276.42	35563
98.33484	514.0	-0.49554962	256276.42	35563
157.18192	221.875	0.49554962	256276.42	35563
95.80561	333.5	-0.49554962	256276.42	35563
106.92663	308.25	0.49554962	256276.42	35563
115.513435	310.75	0.49554962	256276.42	35563
235.9016	529.0	0.49554962	256276.42	35563
41.645657	221.375	0.49554962	256276.42	35563
151.68036	310.25	0.49554962	256276.42	35563
219.56999	273.75	0.49554962	256276.42	35563
77.947784	300.75	0.49554962	256276.42	35563
129.58446	445.0	-0.49554962	256276.42	35563
116.93383	285.5	0.49554962	256276.42	35563
255.16898	309.25	0.49554962	256276.42	35563
164.5118	277.0	-0.49554962	256276.42	35563
158.35265	408.25	-0.49554962	256276.42	35563
103.7015	450.5	0.49554962	256276.42	35563
161.18835	355.25	0.49554962	256276.42	35563
193.19638	277.25	0.49554962	256276.42	35563
224.329	523.5	0.49554962	256276.42	35563
322.45752	448.75	0.49554962	256276.42	35563
461.83505	530.0	0.49554962	256276.42	35563
302.79282	221.125	0.49554962	256276.42	35563
272.5283	563.0	0.49554962	256276.42	35563
311.81195	410.25	0.49554962	256276.42	35563
121.92635	562.0	0.49554962	256276.42	35563
251.37994	426.75	0.49554962	256276.42	35563
232.61195	208.25	-0.49554962	256276.42	35563
366.22754	472.75	0.49554962	256276.42	35563
67.510284	508.0	0.49554962	256276.42	35563
76.53017	313.0	0.49554962	256276.42	35563
314.8729	393.5	0.49554962	256276.42	35563
158.31479	460.75	0.49554962	256276.42	35563
91.75122	321.0	-0.49554962	256276.42	35563
113.9136	442.25	0.49554962	256276.42	35563
147.601	207.875	0.49554962	256276.42	35563
100.060486	305.0	0.49554962	256276.42	35563
102.641464	252.5	-0.49554962	256276.42	35563
114.66347	216.5	-0.49554962	256276.42	35563
58.994854	235.625	0.49554962	256276.42	35563
201.21703	354.75	0.49554962	256276.42	35563
276.5382	375.5	0.49554962	256276.42	35563
425.7039	695.0	0.49554962	256276.42	35563
197.60274	446.75	-0.49554962	256276.42	35563
250.55302	416.25	-0.49554962	256276.42	35563
95.32311	509.75	-0.49554962	256276.42	35563
304.86023	283.25	0.49554962	256276.42	35563
171.70685	357.25	-0.49554962	256276.42	35563
118.49481	355.25	0.49554962	256276.42	35563
340.974	458.25	-0.49554962	256276.42	35563
140.76137	462.75	0.49554962	256276.42	35563
153.90977	511.5	0.49554962	256276.42	35563
67.16418	210.125	0.49554962	256276.42	35563
496.91168	458.25	0.49554962	256276.42	35563
316.58566	514.5	-0.49554962	256276.42	35563
154.38637	488.0	0.49554962	256276.42	35563
119.305244	240.375	0.49554962	256276.42	35563
186.58842	220.375	0.49554962	256276.42	35563
167.40814	499.75	0.49554962	256276.42	35563
44.909092	426.25	0.49554962	256276.42	35563
303.2454	437.5	0.49554962	256276.42	35563
230.61626	604.0	0.49554962	256276.42	35563
133.18419	253.5	0.49554962	256276.42	35563
250.05275	484.0	-0.49554962	256276.42	35563
105.46143	223.25	0.49554962	256276.42	35563
157.14534	443.0	0.49554962	256276.42	35563
361.26782	495.0	-0.49554962	256276.42	35563
243.82097	436.25	0.49554962	256276.42	35563
193.1436	333.5	-0.49554962	256276.42	35563
313.7425	422.75	0.49554962	256276.42	35563
104.051315	239.75	-0.49554962	256276.42	35563
190.3093	383.75	0.49554962	256276.42	35563
170.90585	290.0	0.49554962	256276.42	35563
208.24194	414.0	0.49554962	256276.42	35563
232.16574	424.0	0.49554962	256276.42	35563
72.159424	302.25	0.49554962	256276.42	35563
456.37616	552.5	0.49554962	256276.42	35563
113.51545	454.5	-0.49554962	256276.42	35563
106.38048	272.5	-0.49554962	256276.42	35563
148.09576	326.75	0.49554962	256276.42	35563
118.13565	277.75	0.49554962	256276.42	35563
107.031685	474.5	0.49554962	256276.42	35563
77.184006	467.5	0.49554962	256276.42	35563
300.26456	337.25	-0.49554962	256276.42	35563
95.49053	375.25	0.49554962	256276.42	35563
158.92366	445.75	0.49554962	256276.42	35563
153.78778	263.25	0.49554962	256276.42	35563
194.8997	270.75	0.49554962	256276.42	35563
249.70113	319.0	0.49554962	256276.42	35563
192.67125	487.75	0.49554962	256276.42	35563
76.568214	334.0	0.49554962	256276.42	35563
137.50017	338.5	0.49554962	256276.42	35563
115.423485	387.5	0.49554962	256276.42	35563
190.727	436.75	0.49554962	256276.42	35563
165.41116	226.5	0.49554962	256276.42	35563
203.88326	445.5	0.49554962	256276.42	35563
77.512215	282.5	0.49554962	256276.42	35563
192.19861	474.5	0.49554962	256276.42	35563
311.19485	586.5	0.49554962	256276.42	35563
376.88284	322.0	0.49554962	256276.42	35563
118.68954	285.5	-0.49554962	256276.42	35563
335.385	497.5	0.49554962	256276.42	35563
263.25317	241.25	0.49554962	256276.42	35563
87.83259	288.75	0.49554962	256276.42	35563
119.829575	304.5	-0.49554962	256276.42	35563
130.26181	585.0	0.49554962	256276.42	35563
348.2312	731.0	-0.49554962	256276.42	35563
135.61331	307.5	-0.49554962	256276.42	35563
236.96353	644.5	0.49554962	256276.42	35563
187.00926	204.0	-0.49554962	256276.42	35563
147.14102	527.0	0.49554962	256276.42	35563
254.04907	299.25	-0.49554962	256276.42	35563
54.96918	262.5	-0.49554962	256276.42	35563
121.55238	578.0	0.49554962	256276.42	35563
212.44228	602.0	0.49554962	256276.42	35563
335.0579	392.25	0.49554962	256276.42	35563
129.83664	461.0	0.49554962	256276.42	35563
177.98422	434.75	-0.49554962	256276.42	35563
181.57262	425.25	0.49554962	256276.42	35563
138.67183	878.5	0.49554962	256276.42	35563
109.1027	609.0	0.49554962	256276.42	35563
136.50885	407.5	0.49554962	256276.42	35563
298.67877	405.0	0.49554962	256276.42	35563
708.4549	517.0	0.49554962	256276.42	35563
224.10716	691.5	0.49554962	256276.42	35563
226.83221	251.125	-0.49554962	256276.42	35563
306.56943	342.5	0.49554962	256276.42	35563
297.392	559.0	0.49554962	256276.42	35563
154.55289	299.75	-0.49554962	256276.42	35563
113.0926	276.25	0.49554962	256276.42	35563
500.90665	1091.0	0.49554962	256276.42	35563
179.63754	356.5	0.49554962	256276.42	35563
245.33481	407.25	-0.49554962	256276.42	35563
81.50461	367.25	0.49554962	256276.42	35563
178.53938	375.75	0.49554962	256276.42	35563
285.6878	336.25	0.49554962	256276.42	35563
83.03724	677.5	0.49554962	256276.42	35563
109.46162	445.0	-0.49554962	256276.42	35563
53.32732	380.5	0.49554962	256276.42	35563
72.30534	396.0	0.49554962	256276.42	35563
109.03392	442.0	-0.49554962	256276.42	35563
160.56046	331.0	-0.49554962	256276.42	35563
160.39452	503.5	-0.49554962	256276.42	35563
89.6543	561.0	0.49554962	256276.42	35563
100.43365	478.75	-0.49554962	256276.42	35563
141.15294	313.25	0.49554962	256276.42	35563
376.14084	501.25	-0.49554962	256276.42	35563
218.44319	433.25	0.49554962	256276.42	35563
322.83194	331.0	0.49554962	256276.42	35563
175.5826	232.0	0.49554962	256276.42	35563
222.12073	377.5	-0.49554962	256276.42	35563
86.07789	355.75	0.49554962	256276.42	35563
104.876305	244.5	0.49554962	256276.42	35563
46.625557	347.0	0.49554962	256276.42	35563
88.482635	221.0	0.49554962	256276.42	35563
207.28055	378.5	0.49554962	256276.42	35563
100.64644	232.875	0.49554962	256276.42	35563
66.86541	435.75	0.49554962	256276.42	35563
225.64125	299.5	0.49554962	256276.42	35563
229.43892	302.0	0.49554962	256276.42	35563
63.153095	203.75	-0.49554962	256276.42	35563
273.13513	472.5	0.49554962	256276.42	35563
107.13311	396.0	0.49554962	256276.42	35563
88.07858	228.5	0.49554962	256276.42	35563
185.36612	382.75	0.49554962	256276.42	35563
171.17287	461.75	0.49554962	256276.42	35563
115.56685	423.0	-0.49554962	256276.42	35563
182.07924	465.25	0.49554962	256276.42	35563
113.05556	697.0	0.49554962	256276.42	35563
166.54117	423.25	-0.49554962	256276.42	35563
162.43404	265.25	0.49554962	256276.42	35563
187.66101	428.25	-0.49554962	256276.42	35563
217.97609	433.75	0.49554962	256276.42	35563
214.17409	796.5	-0.49554962	256276.42	35563
105.38869	394.0	-0.49554962	256276.42	35563
138.74611	365.5	0.49554962	256276.42	35563
115.817566	480.5	0.49554962	256276.42	35563
105.30811	522.0	0.49554962	256276.42	35563
76.36092	298.25	0.49554962	256276.42	35563
51.895515	357.0	-0.49554962	256276.42	35563
166.6829	319.0	-0.49554962	256276.42	35563
243.86731	382.0	0.49554962	256276.42	35563
408.41776	490.0	0.49554962	256276.42	35563
102.56288	490.25	0.49554962	256276.42	35563
371.22412	463.75	0.49554962	256276.42	35563
92.951744	252.875	0.49554962	256276.42	35563
263.80142	819.5	0.49554962	256276.42	35563
105.87045	370.25	0.49554962	256276.42	35563
229.11101	209.875	0.49554962	256276.42	35563
516.3806	431.75	0.49554962	256276.42	35563
349.01556	567.0	0.49554962	256276.42	35563
317.11966	649.0	-0.49554962	256276.42	35563
198.58067	341.0	0.49554962	256276.42	35563
129.78708	266.25	-0.49554962	256276.42	35563
201.9444	212.5	-0.49554962	256276.42	35563
96.844475	267.5	0.49554962	256276.42	35563
294.31357	364.25	-0.49554962	256276.42	35563
335.02377	610.5	0.49554962	256276.42	35563
171.3838	378.75	0.49554962	256276.42	35563
432.55444	469.5	0.49554962	256276.42	35563
98.34552	652.0	0.49554962	256276.42	35563
116.39564	543.0	0.49554962	256276.42	35563
68.21331	297.75	0.49554962	256276.42	35563
277.83716	496.25	0.49554962	256276.42	35563
326.18686	295.0	0.49554962	256276.42	35563
91.43671	264.0	0.49554962	256276.42	35563
131.4675	441.0	0.49554962	256276.42	35563
186.34195	208.375	0.49554962	256276.42	35563
103.32071	513.5	-0.49554962	256276.42	35563
202.19478	227.625	0.49554962	256276.42	35563
197.49115	402.25	-0.49554962	256276.42	35563
47.211388	312.0	-0.49554962	256276.42	35563
63.881924	214.25	0.49554962	256276.42	35563
124.27114	259.25	0.49554962	256276.42	35563
52.819283	339.0	0.49554962	256276.42	35563
85.22715	400.5	0.49554962	256276.42	35563
104.41454	418.5	0.49554962	256276.42	35563
300.59744	489.0	0.49554962	256276.42	35563
57.5244	223.625	0.49554962	256276.42	35563
135.01205	358.5	0.49554962	256276.42	35563
164.09677	487.75	0.49554962	256276.42	35563
254.61847	368.0	0.49554962	256276.42	35563
112.50866	259.5	-0.49554962	256276.42	35563
304.00732	355.25	0.49554962	256276.42	35563
116.61877	353.0	0.49554962	256276.42	35563
100.40375	308.5	0.49554962	256276.42	35563
155.651	328.25	-0.49554962	256276.42	35563
379.928	456.25	0.49554962	256276.42	35563
199.7398	536.5	-0.49554962	256276.42	35563
304.50446	262.25	0.49554962	256276.42	35563
193.81349	392.5	0.49554962	256276.42	35563
259.3228	354.25	-0.49554962	256276.42	35563
49.767784	734.0	0.49554962	256276.42	35563
90.36458	228.75	0.49554962	256276.42	35563
80.61055	412.0	0.49554962	256276.42	35563
223.13214	511.5	0.49554962	256276.42	35563
241.2221	536.5	0.49554962	256276.42	35563
80.11982	423.75	0.49554962	256276.42	35563
119.0612	402.0	-0.49554962	256276.42	35563
57.632393	413.25	0.49554962	256276.42	35563
147.65642	675.0	0.49554962	256276.42	35563
107.43576	290.25	0.49554962	256276.42	35563
297.98776	492.5	0.49554962	256276.42	35563
151.89029	372.0	0.49554962	256276.42	35563
376.81744	788.5	0.49554962	256276.42	35563
157.67322	229.375	-0.49554962	256276.42	35563
195.77953	286.75	0.49554962	256276.42	35563
469.2987	732.0	0.49554962	256276.42	35563
190.90309	433.75	-0.49554962	256276.42	35563
64.88527	446.5	0.49554962	256276.42	35563
48.624	428.75	-0.49554962	256276.42	35563
127.255226	226.625	0.49554962	256276.42	35563
211.03741	264.0	-0.49554962	256276.42	35563
276.8325	368.0	0.49554962	256276.42	35563
296.41785	410.5	-0.49554962	256276.42	35563
286.72424	319.5	-0.49554962	256276.42	35563
169.68451	229.375	0.49554962	256276.42	35563
155.01613	286.0	-0.49554962	256276.42	35563
153.87477	405.5	0.49554962	256276.42	35563
201.55562	418.5	0.49554962	256276.42	35563
104.87993	417.5	0.49554962	256276.42	35563
55.504223	241.125	0.49554962	256276.42	35563
303.3135	704.5	-0.49554962	256276.42	35563
402.0894	631.0	-0.49554962	256276.42	35563
150.77036	389.0	0.49554962	256276.42	35563
55.321033	654.5	0.49554962	256276.42	35563
389.16272	489.5	0.49554962	256276.42	35563
270.79373	360.25	0.49554962	256276.42	35563
142.83926	354.25	0.49554962	256276.42	35563
270.06146	798.5	-0.49554962	256276.42	35563
269.0606	431.75	-0.49554962	256276.42	35563
205.93555	305.5	-0.49554962	256276.42	35563
135.6759	330.75	0.49554962	256276.42	35563
224.86246	436.75	0.49554962	256276.42	35563
85.86956	308.0	-0.49554962	256276.42	35563
234.27888	385.0	-0.49554962	256276.42	35563
78.75394	542.5	0.49554962	256276.42	35563
231.54463	447.0	-0.49554962	256276.42	35563
388.0107	674.5	0.49554962	256276.42	35563
508.3608	634.5	0.49554962	256276.42	35563
421.13098	416.0	-0.49554962	256276.42	35563
449.9325	1115.0	0.49554962	256276.42	35563
145.72548	277.25	0.49554962	256276.42	35563
427.66052	807.5	-0.49554962	256276.42	35563
213.39838	465.0	-0.49554962	256276.42	35563
346.73212	767.5	0.49554962	256276.42	35563
98.953186	281.5	0.49554962	256276.42	35563
156.08188	355.5	0.49554962	256276.42	35563
561.27167	417.75	0.49554962	256276.42	35563
185.95903	502.25	0.49554962	256276.42	35563
55.19228	322.0	-0.49554962	256276.42	35563
287.03384	611.5	0.49554962	256276.42	35563
71.975945	285.25	0.49554962	256276.42	35563
69.76585	503.5	0.49554962	256276.42	35563
115.491	369.75	0.49554962	256276.42	35563
199.90282	667.5	0.49554962	256276.42	35563
113.99324	324.0	0.49554962	256276.42	35563
76.02986	469.25	0.49554962	256276.42	35563
258.7677	496.0	0.49554962	256276.42	35563
263.52646	453.0	0.49554962	256276.42	35563
283.70978	773.5	-0.49554962	256276.42	35563
49.611797	276.0	0.49554962	256276.42	35563
439.13065	368.5	-0.49554962	256276.42	35563
254.42068	587.5	0.49554962	256276.42	35563
76.06649	410.5	-0.49554962	256276.42	35563
209.214	286.0	0.49554962	256276.42	35563
130.4428	555.0	0.49554962	256276.42	35563
187.32457	384.75	0.49554962	256276.42	35563
154.5701	336.5	0.49554962	256276.42	35563
446.89142	291.25	0.49554962	256276.42	35563
258.0499	421.25	-0.49554962	256276.42	35563
133.7988	270.0	0.49554962	256276.42	35563
122.33786	287.5	0.49554962	256276.42	35563
95.02281	438.5	0.49554962	256276.42	35563
78.912	225.75	0.49554962	256276.42	35563
193.82698	275.25	-0.49554962	256276.42	35563
222.839	246.25	-0.49554962	256276.42	35563
98.07778	329.75	0.49554962	256276.42	35563
218.46974	339.25	0.49554962	256276.42	35563
149.1785	417.0	-0.49554962	256276.42	35563
134.64154	246.0	0.49554962	256276.42	35563
178.54594	270.75	0.49554962	256276.42	35563
179.5886	624.0	-0.49554962	256276.42	35563
230.34833	423.5	-0.49554962	256276.42	35563
174.66356	214.375	0.49554962	256276.42	35563
80.356415	239.375	0.49554962	256276.42	35563
104.496635	311.0	0.49554962	256276.42	35563
349.6754	450.0	0.49554962	256276.42	35563
50.701706	223.0	0.49554962	256276.42	35563
99.77205	451.75	0.49554962	256276.42	35563
144.78577	435.5	0.49554962	256276.42	35563
98.659004	302.75	0.49554962	256276.42	35563
509.7438	430.75	0.49554962	256276.42	35563
125.86897	318.25	0.49554962	256276.42	35563
240.0573	496.75	-0.49554962	256276.42	35563
91.470375	365.75	0.49554962	256276.42	35563
229.41208	299.5	0.49554962	256276.42	35563
104.22135	331.25	0.49554962	256276.42	35563
103.83356	372.25	0.49554962	256276.42	35563
259.15894	402.0	0.49554962	256276.42	35563
121.34978	269.75	0.49554962	256276.42	35563
134.5494	235.125	0.49554962	256276.42	35563
163.35825	626.0	0.49554962	256276.42	35563
86.61909	299.5	0.49554962	256276.42	35563
60.84512	247.375	0.49554962	256276.42	35563
89.57861	220.375	0.49554962	256276.42	35563
287.252	525.0	0.49554962	256276.42	35563
133.1833	433.25	-0.49554962	256276.42	35563
167.60857	630.0	-0.49554962	256276.42	35563
249.58218	450.75	0.49554962	256276.42	35563
258.44894	520.5	0.49554962	256276.42	35563
608.8502	303.75	0.49554962	256276.42	35563
178.68825	348.5	0.49554962	256276.42	35563
135.74918	299.75	0.49554962	256276.42	35563
339.6447	521.0	-0.49554962	256276.42	35563
242.89789	436.5	0.49554962	256276.42	35563
229.02434	340.75	0.49554962	256276.42	35563
83.44164	573.0	0.49554962	256276.42	35563
109.42634	357.0	0.49554962	256276.42	35563
165.91637	296.75	0.49554962	256276.42	35563
269.36978	404.5	0.49554962	256276.42	35563
708.04895	770.0	0.49554962	256276.42	35563
43.958282	368.5	0.49554962	256276.42	35563
290.90454	288.75	0.49554962	256276.42	35563
171.34947	296.0	-0.49554962	256276.42	35563
98.53344	320.25	-0.49554962	256276.42	35563
155.41098	469.75	0.49554962	256276.42	35563
100.01685	413.5	0.49554962	256276.42	35563
96.61483	243.0	0.49554962	256276.42	35563
95.462395	368.25	-0.49554962	256276.42	35563
102.14609	482.0	0.49554962	256276.42	35563
191.8536	337.25	0.49554962	256276.42	35563
73.822136	202.875	-0.49554962	256276.42	35563
279.50766	639.5	0.49554962	256276.42	35563
109.78673	370.0	-0.49554962	256276.42	35563
127.663086	530.5	0.49554962	256276.42	35563
119.38175	222.875	0.49554962	256276.42	35563
59.821377	809.5	-0.49554962	256276.42	35563
184.24168	338.5	0.49554962	256276.42	35563
118.97452	344.25	0.49554962	256276.42	35563
131.14264	363.75	0.49554962	256276.42	35563
128.444	314.25	0.49554962	256276.42	35563
100.76274	355.5	0.49554962	256276.42	35563
106.18998	262.25	0.49554962	256276.42	35563
270.75677	427.5	0.49554962	256276.42	35563
136.64302	574.0	0.49554962	256276.42	35563
278.40338	515.0	0.49554962	256276.42	35563
271.49033	299.75	0.49554962	256276.42	35563
110.32553	527.0	0.49554962	256276.42	35563
111.12288	245.25	0.49554962	256276.42	35563
102.92621	382.5	0.49554962	256276.42	35563
484.8962	637.5	0.49554962	256276.42	35563
139.77132	308.0	-0.49554962	256276.42	35563
149.53339	302.0	-0.49554962	256276.42	35563
379.49606	697.5	0.49554962	256276.42	35563
137.57594	657.5	-0.49554962	256276.42	35563
131.93933	361.5	0.49554962	256276.42	35563
104.52702	385.75	-0.49554962	256276.42	35563
93.12371	304.25	0.49554962	256276.42	35563
146.34918	407.0	-0.49554962	256276.42	35563
217.0947	551.0	0.49554962	256276.42	35563
232.9326	264.75	0.49554962	256276.42	35563
69.39182	291.0	0.49554962	256276.42	35563
96.111786	395.0	-0.49554962	256276.42	35563
184.40057	318.25	0.49554962	256276.42	35563
43.194546	409.5	-0.49554962	256276.42	35563
92.180756	293.25	0.49554962	256276.42	35563
296.23972	552.0	0.49554962	256276.42	35563
287.6495	374.5	0.49554962	256276.42	35563
80.06726	248.25	0.49554962	256276.42	35563
949.3458	1095.0	0.49554962	256276.42	35563
334.61633	537.5	0.49554962	256276.42	35563
114.61662	425.75	0.49554962	256276.42	35563
616.05597	480.25	-0.49554962	256276.42	35563
142.31532	442.0	-0.49554962	256276.42	35563
184.84447	295.75	0.49554962	256276.42	35563
118.836655	377.5	-0.49554962	256276.42	35563
263.30573	523.0	0.49554962	256276.42	35563
194.07367	419.75	0.49554962	256276.42	35563
105.74197	1117.0	0.49554962	256276.42	35563
381.51215	592.5	-0.49554962	256276.42	35563
123.77675	298.5	0.49554962	256276.42	35563
179.98364	363.75	0.49554962	256276.42	35563
107.79375	283.25	0.49554962	256276.42	35563
283.51514	285.75	0.49554962	256276.42	35563
213.04506	509.0	-0.49554962	256276.42	35563
261.04776	228.875	0.49554962	256276.42	35563
228.7613	683.5	0.49554962	256276.42	35563
88.59624	466.25	0.49554962	256276.42	35563
310.86237	447.75	-0.49554962	256276.42	35563
305.19986	255.75	0.49554962	256276.42	35563
199.5713	412.75	0.49554962	256276.42	35563
232.7781	413.25	0.49554962	256276.42	35563
114.8394	326.5	0.49554962	256276.42	35563
225.45705	451.5	0.49554962	256276.42	35563
353.71085	299.0	0.49554962	256276.42	35563
89.72367	538.0	0.49554962	256276.42	35563
141.27646	423.5	0.49554962	256276.42	35563
161.41661	398.75	-0.49554962	256276.42	35563
