lep_pt	AK8_pt	genWeights	sumWeight	N_exp
32.12058	206.375	0.49554962	177184.75	35563
154.5215	233.25	0.49554962	177184.75	35563
81.22088	227.125	-0.49554962	177184.75	35563
144.36848	218.875	0.49554962	177184.75	35563
90.18888	481.25	0.49554962	177184.75	35563
57.682854	389.75	-0.49554962	177184.75	35563
37.382042	206.25	0.49554962	177184.75	35563
59.258293	214.875	0.49554962	177184.75	35563
169.78091	317.25	0.49554962	177184.75	35563
127.234085	225.5	-0.49554962	177184.75	35563
148.40204	275.75	0.49554962	177184.75	35563
392.07373	480.75	0.49554962	177184.75	35563
57.837086	230.625	-0.49554962	177184.75	35563
101.056114	218.5	0.49554962	177184.75	35563
118.38398	217.5	-0.49554962	177184.75	35563
131.18526	251.5	0.49554962	177184.75	35563
13.157533	216.25	0.49554962	177184.75	35563
47.35956	342.5	-0.49554962	177184.75	35563
68.73518	469.0	0.49554962	177184.75	35563
36.992485	203.5	0.49554962	177184.75	35563
68.83966	378.25	0.49554962	177184.75	35563
77.757866	224.375	-0.49554962	177184.75	35563
129.92908	223.25	0.49554962	177184.75	35563
162.88068	344.0	-0.49554962	177184.75	35563
44.06553	346.5	-0.49554962	177184.75	35563
102.49556	229.75	0.49554962	177184.75	35563
121.59057	232.375	0.49554962	177184.75	35563
116.03873	241.375	-0.49554962	177184.75	35563
28.014444	220.125	0.49554962	177184.75	35563
73.339386	228.5	0.49554962	177184.75	35563
89.30484	204.5	-0.49554962	177184.75	35563
52.60318	203.5	0.49554962	177184.75	35563
121.60108	202.625	0.49554962	177184.75	35563
230.24751	301.5	0.49554962	177184.75	35563
31.705517	200.5	0.49554962	177184.75	35563
112.431526	214.625	0.49554962	177184.75	35563
15.027683	222.875	-0.49554962	177184.75	35563
93.94821	342.25	0.49554962	177184.75	35563
35.298992	250.625	0.49554962	177184.75	35563
42.76163	381.0	0.49554962	177184.75	35563
102.98419	223.875	0.49554962	177184.75	35563
72.76336	369.5	-0.49554962	177184.75	35563
101.685005	206.875	-0.49554962	177184.75	35563
229.01025	244.75	0.49554962	177184.75	35563
63.85821	437.5	-0.49554962	177184.75	35563
76.504616	230.125	0.49554962	177184.75	35563
47.111885	207.25	0.49554962	177184.75	35563
145.4494	246.0	0.49554962	177184.75	35563
163.94041	258.75	0.49554962	177184.75	35563
109.90029	272.25	0.49554962	177184.75	35563
59.753998	231.25	0.49554962	177184.75	35563
81.94361	225.25	-0.49554962	177184.75	35563
66.163155	410.75	0.49554962	177184.75	35563
435.09787	575.0	-0.49554962	177184.75	35563
65.103905	286.5	-0.49554962	177184.75	35563
408.40265	204.25	0.49554962	177184.75	35563
251.71094	297.25	-0.49554962	177184.75	35563
66.12097	238.875	0.49554962	177184.75	35563
81.514084	349.0	-0.49554962	177184.75	35563
22.500109	455.75	0.49554962	177184.75	35563
43.676586	248.875	0.49554962	177184.75	35563
227.02585	244.125	0.49554962	177184.75	35563
59.6753	210.125	-0.49554962	177184.75	35563
224.30983	249.125	0.49554962	177184.75	35563
121.437035	257.25	0.49554962	177184.75	35563
27.207241	223.25	0.49554962	177184.75	35563
268.87643	281.0	0.49554962	177184.75	35563
39.93788	288.25	-0.49554962	177184.75	35563
59.249573	356.0	0.49554962	177184.75	35563
252.77206	238.625	0.49554962	177184.75	35563
97.31917	255.125	0.49554962	177184.75	35563
108.82001	427.25	0.49554962	177184.75	35563
77.13877	225.0	-0.49554962	177184.75	35563
33.24218	219.75	0.49554962	177184.75	35563
139.12413	249.25	0.49554962	177184.75	35563
48.032127	239.125	-0.49554962	177184.75	35563
60.07481	285.25	0.49554962	177184.75	35563
190.15648	225.125	0.49554962	177184.75	35563
104.41782	328.25	0.49554962	177184.75	35563
52.774292	334.25	-0.49554962	177184.75	35563
386.52563	211.75	0.49554962	177184.75	35563
229.87282	204.375	0.49554962	177184.75	35563
133.97908	326.75	0.49554962	177184.75	35563
33.69375	221.125	0.49554962	177184.75	35563
285.77576	336.75	-0.49554962	177184.75	35563
124.586	202.375	0.49554962	177184.75	35563
101.24194	598.0	0.49554962	177184.75	35563
56.698513	291.0	0.49554962	177184.75	35563
102.660355	213.625	0.49554962	177184.75	35563
218.15636	473.25	0.49554962	177184.75	35563
52.03858	274.25	0.49554962	177184.75	35563
36.281353	251.875	0.49554962	177184.75	35563
31.338383	201.375	-0.49554962	177184.75	35563
136.55464	312.0	-0.49554962	177184.75	35563
238.56897	249.875	0.49554962	177184.75	35563
84.2418	417.5	0.49554962	177184.75	35563
181.13483	218.375	0.49554962	177184.75	35563
93.70852	334.5	0.49554962	177184.75	35563
116.97839	217.375	0.49554962	177184.75	35563
204.39696	378.25	-0.49554962	177184.75	35563
94.34386	406.0	0.49554962	177184.75	35563
71.95917	223.125	0.49554962	177184.75	35563
121.41819	453.25	0.49554962	177184.75	35563
50.76404	444.5	0.49554962	177184.75	35563
33.56145	275.0	0.49554962	177184.75	35563
24.766695	230.875	0.49554962	177184.75	35563
268.7226	428.75	0.49554962	177184.75	35563
122.68553	256.5	0.49554962	177184.75	35563
42.189686	268.0	0.49554962	177184.75	35563
135.03357	380.75	0.49554962	177184.75	35563
88.23892	354.75	0.49554962	177184.75	35563
129.05739	332.25	-0.49554962	177184.75	35563
107.311295	218.125	-0.49554962	177184.75	35563
29.009026	294.75	0.49554962	177184.75	35563
117.84462	445.0	-0.49554962	177184.75	35563
187.37317	252.75	0.49554962	177184.75	35563
81.498726	382.75	0.49554962	177184.75	35563
221.54279	669.5	0.49554962	177184.75	35563
199.31548	361.25	-0.49554962	177184.75	35563
67.91865	371.75	-0.49554962	177184.75	35563
60.21167	239.75	0.49554962	177184.75	35563
324.0572	346.0	-0.49554962	177184.75	35563
47.81844	313.75	0.49554962	177184.75	35563
54.26941	279.25	-0.49554962	177184.75	35563
77.73644	274.5	0.49554962	177184.75	35563
141.22879	233.5	0.49554962	177184.75	35563
108.28445	346.5	0.49554962	177184.75	35563
33.88958	264.25	0.49554962	177184.75	35563
57.85087	218.125	-0.49554962	177184.75	35563
71.91184	242.125	-0.49554962	177184.75	35563
37.94366	237.75	0.49554962	177184.75	35563
71.17924	240.25	0.49554962	177184.75	35563
41.40246	216.125	-0.49554962	177184.75	35563
173.22255	237.25	0.49554962	177184.75	35563
74.03264	250.25	0.49554962	177184.75	35563
85.0142	238.875	-0.49554962	177184.75	35563
152.78714	384.25	0.49554962	177184.75	35563
118.866165	284.75	0.49554962	177184.75	35563
50.578335	251.25	0.49554962	177184.75	35563
202.53922	253.625	-0.49554962	177184.75	35563
69.16804	307.75	-0.49554962	177184.75	35563
128.74649	205.25	0.49554962	177184.75	35563
115.0545	255.25	0.49554962	177184.75	35563
48.338478	348.25	-0.49554962	177184.75	35563
105.5873	337.25	0.49554962	177184.75	35563
93.020325	440.0	0.49554962	177184.75	35563
283.21988	328.0	0.49554962	177184.75	35563
68.73243	223.875	0.49554962	177184.75	35563
219.6429	322.5	0.49554962	177184.75	35563
225.20773	220.0	0.49554962	177184.75	35563
84.782425	278.0	0.49554962	177184.75	35563
140.10869	224.125	0.49554962	177184.75	35563
126.062836	333.75	0.49554962	177184.75	35563
112.87415	206.875	-0.49554962	177184.75	35563
215.66353	229.25	0.49554962	177184.75	35563
195.9829	811.0	0.49554962	177184.75	35563
149.48991	244.5	0.49554962	177184.75	35563
95.32758	232.875	0.49554962	177184.75	35563
221.02779	211.5	-0.49554962	177184.75	35563
85.868034	275.25	0.49554962	177184.75	35563
253.37114	380.25	0.49554962	177184.75	35563
158.85623	432.75	0.49554962	177184.75	35563
125.66545	260.5	0.49554962	177184.75	35563
57.6238	280.75	0.49554962	177184.75	35563
54.477272	252.0	0.49554962	177184.75	35563
144.1326	223.875	-0.49554962	177184.75	35563
50.77253	246.5	-0.49554962	177184.75	35563
88.86412	319.25	0.49554962	177184.75	35563
68.814766	276.5	0.49554962	177184.75	35563
62.832813	269.5	0.49554962	177184.75	35563
103.294334	251.625	0.49554962	177184.75	35563
28.146027	237.125	0.49554962	177184.75	35563
195.06367	227.5	-0.49554962	177184.75	35563
33.66264	258.25	0.49554962	177184.75	35563
125.86713	404.5	-0.49554962	177184.75	35563
122.63748	279.25	0.49554962	177184.75	35563
128.76624	419.0	0.49554962	177184.75	35563
26.146969	213.75	0.49554962	177184.75	35563
21.751637	240.5	0.49554962	177184.75	35563
85.94282	283.25	-0.49554962	177184.75	35563
126.380325	400.75	0.49554962	177184.75	35563
62.577682	252.125	0.49554962	177184.75	35563
429.69574	293.0	0.49554962	177184.75	35563
303.5908	317.25	0.49554962	177184.75	35563
159.07906	252.625	-0.49554962	177184.75	35563
42.305847	213.5	-0.49554962	177184.75	35563
49.96861	247.5	0.49554962	177184.75	35563
81.37796	246.5	-0.49554962	177184.75	35563
100.71091	307.0	-0.49554962	177184.75	35563
520.04224	260.0	-0.49554962	177184.75	35563
298.12735	457.75	-0.49554962	177184.75	35563
114.11203	322.0	-0.49554962	177184.75	35563
104.654396	267.0	0.49554962	177184.75	35563
94.52242	270.75	-0.49554962	177184.75	35563
111.77254	204.625	-0.49554962	177184.75	35563
148.88434	401.5	0.49554962	177184.75	35563
40.296528	209.625	0.49554962	177184.75	35563
27.03502	255.75	-0.49554962	177184.75	35563
96.13548	387.5	0.49554962	177184.75	35563
206.13158	216.375	0.49554962	177184.75	35563
334.6117	311.25	0.49554962	177184.75	35563
82.498695	210.75	0.49554962	177184.75	35563
37.39173	257.5	0.49554962	177184.75	35563
102.26266	428.25	0.49554962	177184.75	35563
131.99991	280.0	0.49554962	177184.75	35563
133.12202	270.25	-0.49554962	177184.75	35563
42.136166	200.5	0.49554962	177184.75	35563
231.48369	217.5	-0.49554962	177184.75	35563
75.80784	400.0	0.49554962	177184.75	35563
65.29876	257.75	0.49554962	177184.75	35563
65.182594	218.375	0.49554962	177184.75	35563
46.17839	284.25	0.49554962	177184.75	35563
54.69834	597.5	0.49554962	177184.75	35563
64.54499	234.875	0.49554962	177184.75	35563
50.983288	416.0	0.49554962	177184.75	35563
26.266443	236.625	0.49554962	177184.75	35563
16.639095	216.0	0.49554962	177184.75	35563
177.0956	217.5	0.49554962	177184.75	35563
107.37896	376.5	0.49554962	177184.75	35563
84.92573	278.5	-0.49554962	177184.75	35563
25.960936	386.5	0.49554962	177184.75	35563
79.92746	462.25	0.49554962	177184.75	35563
76.48154	241.5	0.49554962	177184.75	35563
49.04255	278.75	0.49554962	177184.75	35563
88.752464	218.375	0.49554962	177184.75	35563
378.81772	260.75	0.49554962	177184.75	35563
69.18252	207.125	0.49554962	177184.75	35563
64.09654	219.0	-0.49554962	177184.75	35563
261.29578	320.25	0.49554962	177184.75	35563
55.828285	332.25	0.49554962	177184.75	35563
29.712608	258.0	0.49554962	177184.75	35563
60.449734	212.5	-0.49554962	177184.75	35563
449.7292	578.0	0.49554962	177184.75	35563
46.81014	205.0	0.49554962	177184.75	35563
161.3675	250.875	0.49554962	177184.75	35563
40.943233	472.5	0.49554962	177184.75	35563
99.10653	292.25	0.49554962	177184.75	35563
94.54826	403.5	0.49554962	177184.75	35563
74.42323	205.125	0.49554962	177184.75	35563
100.715416	225.5	0.49554962	177184.75	35563
103.23565	216.375	0.49554962	177184.75	35563
301.5165	214.125	0.49554962	177184.75	35563
44.36303	271.5	0.49554962	177184.75	35563
78.015	232.0	-0.49554962	177184.75	35563
123.446236	207.625	-0.49554962	177184.75	35563
134.28116	254.75	0.49554962	177184.75	35563
220.30159	218.875	-0.49554962	177184.75	35563
126.09734	365.75	0.49554962	177184.75	35563
126.39315	433.25	-0.49554962	177184.75	35563
138.49603	294.5	0.49554962	177184.75	35563
69.96995	560.0	-0.49554962	177184.75	35563
169.32384	394.0	0.49554962	177184.75	35563
90.372505	221.875	0.49554962	177184.75	35563
254.84468	209.375	0.49554962	177184.75	35563
163.07225	405.0	-0.49554962	177184.75	35563
166.96666	413.75	0.49554962	177184.75	35563
55.897522	221.625	-0.49554962	177184.75	35563
141.11658	204.75	0.49554962	177184.75	35563
54.6473	241.125	0.49554962	177184.75	35563
133.99852	387.75	0.49554962	177184.75	35563
181.8235	365.5	0.49554962	177184.75	35563
190.01695	336.5	0.49554962	177184.75	35563
136.43736	425.75	0.49554962	177184.75	35563
37.07991	202.25	0.49554962	177184.75	35563
61.804325	217.5	0.49554962	177184.75	35563
46.441864	241.375	-0.49554962	177184.75	35563
130.48921	224.875	-0.49554962	177184.75	35563
79.9982	213.375	0.49554962	177184.75	35563
182.93251	260.0	0.49554962	177184.75	35563
78.69691	237.25	0.49554962	177184.75	35563
351.07123	404.75	0.49554962	177184.75	35563
41.68187	282.75	-0.49554962	177184.75	35563
73.181305	207.375	0.49554962	177184.75	35563
65.88703	507.5	0.49554962	177184.75	35563
116.54498	229.25	0.49554962	177184.75	35563
199.86183	405.75	0.49554962	177184.75	35563
267.99796	327.75	0.49554962	177184.75	35563
60.032726	679.0	0.49554962	177184.75	35563
32.42794	216.75	-0.49554962	177184.75	35563
56.075947	209.25	-0.49554962	177184.75	35563
83.7286	235.375	0.49554962	177184.75	35563
224.12267	220.5	-0.49554962	177184.75	35563
72.589165	250.5	0.49554962	177184.75	35563
149.746	463.5	0.49554962	177184.75	35563
80.958626	505.0	-0.49554962	177184.75	35563
21.081488	252.25	0.49554962	177184.75	35563
98.32862	295.25	0.49554962	177184.75	35563
145.68268	288.75	0.49554962	177184.75	35563
61.16284	210.625	0.49554962	177184.75	35563
269.0012	260.5	0.49554962	177184.75	35563
168.28197	295.75	0.49554962	177184.75	35563
67.85327	231.75	0.49554962	177184.75	35563
53.171547	299.25	0.49554962	177184.75	35563
275.43488	329.25	0.49554962	177184.75	35563
25.3829	299.75	0.49554962	177184.75	35563
125.12655	327.0	-0.49554962	177184.75	35563
78.21787	210.375	0.49554962	177184.75	35563
76.54324	489.5	0.49554962	177184.75	35563
411.7955	258.75	0.49554962	177184.75	35563
52.38075	235.25	0.49554962	177184.75	35563
55.463066	262.5	-0.49554962	177184.75	35563
70.054054	212.875	0.49554962	177184.75	35563
132.18799	247.5	0.49554962	177184.75	35563
96.75936	401.75	0.49554962	177184.75	35563
102.916016	249.125	0.49554962	177184.75	35563
59.96695	206.25	-0.49554962	177184.75	35563
69.85792	237.125	0.49554962	177184.75	35563
103.8471	459.5	0.49554962	177184.75	35563
45.92155	486.25	0.49554962	177184.75	35563
106.584435	368.5	0.49554962	177184.75	35563
118.96429	596.5	-0.49554962	177184.75	35563
64.63583	315.0	-0.49554962	177184.75	35563
92.2884	227.75	0.49554962	177184.75	35563
117.35676	219.375	0.49554962	177184.75	35563
232.78746	438.5	0.49554962	177184.75	35563
488.79843	700.5	0.49554962	177184.75	35563
117.16358	258.75	0.49554962	177184.75	35563
209.35689	294.5	0.49554962	177184.75	35563
23.936615	317.5	0.49554962	177184.75	35563
62.34988	268.5	0.49554962	177184.75	35563
121.43474	357.5	-0.49554962	177184.75	35563
73.60362	353.0	-0.49554962	177184.75	35563
141.03563	201.125	0.49554962	177184.75	35563
65.01697	285.75	-0.49554962	177184.75	35563
187.43304	462.75	-0.49554962	177184.75	35563
99.63956	272.0	0.49554962	177184.75	35563
166.1605	381.75	0.49554962	177184.75	35563
97.964386	435.0	0.49554962	177184.75	35563
40.028164	314.25	0.49554962	177184.75	35563
38.09073	382.5	0.49554962	177184.75	35563
225.96071	295.25	-0.49554962	177184.75	35563
147.38928	205.125	0.49554962	177184.75	35563
143.82175	255.75	0.49554962	177184.75	35563
181.85895	260.25	0.49554962	177184.75	35563
89.19268	476.25	0.49554962	177184.75	35563
41.54974	216.375	0.49554962	177184.75	35563
348.34164	756.0	0.49554962	177184.75	35563
38.61101	316.5	0.49554962	177184.75	35563
37.114098	864.5	-0.49554962	177184.75	35563
86.78804	384.25	0.49554962	177184.75	35563
217.60655	318.75	0.49554962	177184.75	35563
90.13728	299.5	0.49554962	177184.75	35563
243.63628	307.25	-0.49554962	177184.75	35563
98.663605	345.5	0.49554962	177184.75	35563
87.16992	471.5	0.49554962	177184.75	35563
35.642754	358.5	0.49554962	177184.75	35563
116.849556	206.125	0.49554962	177184.75	35563
139.00905	269.25	0.49554962	177184.75	35563
37.339626	204.125	-0.49554962	177184.75	35563
58.234634	311.25	0.49554962	177184.75	35563
29.799238	202.875	0.49554962	177184.75	35563
166.26622	200.25	0.49554962	177184.75	35563
63.973576	251.75	0.49554962	177184.75	35563
153.4972	205.0	0.49554962	177184.75	35563
82.93409	400.25	0.49554962	177184.75	35563
79.01651	353.75	-0.49554962	177184.75	35563
193.84306	263.5	0.49554962	177184.75	35563
23.799973	344.25	0.49554962	177184.75	35563
34.165688	607.5	0.49554962	177184.75	35563
76.819855	303.75	0.49554962	177184.75	35563
61.025494	237.875	0.49554962	177184.75	35563
78.21421	210.0	0.49554962	177184.75	35563
64.40038	289.5	0.49554962	177184.75	35563
49.48359	293.25	0.49554962	177184.75	35563
169.85905	226.25	0.49554962	177184.75	35563
247.91574	564.5	0.49554962	177184.75	35563
148.0741	225.75	-0.49554962	177184.75	35563
130.29707	333.5	0.49554962	177184.75	35563
63.701313	253.875	0.49554962	177184.75	35563
116.6692	213.625	0.49554962	177184.75	35563
57.485992	266.25	-0.49554962	177184.75	35563
34.794846	302.5	-0.49554962	177184.75	35563
60.088657	228.125	0.49554962	177184.75	35563
74.785446	559.5	0.49554962	177184.75	35563
227.1535	214.5	0.49554962	177184.75	35563
91.70555	464.75	0.49554962	177184.75	35563
49.56694	212.0	-0.49554962	177184.75	35563
41.302456	313.5	0.49554962	177184.75	35563
149.81165	234.875	0.49554962	177184.75	35563
62.77787	216.0	0.49554962	177184.75	35563
147.41422	205.75	0.49554962	177184.75	35563
56.894367	217.5	0.49554962	177184.75	35563
88.1475	304.5	0.49554962	177184.75	35563
58.62346	242.0	-0.49554962	177184.75	35563
159.99258	233.75	0.49554962	177184.75	35563
129.04977	285.75	0.49554962	177184.75	35563
83.978966	661.5	0.49554962	177184.75	35563
197.4558	441.0	0.49554962	177184.75	35563
64.075584	245.25	-0.49554962	177184.75	35563
120.31894	208.625	0.49554962	177184.75	35563
117.705154	203.875	0.49554962	177184.75	35563
56.427174	232.625	0.49554962	177184.75	35563
88.49363	269.75	-0.49554962	177184.75	35563
144.94177	469.25	0.49554962	177184.75	35563
20.471872	249.75	0.49554962	177184.75	35563
71.19727	305.75	-0.49554962	177184.75	35563
56.621315	267.5	-0.49554962	177184.75	35563
53.136467	245.875	0.49554962	177184.75	35563
137.9481	552.5	0.49554962	177184.75	35563
59.397175	526.0	0.49554962	177184.75	35563
513.883	262.5	0.49554962	177184.75	35563
127.75749	268.5	0.49554962	177184.75	35563
55.594734	217.125	0.49554962	177184.75	35563
38.094578	437.75	0.49554962	177184.75	35563
25.020504	218.625	0.49554962	177184.75	35563
47.469273	225.625	0.49554962	177184.75	35563
25.073515	235.5	0.49554962	177184.75	35563
24.794086	255.0	0.49554962	177184.75	35563
64.0851	229.875	0.49554962	177184.75	35563
145.87021	229.75	0.49554962	177184.75	35563
100.97534	206.125	0.49554962	177184.75	35563
62.979183	364.5	0.49554962	177184.75	35563
38.874043	214.0	0.49554962	177184.75	35563
107.446724	462.5	0.49554962	177184.75	35563
94.74008	425.5	0.49554962	177184.75	35563
94.24006	278.5	0.49554962	177184.75	35563
233.08359	553.0	0.49554962	177184.75	35563
71.228775	339.5	0.49554962	177184.75	35563
103.74782	246.875	-0.49554962	177184.75	35563
194.03072	202.0	0.49554962	177184.75	35563
260.10785	405.75	-0.49554962	177184.75	35563
188.26292	299.5	0.49554962	177184.75	35563
129.34082	273.5	-0.49554962	177184.75	35563
271.921	345.25	-0.49554962	177184.75	35563
66.35117	286.0	0.49554962	177184.75	35563
64.77978	244.875	0.49554962	177184.75	35563
48.211704	245.125	-0.49554962	177184.75	35563
164.1371	261.25	-0.49554962	177184.75	35563
46.463696	472.25	-0.49554962	177184.75	35563
57.462307	251.5	-0.49554962	177184.75	35563
97.72587	201.0	0.49554962	177184.75	35563
21.896822	263.5	0.49554962	177184.75	35563
107.85632	249.25	0.49554962	177184.75	35563
261.38345	248.125	0.49554962	177184.75	35563
144.18475	373.25	0.49554962	177184.75	35563
54.66818	301.0	-0.49554962	177184.75	35563
104.53408	318.5	-0.49554962	177184.75	35563
44.832554	339.25	0.49554962	177184.75	35563
70.41638	202.25	0.49554962	177184.75	35563
115.08073	231.5	-0.49554962	177184.75	35563
62.32035	368.25	0.49554962	177184.75	35563
42.267097	233.125	-0.49554962	177184.75	35563
87.75276	317.25	0.49554962	177184.75	35563
85.72423	263.25	-0.49554962	177184.75	35563
129.70729	202.875	0.49554962	177184.75	35563
51.183865	222.75	0.49554962	177184.75	35563
132.61006	214.375	0.49554962	177184.75	35563
70.328064	317.0	0.49554962	177184.75	35563
146.70741	323.25	0.49554962	177184.75	35563
262.6456	215.25	0.49554962	177184.75	35563
128.42859	238.625	0.49554962	177184.75	35563
47.127552	210.125	0.49554962	177184.75	35563
88.497314	248.5	-0.49554962	177184.75	35563
192.99738	269.75	-0.49554962	177184.75	35563
45.349113	373.25	-0.49554962	177184.75	35563
84.90492	455.25	0.49554962	177184.75	35563
167.71097	347.25	0.49554962	177184.75	35563
71.32779	253.375	0.49554962	177184.75	35563
61.3981	493.0	0.49554962	177184.75	35563
83.36865	431.0	0.49554962	177184.75	35563
114.46176	216.625	0.49554962	177184.75	35563
165.44592	615.0	0.49554962	177184.75	35563
24.188677	288.25	0.49554962	177184.75	35563
74.801216	204.0	-0.49554962	177184.75	35563
187.91197	270.75	-0.49554962	177184.75	35563
98.44077	243.875	0.49554962	177184.75	35563
64.51434	240.75	0.49554962	177184.75	35563
53.12307	221.875	0.49554962	177184.75	35563
128.35013	241.0	0.49554962	177184.75	35563
98.57756	210.25	0.49554962	177184.75	35563
60.33703	264.75	0.49554962	177184.75	35563
93.47009	243.625	0.49554962	177184.75	35563
73.671486	318.0	0.49554962	177184.75	35563
207.32022	627.5	-0.49554962	177184.75	35563
241.71791	253.75	-0.49554962	177184.75	35563
116.83022	309.25	0.49554962	177184.75	35563
242.8546	216.75	0.49554962	177184.75	35563
63.829647	498.25	0.49554962	177184.75	35563
189.14528	498.25	0.49554962	177184.75	35563
88.190506	371.25	-0.49554962	177184.75	35563
206.43352	255.75	0.49554962	177184.75	35563
60.178017	298.0	0.49554962	177184.75	35563
101.50807	354.0	-0.49554962	177184.75	35563
27.112377	226.0	-0.49554962	177184.75	35563
99.9115	204.0	0.49554962	177184.75	35563
114.03443	417.75	0.49554962	177184.75	35563
69.908806	596.5	0.49554962	177184.75	35563
29.852148	617.5	0.49554962	177184.75	35563
93.64087	236.75	0.49554962	177184.75	35563
20.598087	305.75	0.49554962	177184.75	35563
83.61081	222.25	-0.49554962	177184.75	35563
75.39599	346.75	-0.49554962	177184.75	35563
96.29556	217.375	0.49554962	177184.75	35563
27.322807	317.75	0.49554962	177184.75	35563
253.41411	407.5	-0.49554962	177184.75	35563
115.846985	248.75	0.49554962	177184.75	35563
233.18463	282.5	0.49554962	177184.75	35563
198.96579	287.75	-0.49554962	177184.75	35563
177.30234	493.0	0.49554962	177184.75	35563
54.83596	292.75	0.49554962	177184.75	35563
122.06136	494.25	0.49554962	177184.75	35563
39.575756	315.0	0.49554962	177184.75	35563
34.0145	210.75	0.49554962	177184.75	35563
69.87284	207.625	0.49554962	177184.75	35563
36.846863	248.125	0.49554962	177184.75	35563
75.39906	226.0	0.49554962	177184.75	35563
192.32776	258.5	0.49554962	177184.75	35563
66.58041	209.25	0.49554962	177184.75	35563
83.75859	549.5	-0.49554962	177184.75	35563
32.785103	238.25	-0.49554962	177184.75	35563
174.28348	204.25	0.49554962	177184.75	35563
78.148605	265.75	-0.49554962	177184.75	35563
111.21503	348.25	0.49554962	177184.75	35563
37.719574	389.75	0.49554962	177184.75	35563
25.626385	207.25	0.49554962	177184.75	35563
59.378517	252.0	0.49554962	177184.75	35563
104.19053	309.25	0.49554962	177184.75	35563
160.60802	359.0	0.49554962	177184.75	35563
92.86688	254.375	0.49554962	177184.75	35563
69.09328	281.75	0.49554962	177184.75	35563
43.88258	207.0	-0.49554962	177184.75	35563
260.24176	444.5	0.49554962	177184.75	35563
121.195854	238.125	-0.49554962	177184.75	35563
69.78408	315.5	0.49554962	177184.75	35563
67.74434	321.75	0.49554962	177184.75	35563
115.73642	356.75	-0.49554962	177184.75	35563
131.86168	300.0	0.49554962	177184.75	35563
259.60007	280.0	0.49554962	177184.75	35563
32.062088	220.125	0.49554962	177184.75	35563
40.085308	208.25	0.49554962	177184.75	35563
82.3605	453.25	0.49554962	177184.75	35563
52.442825	218.375	0.49554962	177184.75	35563
82.40229	259.75	0.49554962	177184.75	35563
83.61582	217.75	0.49554962	177184.75	35563
50.851395	503.5	0.49554962	177184.75	35563
51.73452	205.5	0.49554962	177184.75	35563
196.11903	201.625	0.49554962	177184.75	35563
71.8766	204.75	0.49554962	177184.75	35563
23.292196	333.5	0.49554962	177184.75	35563
53.41503	217.75	-0.49554962	177184.75	35563
128.95995	213.375	0.49554962	177184.75	35563
118.5278	427.0	0.49554962	177184.75	35563
64.35914	282.0	0.49554962	177184.75	35563
67.22718	320.5	0.49554962	177184.75	35563
30.393034	222.5	0.49554962	177184.75	35563
82.813255	200.625	0.49554962	177184.75	35563
75.73787	507.75	0.49554962	177184.75	35563
120.94174	258.5	-0.49554962	177184.75	35563
79.42644	236.875	0.49554962	177184.75	35563
57.73179	207.125	-0.49554962	177184.75	35563
101.18874	280.0	0.49554962	177184.75	35563
195.25217	209.5	0.49554962	177184.75	35563
46.266685	355.5	0.49554962	177184.75	35563
150.70067	405.25	-0.49554962	177184.75	35563
41.21929	212.875	-0.49554962	177184.75	35563
84.0858	222.125	-0.49554962	177184.75	35563
79.39266	490.5	0.49554962	177184.75	35563
72.84363	373.25	0.49554962	177184.75	35563
120.260704	279.0	-0.49554962	177184.75	35563
20.267332	318.25	0.49554962	177184.75	35563
41.444542	239.375	0.49554962	177184.75	35563
278.93134	221.75	0.49554962	177184.75	35563
99.692	319.5	0.49554962	177184.75	35563
54.110916	226.625	0.49554962	177184.75	35563
65.87596	490.75	0.49554962	177184.75	35563
38.991566	547.0	0.49554962	177184.75	35563
125.38517	272.0	0.49554962	177184.75	35563
20.877325	242.5	0.49554962	177184.75	35563
70.70535	280.0	-0.49554962	177184.75	35563
44.771965	400.75	0.49554962	177184.75	35563
93.79354	250.125	0.49554962	177184.75	35563
305.64496	362.0	0.49554962	177184.75	35563
57.412926	295.25	0.49554962	177184.75	35563
67.53587	452.25	0.49554962	177184.75	35563
75.68965	239.75	0.49554962	177184.75	35563
448.35593	437.25	0.49554962	177184.75	35563
48.640785	297.5	0.49554962	177184.75	35563
124.47672	292.5	0.49554962	177184.75	35563
160.66995	447.0	0.49554962	177184.75	35563
110.20094	284.5	-0.49554962	177184.75	35563
39.12917	208.375	0.49554962	177184.75	35563
79.72281	242.5	0.49554962	177184.75	35563
56.183388	386.5	0.49554962	177184.75	35563
134.63994	253.5	0.49554962	177184.75	35563
27.072327	263.75	0.49554962	177184.75	35563
282.0065	356.75	0.49554962	177184.75	35563
81.06491	201.875	0.49554962	177184.75	35563
165.44221	322.0	0.49554962	177184.75	35563
91.44021	317.25	0.49554962	177184.75	35563
126.93125	366.0	0.49554962	177184.75	35563
126.92262	227.75	0.49554962	177184.75	35563
204.63084	358.75	0.49554962	177184.75	35563
132.28076	200.5	0.49554962	177184.75	35563
179.9915	257.75	0.49554962	177184.75	35563
76.114525	266.0	-0.49554962	177184.75	35563
105.355415	568.0	0.49554962	177184.75	35563
160.56323	225.0	0.49554962	177184.75	35563
23.539639	272.5	0.49554962	177184.75	35563
74.844826	216.125	0.49554962	177184.75	35563
118.64965	255.5	0.49554962	177184.75	35563
386.11032	302.5	0.49554962	177184.75	35563
41.731907	322.5	0.49554962	177184.75	35563
64.80798	253.375	0.49554962	177184.75	35563
173.11098	348.75	-0.49554962	177184.75	35563
78.59669	357.75	0.49554962	177184.75	35563
29.549917	343.25	-0.49554962	177184.75	35563
154.82407	276.0	0.49554962	177184.75	35563
100.802	275.75	-0.49554962	177184.75	35563
65.54447	232.125	-0.49554962	177184.75	35563
516.2624	381.0	0.49554962	177184.75	35563
84.61407	638.5	-0.49554962	177184.75	35563
103.22622	215.125	-0.49554962	177184.75	35563
99.17588	371.0	0.49554962	177184.75	35563
79.70063	335.0	0.49554962	177184.75	35563
41.97068	281.0	0.49554962	177184.75	35563
295.98422	585.0	0.49554962	177184.75	35563
57.635643	234.75	0.49554962	177184.75	35563
41.55017	311.25	0.49554962	177184.75	35563
49.937275	266.75	-0.49554962	177184.75	35563
30.024662	266.75	0.49554962	177184.75	35563
170.72685	264.5	0.49554962	177184.75	35563
323.29437	273.75	-0.49554962	177184.75	35563
253.12988	370.5	0.49554962	177184.75	35563
115.47704	242.25	0.49554962	177184.75	35563
32.428867	316.5	-0.49554962	177184.75	35563
39.45329	314.25	-0.49554962	177184.75	35563
189.88257	238.875	0.49554962	177184.75	35563
183.93199	385.5	0.49554962	177184.75	35563
45.73501	201.625	-0.49554962	177184.75	35563
146.04971	285.75	0.49554962	177184.75	35563
28.021338	207.75	0.49554962	177184.75	35563
94.48702	221.0	-0.49554962	177184.75	35563
106.81917	209.875	0.49554962	177184.75	35563
43.407578	255.75	-0.49554962	177184.75	35563
165.24455	205.0	-0.49554962	177184.75	35563
164.96584	636.5	0.49554962	177184.75	35563
62.869736	370.75	0.49554962	177184.75	35563
58.849407	300.75	0.49554962	177184.75	35563
98.51028	254.125	0.49554962	177184.75	35563
79.486916	265.0	-0.49554962	177184.75	35563
115.88889	202.625	-0.49554962	177184.75	35563
81.564255	231.125	-0.49554962	177184.75	35563
78.60356	277.5	0.49554962	177184.75	35563
278.16757	251.125	-0.49554962	177184.75	35563
174.29785	212.25	0.49554962	177184.75	35563
139.41191	483.25	0.49554962	177184.75	35563
495.17767	227.375	0.49554962	177184.75	35563
182.56271	216.125	0.49554962	177184.75	35563
76.924446	445.25	0.49554962	177184.75	35563
269.6393	222.75	0.49554962	177184.75	35563
120.368385	246.625	0.49554962	177184.75	35563
156.81577	238.5	-0.49554962	177184.75	35563
100.94433	234.25	0.49554962	177184.75	35563
33.894062	206.25	0.49554962	177184.75	35563
229.78934	446.75	-0.49554962	177184.75	35563
96.03219	228.875	-0.49554962	177184.75	35563
121.86866	510.5	0.49554962	177184.75	35563
83.06831	292.25	0.49554962	177184.75	35563
91.20379	313.25	0.49554962	177184.75	35563
206.09036	314.0	0.49554962	177184.75	35563
74.54113	263.0	0.49554962	177184.75	35563
43.4459	206.625	-0.49554962	177184.75	35563
62.77378	322.75	0.49554962	177184.75	35563
105.02005	234.75	0.49554962	177184.75	35563
35.64536	273.25	0.49554962	177184.75	35563
166.99722	379.0	0.49554962	177184.75	35563
104.36634	777.0	-0.49554962	177184.75	35563
67.26404	261.0	0.49554962	177184.75	35563
117.654305	290.25	0.49554962	177184.75	35563
66.125145	200.25	0.49554962	177184.75	35563
142.16245	318.25	0.49554962	177184.75	35563
101.26933	306.25	0.49554962	177184.75	35563
121.45662	376.0	0.49554962	177184.75	35563
64.28226	215.25	-0.49554962	177184.75	35563
75.828636	458.0	-0.49554962	177184.75	35563
161.13387	272.75	0.49554962	177184.75	35563
200.77615	497.25	0.49554962	177184.75	35563
182.68428	262.5	0.49554962	177184.75	35563
262.75662	322.75	-0.49554962	177184.75	35563
212.0855	257.25	0.49554962	177184.75	35563
92.2632	226.375	0.49554962	177184.75	35563
371.54642	533.5	0.49554962	177184.75	35563
145.22772	385.25	0.49554962	177184.75	35563
162.2795	271.5	-0.49554962	177184.75	35563
46.3151	275.75	0.49554962	177184.75	35563
70.501854	216.625	0.49554962	177184.75	35563
224.27118	206.875	0.49554962	177184.75	35563
219.15306	784.5	0.49554962	177184.75	35563
27.488556	312.25	0.49554962	177184.75	35563
80.370155	238.625	-0.49554962	177184.75	35563
121.296	241.125	0.49554962	177184.75	35563
74.534996	229.875	0.49554962	177184.75	35563
143.86162	360.25	0.49554962	177184.75	35563
122.2941	458.75	-0.49554962	177184.75	35563
42.662758	247.0	0.49554962	177184.75	35563
149.47037	200.875	0.49554962	177184.75	35563
37.224655	201.5	0.49554962	177184.75	35563
190.11057	261.75	0.49554962	177184.75	35563
164.3442	291.75	0.49554962	177184.75	35563
79.05747	261.5	0.49554962	177184.75	35563
393.32346	382.5	0.49554962	177184.75	35563
58.430786	284.75	0.49554962	177184.75	35563
49.341885	328.5	0.49554962	177184.75	35563
248.144	277.75	0.49554962	177184.75	35563
154.6448	387.5	0.49554962	177184.75	35563
121.62191	342.75	0.49554962	177184.75	35563
42.567474	201.125	-0.49554962	177184.75	35563
34.610226	219.5	0.49554962	177184.75	35563
228.87053	297.75	0.49554962	177184.75	35563
181.54797	214.0	0.49554962	177184.75	35563
35.393456	206.0	0.49554962	177184.75	35563
326.1104	290.0	0.49554962	177184.75	35563
25.941124	211.875	0.49554962	177184.75	35563
43.297157	233.5	-0.49554962	177184.75	35563
34.360435	276.0	0.49554962	177184.75	35563
131.18633	393.0	-0.49554962	177184.75	35563
92.248276	226.625	0.49554962	177184.75	35563
217.63557	287.5	0.49554962	177184.75	35563
49.899883	300.0	-0.49554962	177184.75	35563
35.75329	245.25	-0.49554962	177184.75	35563
62.538277	454.0	0.49554962	177184.75	35563
177.82016	204.75	-0.49554962	177184.75	35563
89.420845	296.0	0.49554962	177184.75	35563
18.49293	447.0	0.49554962	177184.75	35563
205.11237	378.25	0.49554962	177184.75	35563
101.38095	206.0	0.49554962	177184.75	35563
89.48198	687.5	0.49554962	177184.75	35563
163.80548	300.25	0.49554962	177184.75	35563
308.905	540.5	0.49554962	177184.75	35563
136.70004	229.375	0.49554962	177184.75	35563
299.02054	209.375	0.49554962	177184.75	35563
43.80244	457.25	0.49554962	177184.75	35563
65.291885	380.5	0.49554962	177184.75	35563
86.1803	526.5	0.49554962	177184.75	35563
75.14904	235.75	-0.49554962	177184.75	35563
295.3219	460.25	0.49554962	177184.75	35563
32.31195	238.25	0.49554962	177184.75	35563
50.878796	273.5	0.49554962	177184.75	35563
37.051563	234.5	0.49554962	177184.75	35563
65.281975	202.375	-0.49554962	177184.75	35563
86.91552	333.5	-0.49554962	177184.75	35563
106.53495	238.375	0.49554962	177184.75	35563
55.30748	214.5	0.49554962	177184.75	35563
64.75247	247.5	0.49554962	177184.75	35563
76.030365	241.125	-0.49554962	177184.75	35563
192.95549	271.75	0.49554962	177184.75	35563
222.07599	673.0	0.49554962	177184.75	35563
175.16216	311.0	0.49554962	177184.75	35563
43.04901	443.5	0.49554962	177184.75	35563
21.68719	286.0	-0.49554962	177184.75	35563
148.4815	218.75	0.49554962	177184.75	35563
206.48033	396.0	0.49554962	177184.75	35563
249.0625	558.0	0.49554962	177184.75	35563
211.47807	324.25	0.49554962	177184.75	35563
80.80302	279.25	0.49554962	177184.75	35563
171.00034	344.75	-0.49554962	177184.75	35563
306.98175	369.5	-0.49554962	177184.75	35563
91.61709	325.25	0.49554962	177184.75	35563
38.29712	255.5	0.49554962	177184.75	35563
77.093994	238.125	0.49554962	177184.75	35563
77.88205	249.875	0.49554962	177184.75	35563
201.25258	207.5	-0.49554962	177184.75	35563
63.387703	247.75	0.49554962	177184.75	35563
77.46964	360.25	0.49554962	177184.75	35563
109.90241	240.5	0.49554962	177184.75	35563
129.54092	304.5	0.49554962	177184.75	35563
268.48773	284.25	0.49554962	177184.75	35563
174.17892	317.75	0.49554962	177184.75	35563
178.26045	245.375	-0.49554962	177184.75	35563
66.41642	258.0	0.49554962	177184.75	35563
20.617655	265.5	0.49554962	177184.75	35563
47.20944	313.5	0.49554962	177184.75	35563
91.901924	299.5	0.49554962	177184.75	35563
199.96338	392.5	0.49554962	177184.75	35563
132.59688	393.25	0.49554962	177184.75	35563
70.42286	321.75	0.49554962	177184.75	35563
205.47453	221.0	0.49554962	177184.75	35563
22.715734	221.75	0.49554962	177184.75	35563
75.79573	240.5	0.49554962	177184.75	35563
108.52781	280.25	0.49554962	177184.75	35563
194.10686	201.125	-0.49554962	177184.75	35563
127.117256	230.625	0.49554962	177184.75	35563
231.53545	362.75	-0.49554962	177184.75	35563
149.82776	272.5	0.49554962	177184.75	35563
84.18792	261.5	0.49554962	177184.75	35563
38.047745	393.5	0.49554962	177184.75	35563
151.94388	337.0	0.49554962	177184.75	35563
84.05297	254.0	0.49554962	177184.75	35563
102.002785	212.0	0.49554962	177184.75	35563
118.06913	216.375	0.49554962	177184.75	35563
96.179535	209.375	0.49554962	177184.75	35563
151.00722	556.5	0.49554962	177184.75	35563
71.84008	201.625	0.49554962	177184.75	35563
283.85254	232.75	-0.49554962	177184.75	35563
55.795147	219.0	0.49554962	177184.75	35563
33.9817	201.0	0.49554962	177184.75	35563
132.4299	278.5	0.49554962	177184.75	35563
90.54511	238.875	0.49554962	177184.75	35563
39.16273	208.0	0.49554962	177184.75	35563
206.92488	433.0	0.49554962	177184.75	35563
110.23611	266.0	0.49554962	177184.75	35563
75.97994	253.875	0.49554962	177184.75	35563
116.98654	310.0	0.49554962	177184.75	35563
135.64136	254.625	0.49554962	177184.75	35563
38.927406	365.0	-0.49554962	177184.75	35563
175.17361	241.375	0.49554962	177184.75	35563
70.69895	322.25	-0.49554962	177184.75	35563
136.58023	249.125	0.49554962	177184.75	35563
119.64037	247.375	0.49554962	177184.75	35563
43.985367	321.25	-0.49554962	177184.75	35563
150.57518	213.0	0.49554962	177184.75	35563
116.050476	240.0	0.49554962	177184.75	35563
216.25185	415.75	0.49554962	177184.75	35563
45.978085	208.125	0.49554962	177184.75	35563
86.56929	214.625	0.49554962	177184.75	35563
43.34252	272.5	0.49554962	177184.75	35563
161.44699	409.0	0.49554962	177184.75	35563
80.30843	221.0	-0.49554962	177184.75	35563
67.68778	226.75	0.49554962	177184.75	35563
30.580153	228.125	0.49554962	177184.75	35563
112.74551	254.125	0.49554962	177184.75	35563
55.57795	285.5	0.49554962	177184.75	35563
208.45717	284.5	0.49554962	177184.75	35563
46.65715	242.75	0.49554962	177184.75	35563
150.96838	275.75	0.49554962	177184.75	35563
120.723854	367.25	0.49554962	177184.75	35563
245.39941	231.75	0.49554962	177184.75	35563
21.8822	250.375	0.49554962	177184.75	35563
146.64682	238.25	0.49554962	177184.75	35563
63.515553	225.5	0.49554962	177184.75	35563
91.89185	295.0	-0.49554962	177184.75	35563
156.25981	288.75	0.49554962	177184.75	35563
61.60107	228.25	0.49554962	177184.75	35563
273.1779	270.5	0.49554962	177184.75	35563
143.16763	236.625	0.49554962	177184.75	35563
102.46027	279.25	-0.49554962	177184.75	35563
119.41706	240.375	0.49554962	177184.75	35563
74.04988	226.375	0.49554962	177184.75	35563
48.121273	292.25	0.49554962	177184.75	35563
19.363327	239.625	0.49554962	177184.75	35563
19.487947	208.625	0.49554962	177184.75	35563
28.447397	242.75	0.49554962	177184.75	35563
34.85563	266.0	0.49554962	177184.75	35563
123.95658	211.375	0.49554962	177184.75	35563
79.062584	245.125	0.49554962	177184.75	35563
43.34417	298.75	0.49554962	177184.75	35563
95.58754	247.875	0.49554962	177184.75	35563
155.97499	231.25	0.49554962	177184.75	35563
64.189896	317.5	-0.49554962	177184.75	35563
166.94246	283.25	0.49554962	177184.75	35563
80.970345	200.75	-0.49554962	177184.75	35563
152.98126	290.5	0.49554962	177184.75	35563
66.04714	375.5	0.49554962	177184.75	35563
20.76347	233.5	-0.49554962	177184.75	35563
176.77985	261.25	0.49554962	177184.75	35563
136.80453	254.75	0.49554962	177184.75	35563
111.24985	355.25	0.49554962	177184.75	35563
70.65541	322.25	0.49554962	177184.75	35563
106.77531	253.5	-0.49554962	177184.75	35563
392.08682	237.75	0.49554962	177184.75	35563
69.38096	219.875	0.49554962	177184.75	35563
133.15913	241.0	0.49554962	177184.75	35563
84.8292	565.5	0.49554962	177184.75	35563
108.56992	266.5	0.49554962	177184.75	35563
77.86351	203.75	0.49554962	177184.75	35563
71.66342	272.0	-0.49554962	177184.75	35563
122.18849	209.375	-0.49554962	177184.75	35563
287.854	332.25	0.49554962	177184.75	35563
107.50814	390.25	0.49554962	177184.75	35563
438.2332	639.5	0.49554962	177184.75	35563
192.64287	224.75	-0.49554962	177184.75	35563
78.01083	215.75	0.49554962	177184.75	35563
61.325848	472.25	0.49554962	177184.75	35563
71.61974	202.75	0.49554962	177184.75	35563
140.94968	215.75	0.49554962	177184.75	35563
167.65707	381.5	-0.49554962	177184.75	35563
43.800426	281.25	0.49554962	177184.75	35563
37.41205	226.25	0.49554962	177184.75	35563
53.50118	425.75	0.49554962	177184.75	35563
146.26141	278.5	0.49554962	177184.75	35563
44.609356	261.0	-0.49554962	177184.75	35563
54.487328	249.125	0.49554962	177184.75	35563
195.74762	343.75	0.49554962	177184.75	35563
50.204784	231.125	0.49554962	177184.75	35563
34.168686	242.5	0.49554962	177184.75	35563
103.6198	321.5	0.49554962	177184.75	35563
189.86188	427.5	0.49554962	177184.75	35563
50.94358	328.75	0.49554962	177184.75	35563
38.060455	264.25	0.49554962	177184.75	35563
123.096214	290.25	0.49554962	177184.75	35563
76.58672	383.75	-0.49554962	177184.75	35563
78.650734	203.0	0.49554962	177184.75	35563
138.11137	296.25	0.49554962	177184.75	35563
65.054695	297.25	0.49554962	177184.75	35563
46.02957	200.375	-0.49554962	177184.75	35563
103.966	216.0	0.49554962	177184.75	35563
104.73024	294.5	-0.49554962	177184.75	35563
74.55255	226.0	0.49554962	177184.75	35563
143.35023	213.375	0.49554962	177184.75	35563
32.554214	217.75	0.49554962	177184.75	35563
19.851467	454.75	-0.49554962	177184.75	35563
59.915924	278.5	0.49554962	177184.75	35563
56.666348	260.0	0.49554962	177184.75	35563
217.1978	396.0	-0.49554962	177184.75	35563
86.95505	267.5	0.49554962	177184.75	35563
65.60887	275.0	0.49554962	177184.75	35563
277.61203	591.0	-0.49554962	177184.75	35563
126.588455	542.5	0.49554962	177184.75	35563
59.69752	713.5	0.49554962	177184.75	35563
47.84954	319.5	0.49554962	177184.75	35563
57.182625	470.25	-0.49554962	177184.75	35563
99.82491	276.0	-0.49554962	177184.75	35563
126.83163	222.375	0.49554962	177184.75	35563
75.2645	231.0	-0.49554962	177184.75	35563
67.103874	238.875	0.49554962	177184.75	35563
99.29238	235.25	0.49554962	177184.75	35563
158.49019	362.0	-0.49554962	177184.75	35563
98.56765	318.25	0.49554962	177184.75	35563
113.573845	480.0	0.49554962	177184.75	35563
166.40494	307.75	0.49554962	177184.75	35563
158.28746	248.0	0.49554962	177184.75	35563
137.73201	376.75	-0.49554962	177184.75	35563
30.5278	294.0	0.49554962	177184.75	35563
85.026245	248.75	0.49554962	177184.75	35563
20.247963	329.25	0.49554962	177184.75	35563
129.50786	202.625	0.49554962	177184.75	35563
219.95409	434.75	0.49554962	177184.75	35563
144.64409	217.0	0.49554962	177184.75	35563
298.38898	289.0	-0.49554962	177184.75	35563
104.476555	375.75	0.49554962	177184.75	35563
221.27681	502.25	0.49554962	177184.75	35563
40.899727	248.125	0.49554962	177184.75	35563
160.67719	300.0	-0.49554962	177184.75	35563
136.59912	222.25	0.49554962	177184.75	35563
117.42776	211.375	0.49554962	177184.75	35563
29.943373	228.625	-0.49554962	177184.75	35563
92.491714	230.5	-0.49554962	177184.75	35563
31.861557	278.75	-0.49554962	177184.75	35563
168.783	292.75	0.49554962	177184.75	35563
46.698853	221.75	0.49554962	177184.75	35563
70.01802	324.75	0.49554962	177184.75	35563
60.79232	266.0	0.49554962	177184.75	35563
55.699566	226.625	-0.49554962	177184.75	35563
109.6066	279.25	0.49554962	177184.75	35563
122.5401	242.875	0.49554962	177184.75	35563
97.72577	236.875	0.49554962	177184.75	35563
39.571236	211.375	0.49554962	177184.75	35563
46.49735	267.5	0.49554962	177184.75	35563
82.59558	363.25	0.49554962	177184.75	35563
77.40579	292.0	0.49554962	177184.75	35563
80.27303	425.25	0.49554962	177184.75	35563
250.99355	353.75	0.49554962	177184.75	35563
33.468777	233.25	-0.49554962	177184.75	35563
135.09468	396.75	0.49554962	177184.75	35563
187.43764	208.5	0.49554962	177184.75	35563
73.92822	272.0	0.49554962	177184.75	35563
31.779716	578.0	0.49554962	177184.75	35563
49.409515	317.0	-0.49554962	177184.75	35563
34.36696	424.75	-0.49554962	177184.75	35563
196.22307	269.75	0.49554962	177184.75	35563
73.78334	442.5	-0.49554962	177184.75	35563
180.9529	411.0	-0.49554962	177184.75	35563
162.50528	344.5	-0.49554962	177184.75	35563
141.66591	380.75	-0.49554962	177184.75	35563
116.451035	217.625	0.49554962	177184.75	35563
41.456596	240.625	0.49554962	177184.75	35563
126.82557	237.375	0.49554962	177184.75	35563
98.399345	231.625	-0.49554962	177184.75	35563
108.818016	369.5	-0.49554962	177184.75	35563
123.00411	363.75	-0.49554962	177184.75	35563
142.96971	203.125	0.49554962	177184.75	35563
116.327965	213.5	0.49554962	177184.75	35563
39.328316	308.75	0.49554962	177184.75	35563
88.66669	257.25	-0.49554962	177184.75	35563
124.08378	218.5	0.49554962	177184.75	35563
69.73256	203.625	0.49554962	177184.75	35563
141.1418	313.75	0.49554962	177184.75	35563
54.950157	365.0	0.49554962	177184.75	35563
98.22566	250.75	-0.49554962	177184.75	35563
227.9463	224.75	0.49554962	177184.75	35563
422.50595	245.0	0.49554962	177184.75	35563
245.43884	444.75	0.49554962	177184.75	35563
51.713726	280.75	-0.49554962	177184.75	35563
122.86038	315.5	0.49554962	177184.75	35563
148.62221	678.0	0.49554962	177184.75	35563
64.47493	209.75	0.49554962	177184.75	35563
31.272833	231.625	0.49554962	177184.75	35563
101.21246	230.625	0.49554962	177184.75	35563
94.463936	275.5	0.49554962	177184.75	35563
70.44387	223.75	0.49554962	177184.75	35563
166.75346	648.0	-0.49554962	177184.75	35563
29.51743	258.75	0.49554962	177184.75	35563
63.316086	254.25	0.49554962	177184.75	35563
105.42629	228.125	0.49554962	177184.75	35563
46.2436	693.5	0.49554962	177184.75	35563
165.62706	316.5	0.49554962	177184.75	35563
158.05519	258.0	0.49554962	177184.75	35563
83.04034	330.5	0.49554962	177184.75	35563
118.58906	202.375	0.49554962	177184.75	35563
89.82624	271.25	0.49554962	177184.75	35563
90.62785	421.5	0.49554962	177184.75	35563
139.5478	228.25	-0.49554962	177184.75	35563
135.19698	443.75	-0.49554962	177184.75	35563
327.88196	363.5	0.49554962	177184.75	35563
66.44885	249.25	0.49554962	177184.75	35563
29.404255	240.75	-0.49554962	177184.75	35563
23.879404	262.5	0.49554962	177184.75	35563
13.8735	214.875	0.49554962	177184.75	35563
59.13909	204.25	-0.49554962	177184.75	35563
66.17891	210.125	0.49554962	177184.75	35563
16.810467	305.25	0.49554962	177184.75	35563
73.12807	393.25	0.49554962	177184.75	35563
82.22379	213.0	0.49554962	177184.75	35563
250.2192	254.375	0.49554962	177184.75	35563
43.397156	225.5	-0.49554962	177184.75	35563
45.1056	323.5	0.49554962	177184.75	35563
77.26523	317.0	0.49554962	177184.75	35563
207.21083	269.5	0.49554962	177184.75	35563
163.64088	350.5	0.49554962	177184.75	35563
151.05972	247.75	-0.49554962	177184.75	35563
56.49318	225.75	0.49554962	177184.75	35563
41.535378	252.75	0.49554962	177184.75	35563
142.03033	282.5	0.49554962	177184.75	35563
195.60272	202.0	0.49554962	177184.75	35563
155.82172	200.875	0.49554962	177184.75	35563
116.96239	336.0	0.49554962	177184.75	35563
90.19698	370.5	0.49554962	177184.75	35563
87.55413	317.0	-0.49554962	177184.75	35563
165.56192	272.25	0.49554962	177184.75	35563
122.28325	558.0	0.49554962	177184.75	35563
17.232481	229.875	0.49554962	177184.75	35563
56.27715	223.0	0.49554962	177184.75	35563
368.7065	298.0	0.49554962	177184.75	35563
101.3066	227.875	0.49554962	177184.75	35563
91.074615	298.0	-0.49554962	177184.75	35563
52.410473	204.125	-0.49554962	177184.75	35563
99.05511	248.25	0.49554962	177184.75	35563
46.644173	360.75	0.49554962	177184.75	35563
99.77424	272.25	0.49554962	177184.75	35563
58.00742	599.0	-0.49554962	177184.75	35563
153.06613	277.25	0.49554962	177184.75	35563
93.740105	200.375	-0.49554962	177184.75	35563
42.344357	270.0	0.49554962	177184.75	35563
96.15752	507.75	0.49554962	177184.75	35563
95.437325	230.625	-0.49554962	177184.75	35563
377.45532	341.75	0.49554962	177184.75	35563
233.00055	276.25	0.49554962	177184.75	35563
55.0638	205.375	0.49554962	177184.75	35563
222.0287	231.375	0.49554962	177184.75	35563
169.4623	541.0	0.49554962	177184.75	35563
27.111172	219.75	0.49554962	177184.75	35563
102.97961	378.25	0.49554962	177184.75	35563
366.6688	364.75	0.49554962	177184.75	35563
190.39186	270.75	0.49554962	177184.75	35563
95.480255	336.25	-0.49554962	177184.75	35563
112.299095	212.875	0.49554962	177184.75	35563
110.866585	212.875	-0.49554962	177184.75	35563
170.69586	653.0	0.49554962	177184.75	35563
88.45001	283.75	0.49554962	177184.75	35563
56.128258	309.5	0.49554962	177184.75	35563
85.09147	278.75	0.49554962	177184.75	35563
351.01718	366.5	0.49554962	177184.75	35563
158.43788	327.0	0.49554962	177184.75	35563
193.82661	546.5	0.49554962	177184.75	35563
82.848305	530.0	-0.49554962	177184.75	35563
33.44798	208.125	-0.49554962	177184.75	35563
73.199455	216.5	-0.49554962	177184.75	35563
83.92602	247.75	0.49554962	177184.75	35563
57.336113	201.5	-0.49554962	177184.75	35563
165.83224	318.5	-0.49554962	177184.75	35563
60.282967	271.0	0.49554962	177184.75	35563
57.649258	421.5	0.49554962	177184.75	35563
44.7622	309.0	0.49554962	177184.75	35563
118.92893	674.0	0.49554962	177184.75	35563
111.0574	280.75	0.49554962	177184.75	35563
64.61613	363.5	0.49554962	177184.75	35563
308.27548	239.875	0.49554962	177184.75	35563
210.05284	342.5	0.49554962	177184.75	35563
119.40823	255.625	0.49554962	177184.75	35563
45.293823	422.75	0.49554962	177184.75	35563
301.17285	278.0	0.49554962	177184.75	35563
111.00096	230.625	-0.49554962	177184.75	35563
39.573322	265.5	0.49554962	177184.75	35563
23.1179	246.5	-0.49554962	177184.75	35563
149.57649	420.25	0.49554962	177184.75	35563
45.43791	289.75	-0.49554962	177184.75	35563
60.718063	308.75	0.49554962	177184.75	35563
96.00556	512.5	0.49554962	177184.75	35563
197.86731	403.75	0.49554962	177184.75	35563
129.71516	348.25	0.49554962	177184.75	35563
158.44789	412.75	-0.49554962	177184.75	35563
62.7602	207.75	0.49554962	177184.75	35563
64.96372	343.75	0.49554962	177184.75	35563
151.06972	295.75	0.49554962	177184.75	35563
302.49896	318.75	0.49554962	177184.75	35563
58.048603	203.0	-0.49554962	177184.75	35563
177.3698	470.25	0.49554962	177184.75	35563
72.17454	361.0	0.49554962	177184.75	35563
59.37076	659.0	0.49554962	177184.75	35563
79.44139	373.5	0.49554962	177184.75	35563
55.79147	246.625	0.49554962	177184.75	35563
20.885908	229.875	0.49554962	177184.75	35563
107.30335	261.5	-0.49554962	177184.75	35563
84.18775	205.75	0.49554962	177184.75	35563
70.107376	304.75	0.49554962	177184.75	35563
32.245842	260.5	-0.49554962	177184.75	35563
134.81767	314.75	-0.49554962	177184.75	35563
36.786312	376.25	-0.49554962	177184.75	35563
33.884766	336.5	-0.49554962	177184.75	35563
75.32196	325.25	0.49554962	177184.75	35563
56.368732	384.25	-0.49554962	177184.75	35563
75.057	315.25	0.49554962	177184.75	35563
58.77463	226.625	0.49554962	177184.75	35563
123.47555	416.0	0.49554962	177184.75	35563
290.76816	556.5	0.49554962	177184.75	35563
118.14604	212.875	-0.49554962	177184.75	35563
46.233273	323.75	0.49554962	177184.75	35563
93.1955	234.375	0.49554962	177184.75	35563
49.669975	233.5	0.49554962	177184.75	35563
72.89245	219.625	0.49554962	177184.75	35563
71.00676	217.5	0.49554962	177184.75	35563
118.517914	447.25	-0.49554962	177184.75	35563
60.038548	249.125	0.49554962	177184.75	35563
215.43904	252.125	0.49554962	177184.75	35563
49.59185	249.625	-0.49554962	177184.75	35563
95.13071	468.25	0.49554962	177184.75	35563
111.370674	211.625	0.49554962	177184.75	35563
56.636456	251.125	0.49554962	177184.75	35563
70.63152	377.5	0.49554962	177184.75	35563
62.334423	217.375	0.49554962	177184.75	35563
54.03468	222.625	0.49554962	177184.75	35563
323.77673	354.0	0.49554962	177184.75	35563
70.242874	215.875	-0.49554962	177184.75	35563
88.87249	384.5	0.49554962	177184.75	35563
157.45425	358.5	0.49554962	177184.75	35563
43.660057	617.0	0.49554962	177184.75	35563
102.39553	204.5	0.49554962	177184.75	35563
244.29686	249.625	0.49554962	177184.75	35563
104.46021	213.5	0.49554962	177184.75	35563
81.48821	325.0	-0.49554962	177184.75	35563
150.32297	655.0	0.49554962	177184.75	35563
164.67285	265.0	0.49554962	177184.75	35563
23.317987	399.25	0.49554962	177184.75	35563
168.1977	236.25	-0.49554962	177184.75	35563
87.39706	261.75	0.49554962	177184.75	35563
121.81597	334.5	0.49554962	177184.75	35563
73.643	275.75	0.49554962	177184.75	35563
28.898876	258.0	-0.49554962	177184.75	35563
214.30606	201.0	0.49554962	177184.75	35563
71.2996	207.125	0.49554962	177184.75	35563
332.66592	494.75	0.49554962	177184.75	35563
37.342022	241.125	-0.49554962	177184.75	35563
130.767	247.875	0.49554962	177184.75	35563
78.9261	334.25	0.49554962	177184.75	35563
82.65931	261.25	0.49554962	177184.75	35563
106.002594	268.5	0.49554962	177184.75	35563
240.25293	424.0	0.49554962	177184.75	35563
74.19152	228.125	0.49554962	177184.75	35563
112.640366	265.0	0.49554962	177184.75	35563
41.57289	232.0	0.49554962	177184.75	35563
358.08627	645.5	0.49554962	177184.75	35563
163.02495	267.0	0.49554962	177184.75	35563
77.66451	387.5	0.49554962	177184.75	35563
48.594437	212.125	-0.49554962	177184.75	35563
240.46985	278.0	0.49554962	177184.75	35563
138.96642	206.75	0.49554962	177184.75	35563
20.263657	240.625	0.49554962	177184.75	35563
84.4763	404.0	-0.49554962	177184.75	35563
41.44981	424.75	0.49554962	177184.75	35563
127.32289	269.75	0.49554962	177184.75	35563
97.6195	322.75	0.49554962	177184.75	35563
117.947914	226.875	0.49554962	177184.75	35563
48.38256	203.875	0.49554962	177184.75	35563
557.02057	206.5	-0.49554962	177184.75	35563
137.2593	321.75	0.49554962	177184.75	35563
20.164932	248.125	0.49554962	177184.75	35563
128.46085	289.0	-0.49554962	177184.75	35563
453.21088	270.5	0.49554962	177184.75	35563
328.3332	312.75	0.49554962	177184.75	35563
49.57349	214.25	0.49554962	177184.75	35563
32.63774	231.0	-0.49554962	177184.75	35563
161.75488	344.25	0.49554962	177184.75	35563
95.457535	217.625	0.49554962	177184.75	35563
139.80556	322.0	0.49554962	177184.75	35563
165.2563	346.5	-0.49554962	177184.75	35563
190.5028	337.0	0.49554962	177184.75	35563
28.146791	210.375	0.49554962	177184.75	35563
91.33345	238.125	-0.49554962	177184.75	35563
47.026215	243.125	0.49554962	177184.75	35563
40.97427	210.0	0.49554962	177184.75	35563
42.507504	291.25	0.49554962	177184.75	35563
243.93509	729.0	0.49554962	177184.75	35563
38.319073	365.5	-0.49554962	177184.75	35563
106.81967	498.25	0.49554962	177184.75	35563
294.1042	376.25	0.49554962	177184.75	35563
38.860596	270.25	0.49554962	177184.75	35563
72.29676	234.125	0.49554962	177184.75	35563
175.44794	610.0	0.49554962	177184.75	35563
250.48055	356.25	-0.49554962	177184.75	35563
124.53394	256.75	0.49554962	177184.75	35563
87.87554	295.75	0.49554962	177184.75	35563
62.650627	239.375	0.49554962	177184.75	35563
183.06288	219.625	-0.49554962	177184.75	35563
155.24236	203.125	0.49554962	177184.75	35563
308.68515	702.5	0.49554962	177184.75	35563
75.187965	269.5	-0.49554962	177184.75	35563
52.293064	276.0	0.49554962	177184.75	35563
136.03525	448.5	0.49554962	177184.75	35563
243.76965	615.0	-0.49554962	177184.75	35563
49.191372	298.5	0.49554962	177184.75	35563
163.80054	230.25	0.49554962	177184.75	35563
137.61119	583.5	0.49554962	177184.75	35563
111.721695	452.0	0.49554962	177184.75	35563
54.05669	215.625	0.49554962	177184.75	35563
28.2915	212.125	0.49554962	177184.75	35563
24.604572	284.25	-0.49554962	177184.75	35563
49.33995	249.625	0.49554962	177184.75	35563
70.16434	279.0	0.49554962	177184.75	35563
71.08578	220.0	0.49554962	177184.75	35563
22.592207	230.5	0.49554962	177184.75	35563
252.8235	212.625	0.49554962	177184.75	35563
35.90304	231.0	-0.49554962	177184.75	35563
25.284662	229.375	0.49554962	177184.75	35563
108.19334	270.75	0.49554962	177184.75	35563
240.76208	382.5	-0.49554962	177184.75	35563
323.64554	292.5	-0.49554962	177184.75	35563
65.82926	376.75	0.49554962	177184.75	35563
117.88577	234.5	0.49554962	177184.75	35563
80.39442	211.25	0.49554962	177184.75	35563
79.93953	245.75	0.49554962	177184.75	35563
76.297455	222.375	-0.49554962	177184.75	35563
46.159782	205.875	0.49554962	177184.75	35563
45.37294	303.0	0.49554962	177184.75	35563
67.69623	285.75	0.49554962	177184.75	35563
87.23176	272.5	-0.49554962	177184.75	35563
146.31615	333.25	-0.49554962	177184.75	35563
86.40985	387.75	0.49554962	177184.75	35563
174.61586	362.75	0.49554962	177184.75	35563
78.06815	508.5	-0.49554962	177184.75	35563
58.753418	208.25	0.49554962	177184.75	35563
82.27314	355.25	0.49554962	177184.75	35563
191.21922	230.875	0.49554962	177184.75	35563
59.581783	348.5	0.49554962	177184.75	35563
12.684321	218.125	0.49554962	177184.75	35563
17.37898	681.0	0.49554962	177184.75	35563
65.24211	219.0	0.49554962	177184.75	35563
65.64921	343.75	0.49554962	177184.75	35563
159.58968	376.5	-0.49554962	177184.75	35563
246.30844	388.0	0.49554962	177184.75	35563
135.19698	206.625	0.49554962	177184.75	35563
102.872116	222.875	-0.49554962	177184.75	35563
52.30086	311.75	0.49554962	177184.75	35563
68.66694	292.5	-0.49554962	177184.75	35563
95.22204	275.75	0.49554962	177184.75	35563
91.14952	283.0	0.49554962	177184.75	35563
84.73536	258.5	0.49554962	177184.75	35563
57.014687	324.75	0.49554962	177184.75	35563
232.59238	244.625	-0.49554962	177184.75	35563
222.96704	432.75	0.49554962	177184.75	35563
26.2171	225.375	0.49554962	177184.75	35563
31.499575	225.75	0.49554962	177184.75	35563
14.843128	504.0	-0.49554962	177184.75	35563
103.38025	238.75	0.49554962	177184.75	35563
126.27265	286.5	0.49554962	177184.75	35563
231.22093	313.0	0.49554962	177184.75	35563
91.574745	223.25	0.49554962	177184.75	35563
117.0795	447.25	0.49554962	177184.75	35563
127.158424	229.0	0.49554962	177184.75	35563
76.1313	293.5	0.49554962	177184.75	35563
178.60527	470.5	0.49554962	177184.75	35563
19.330557	501.0	-0.49554962	177184.75	35563
67.72419	287.0	-0.49554962	177184.75	35563
82.14081	245.25	0.49554962	177184.75	35563
71.75101	230.125	0.49554962	177184.75	35563
15.447231	203.5	0.49554962	177184.75	35563
25.89954	391.0	0.49554962	177184.75	35563
225.15857	600.5	-0.49554962	177184.75	35563
124.66131	215.75	0.49554962	177184.75	35563
140.63416	329.75	0.49554962	177184.75	35563
82.559364	395.0	0.49554962	177184.75	35563
156.91803	201.0	0.49554962	177184.75	35563
101.67268	451.0	-0.49554962	177184.75	35563
139.43167	346.5	0.49554962	177184.75	35563
116.71074	430.0	0.49554962	177184.75	35563
19.525389	366.5	0.49554962	177184.75	35563
182.54465	328.25	0.49554962	177184.75	35563
108.95944	350.75	-0.49554962	177184.75	35563
213.8088	236.875	0.49554962	177184.75	35563
31.529264	274.25	0.49554962	177184.75	35563
193.51526	368.5	0.49554962	177184.75	35563
84.688324	383.5	0.49554962	177184.75	35563
154.19379	299.0	0.49554962	177184.75	35563
251.52112	725.0	0.49554962	177184.75	35563
107.072754	367.5	-0.49554962	177184.75	35563
115.085625	394.0	0.49554962	177184.75	35563
162.52226	494.5	0.49554962	177184.75	35563
49.02131	268.75	-0.49554962	177184.75	35563
59.896046	295.75	0.49554962	177184.75	35563
57.97175	216.875	0.49554962	177184.75	35563
170.6896	218.125	0.49554962	177184.75	35563
34.32991	232.375	0.49554962	177184.75	35563
181.3292	206.375	-0.49554962	177184.75	35563
255.8618	297.25	-0.49554962	177184.75	35563
102.55144	384.5	0.49554962	177184.75	35563
316.7824	333.5	-0.49554962	177184.75	35563
67.62161	342.25	-0.49554962	177184.75	35563
79.26788	339.5	0.49554962	177184.75	35563
242.39485	403.25	0.49554962	177184.75	35563
134.66212	243.625	0.49554962	177184.75	35563
90.99304	309.5	0.49554962	177184.75	35563
122.46003	233.0	0.49554962	177184.75	35563
176.30542	231.75	-0.49554962	177184.75	35563
204.08154	202.625	-0.49554962	177184.75	35563
110.82831	483.25	0.49554962	177184.75	35563
208.64209	217.25	0.49554962	177184.75	35563
253.68636	291.5	0.49554962	177184.75	35563
98.17309	276.0	0.49554962	177184.75	35563
93.09574	228.375	-0.49554962	177184.75	35563
64.18609	207.0	0.49554962	177184.75	35563
38.37734	205.0	-0.49554962	177184.75	35563
36.025475	232.25	0.49554962	177184.75	35563
152.44719	454.25	0.49554962	177184.75	35563
263.79367	259.5	0.49554962	177184.75	35563
73.853165	210.375	0.49554962	177184.75	35563
168.82974	543.0	0.49554962	177184.75	35563
94.3456	235.875	0.49554962	177184.75	35563
97.93658	263.75	0.49554962	177184.75	35563
56.802322	268.0	-0.49554962	177184.75	35563
193.7651	332.5	0.49554962	177184.75	35563
42.409706	416.5	0.49554962	177184.75	35563
203.75948	365.5	0.49554962	177184.75	35563
182.40756	347.0	0.49554962	177184.75	35563
86.47281	220.25	0.49554962	177184.75	35563
15.418608	608.0	0.49554962	177184.75	35563
178.92653	259.75	-0.49554962	177184.75	35563
44.277504	343.5	-0.49554962	177184.75	35563
59.244514	496.25	0.49554962	177184.75	35563
119.51016	458.75	0.49554962	177184.75	35563
130.8956	219.75	-0.49554962	177184.75	35563
56.190144	200.75	0.49554962	177184.75	35563
78.47796	215.375	0.49554962	177184.75	35563
31.663317	221.875	0.49554962	177184.75	35563
75.82903	318.25	-0.49554962	177184.75	35563
179.37372	768.5	0.49554962	177184.75	35563
70.78572	346.0	0.49554962	177184.75	35563
241.5535	222.625	-0.49554962	177184.75	35563
60.94511	256.0	0.49554962	177184.75	35563
41.040375	229.625	0.49554962	177184.75	35563
94.08214	220.875	0.49554962	177184.75	35563
57.117653	398.0	-0.49554962	177184.75	35563
123.0989	307.75	0.49554962	177184.75	35563
35.83881	215.5	0.49554962	177184.75	35563
19.963518	213.25	0.49554962	177184.75	35563
104.416794	321.5	0.49554962	177184.75	35563
43.133076	324.25	0.49554962	177184.75	35563
118.9132	258.5	-0.49554962	177184.75	35563
165.37114	316.0	0.49554962	177184.75	35563
133.32362	438.25	0.49554962	177184.75	35563
94.65549	212.75	0.49554962	177184.75	35563
207.03188	318.75	-0.49554962	177184.75	35563
145.85515	328.75	0.49554962	177184.75	35563
227.19508	216.0	0.49554962	177184.75	35563
62.26185	205.5	0.49554962	177184.75	35563
39.0111	248.0	0.49554962	177184.75	35563
130.96805	591.5	0.49554962	177184.75	35563
41.367535	247.25	0.49554962	177184.75	35563
82.9979	232.625	0.49554962	177184.75	35563
92.38082	218.125	-0.49554962	177184.75	35563
94.227486	269.5	0.49554962	177184.75	35563
76.756546	392.75	0.49554962	177184.75	35563
132.71098	218.25	-0.49554962	177184.75	35563
87.4657	247.875	0.49554962	177184.75	35563
121.35228	358.5	0.49554962	177184.75	35563
251.8018	242.625	0.49554962	177184.75	35563
55.93935	269.0	0.49554962	177184.75	35563
94.346825	241.375	-0.49554962	177184.75	35563
71.70423	460.0	0.49554962	177184.75	35563
78.99415	313.75	0.49554962	177184.75	35563
26.553688	212.5	-0.49554962	177184.75	35563
138.47333	375.0	0.49554962	177184.75	35563
334.61212	202.625	0.49554962	177184.75	35563
167.69023	228.875	0.49554962	177184.75	35563
36.676716	396.0	0.49554962	177184.75	35563
35.612743	248.375	0.49554962	177184.75	35563
65.56777	233.125	-0.49554962	177184.75	35563
80.969	338.5	0.49554962	177184.75	35563
349.78214	218.25	0.49554962	177184.75	35563
75.820885	217.25	-0.49554962	177184.75	35563
61.1012	217.375	0.49554962	177184.75	35563
164.75658	216.875	0.49554962	177184.75	35563
58.11264	324.5	0.49554962	177184.75	35563
196.91002	220.0	-0.49554962	177184.75	35563
410.70764	364.25	-0.49554962	177184.75	35563
101.93819	313.0	0.49554962	177184.75	35563
152.93799	288.5	0.49554962	177184.75	35563
99.78601	240.375	0.49554962	177184.75	35563
175.99197	257.5	0.49554962	177184.75	35563
103.351036	288.5	0.49554962	177184.75	35563
52.344746	221.25	-0.49554962	177184.75	35563
62.569855	358.5	0.49554962	177184.75	35563
81.45691	289.25	0.49554962	177184.75	35563
416.06223	310.25	0.49554962	177184.75	35563
97.37466	204.375	0.49554962	177184.75	35563
54.220287	237.0	0.49554962	177184.75	35563
112.516525	228.625	-0.49554962	177184.75	35563
43.015953	376.5	0.49554962	177184.75	35563
159.23897	271.75	-0.49554962	177184.75	35563
31.752455	266.5	0.49554962	177184.75	35563
53.14026	208.75	0.49554962	177184.75	35563
144.07478	242.0	0.49554962	177184.75	35563
122.11014	238.5	0.49554962	177184.75	35563
76.165596	263.5	0.49554962	177184.75	35563
70.33351	367.5	-0.49554962	177184.75	35563
76.75275	357.5	0.49554962	177184.75	35563
113.270454	315.75	0.49554962	177184.75	35563
25.254642	213.5	0.49554962	177184.75	35563
146.63863	271.5	0.49554962	177184.75	35563
78.58959	346.5	0.49554962	177184.75	35563
62.43883	226.125	0.49554962	177184.75	35563
84.19433	403.25	0.49554962	177184.75	35563
135.50089	202.5	-0.49554962	177184.75	35563
76.07455	238.5	-0.49554962	177184.75	35563
68.02413	519.0	0.49554962	177184.75	35563
82.07276	369.25	0.49554962	177184.75	35563
188.99452	245.5	-0.49554962	177184.75	35563
61.528202	275.5	-0.49554962	177184.75	35563
72.94169	597.0	0.49554962	177184.75	35563
26.69982	239.625	0.49554962	177184.75	35563
75.16826	441.0	0.49554962	177184.75	35563
84.40586	200.125	0.49554962	177184.75	35563
295.55118	216.75	-0.49554962	177184.75	35563
146.39442	214.375	0.49554962	177184.75	35563
66.656525	420.0	0.49554962	177184.75	35563
46.195675	215.25	0.49554962	177184.75	35563
164.34882	514.0	0.49554962	177184.75	35563
50.740276	258.5	0.49554962	177184.75	35563
99.341705	299.0	0.49554962	177184.75	35563
82.53886	228.0	0.49554962	177184.75	35563
69.90094	219.0	-0.49554962	177184.75	35563
48.459164	300.75	-0.49554962	177184.75	35563
45.15506	295.75	0.49554962	177184.75	35563
72.796326	209.125	0.49554962	177184.75	35563
169.91171	643.0	0.49554962	177184.75	35563
113.20817	202.375	-0.49554962	177184.75	35563
30.623995	387.0	0.49554962	177184.75	35563
72.07305	204.375	0.49554962	177184.75	35563
67.66869	321.25	-0.49554962	177184.75	35563
80.5903	292.25	0.49554962	177184.75	35563
135.20398	211.0	-0.49554962	177184.75	35563
24.787554	298.75	-0.49554962	177184.75	35563
138.22624	271.5	0.49554962	177184.75	35563
119.67646	270.25	-0.49554962	177184.75	35563
56.387253	330.5	-0.49554962	177184.75	35563
36.47436	248.625	-0.49554962	177184.75	35563
131.71117	255.25	0.49554962	177184.75	35563
63.02232	402.0	-0.49554962	177184.75	35563
40.20131	242.125	0.49554962	177184.75	35563
104.57972	215.625	0.49554962	177184.75	35563
275.3508	752.0	0.49554962	177184.75	35563
224.16832	201.875	-0.49554962	177184.75	35563
224.67606	400.5	0.49554962	177184.75	35563
177.57997	251.0	0.49554962	177184.75	35563
37.605083	220.875	0.49554962	177184.75	35563
54.469814	235.375	0.49554962	177184.75	35563
120.785645	529.0	0.49554962	177184.75	35563
69.59708	267.5	0.49554962	177184.75	35563
227.17627	293.5	0.49554962	177184.75	35563
22.669205	217.375	0.49554962	177184.75	35563
172.37851	366.0	-0.49554962	177184.75	35563
146.45285	224.375	0.49554962	177184.75	35563
42.62713	269.25	-0.49554962	177184.75	35563
77.430084	226.375	0.49554962	177184.75	35563
72.11373	262.25	-0.49554962	177184.75	35563
66.79672	385.25	-0.49554962	177184.75	35563
29.509619	368.0	-0.49554962	177184.75	35563
137.73145	208.25	0.49554962	177184.75	35563
47.972736	269.75	0.49554962	177184.75	35563
262.1668	336.5	0.49554962	177184.75	35563
134.6622	239.625	-0.49554962	177184.75	35563
101.17478	234.75	0.49554962	177184.75	35563
106.35164	226.0	-0.49554962	177184.75	35563
163.77385	218.375	0.49554962	177184.75	35563
176.48145	387.0	0.49554962	177184.75	35563
51.465755	266.5	-0.49554962	177184.75	35563
127.989555	568.5	0.49554962	177184.75	35563
136.9519	214.25	-0.49554962	177184.75	35563
97.69765	285.5	0.49554962	177184.75	35563
65.66167	262.5	-0.49554962	177184.75	35563
25.112856	202.125	-0.49554962	177184.75	35563
107.14478	396.0	0.49554962	177184.75	35563
29.887186	234.625	-0.49554962	177184.75	35563
43.050602	207.5	0.49554962	177184.75	35563
184.98163	498.25	0.49554962	177184.75	35563
104.575935	488.0	0.49554962	177184.75	35563
60.8252	238.0	0.49554962	177184.75	35563
195.77701	247.75	-0.49554962	177184.75	35563
116.019485	259.25	0.49554962	177184.75	35563
47.101337	233.125	0.49554962	177184.75	35563
53.783283	386.5	0.49554962	177184.75	35563
23.303123	385.25	0.49554962	177184.75	35563
158.86763	235.5	0.49554962	177184.75	35563
23.010374	229.375	0.49554962	177184.75	35563
156.105	281.75	0.49554962	177184.75	35563
246.29233	213.125	0.49554962	177184.75	35563
32.507965	258.75	0.49554962	177184.75	35563
95.1274	204.125	-0.49554962	177184.75	35563
72.50019	239.75	0.49554962	177184.75	35563
71.70025	250.625	0.49554962	177184.75	35563
83.905495	222.625	0.49554962	177184.75	35563
108.77338	315.25	-0.49554962	177184.75	35563
36.38703	215.75	0.49554962	177184.75	35563
64.82391	474.75	0.49554962	177184.75	35563
62.17477	381.0	0.49554962	177184.75	35563
50.154625	231.25	0.49554962	177184.75	35563
165.17206	496.75	0.49554962	177184.75	35563
35.93255	203.0	0.49554962	177184.75	35563
32.91656	204.625	-0.49554962	177184.75	35563
109.74267	290.0	0.49554962	177184.75	35563
64.774536	325.75	-0.49554962	177184.75	35563
164.1888	352.5	-0.49554962	177184.75	35563
34.826706	226.375	0.49554962	177184.75	35563
37.97633	464.5	0.49554962	177184.75	35563
241.5574	467.5	0.49554962	177184.75	35563
110.08474	428.0	0.49554962	177184.75	35563
43.602646	208.75	-0.49554962	177184.75	35563
24.270275	205.5	0.49554962	177184.75	35563
23.909678	238.625	0.49554962	177184.75	35563
146.5531	399.0	0.49554962	177184.75	35563
54.956047	277.25	-0.49554962	177184.75	35563
140.22862	339.75	-0.49554962	177184.75	35563
59.987873	270.75	0.49554962	177184.75	35563
140.21016	237.375	0.49554962	177184.75	35563
113.05843	284.75	0.49554962	177184.75	35563
125.58028	212.0	0.49554962	177184.75	35563
43.579727	358.5	-0.49554962	177184.75	35563
228.95296	350.0	0.49554962	177184.75	35563
334.6147	322.0	0.49554962	177184.75	35563
129.72774	206.375	0.49554962	177184.75	35563
183.3919	298.75	0.49554962	177184.75	35563
222.67844	285.5	-0.49554962	177184.75	35563
216.67154	285.0	0.49554962	177184.75	35563
210.16965	432.75	0.49554962	177184.75	35563
75.85951	202.375	0.49554962	177184.75	35563
101.13566	459.5	-0.49554962	177184.75	35563
70.92769	265.0	0.49554962	177184.75	35563
131.47002	237.5	0.49554962	177184.75	35563
143.05495	247.125	0.49554962	177184.75	35563
119.37494	633.5	0.49554962	177184.75	35563
174.7904	258.25	0.49554962	177184.75	35563
68.95211	262.75	0.49554962	177184.75	35563
92.810394	250.375	0.49554962	177184.75	35563
62.287056	490.25	-0.49554962	177184.75	35563
69.722206	361.0	0.49554962	177184.75	35563
101.858284	215.125	0.49554962	177184.75	35563
110.6953	214.125	-0.49554962	177184.75	35563
62.89304	212.0	0.49554962	177184.75	35563
46.031273	207.0	-0.49554962	177184.75	35563
246.27084	347.25	0.49554962	177184.75	35563
389.11453	293.25	0.49554962	177184.75	35563
97.80398	209.0	0.49554962	177184.75	35563
76.08169	243.25	0.49554962	177184.75	35563
75.6783	222.625	0.49554962	177184.75	35563
168.60541	229.625	-0.49554962	177184.75	35563
29.420233	367.25	0.49554962	177184.75	35563
70.17296	229.25	-0.49554962	177184.75	35563
65.628845	333.75	-0.49554962	177184.75	35563
81.80477	309.0	-0.49554962	177184.75	35563
93.614716	236.125	0.49554962	177184.75	35563
29.467007	320.75	-0.49554962	177184.75	35563
235.82434	238.375	0.49554962	177184.75	35563
215.59628	210.25	0.49554962	177184.75	35563
92.20538	211.75	0.49554962	177184.75	35563
40.50712	208.0	0.49554962	177184.75	35563
117.9679	265.25	0.49554962	177184.75	35563
106.67575	225.0	0.49554962	177184.75	35563
121.76262	563.5	0.49554962	177184.75	35563
197.98201	231.125	0.49554962	177184.75	35563
111.40482	229.75	-0.49554962	177184.75	35563
78.90458	322.75	0.49554962	177184.75	35563
99.30087	227.125	-0.49554962	177184.75	35563
85.66992	327.5	0.49554962	177184.75	35563
97.09446	435.75	-0.49554962	177184.75	35563
207.67868	205.5	0.49554962	177184.75	35563
127.26445	235.375	-0.49554962	177184.75	35563
92.773125	281.25	0.49554962	177184.75	35563
298.46954	416.0	-0.49554962	177184.75	35563
188.04225	233.625	-0.49554962	177184.75	35563
29.326555	224.5	0.49554962	177184.75	35563
145.27237	224.125	0.49554962	177184.75	35563
69.24465	336.25	-0.49554962	177184.75	35563
268.066	229.5	0.49554962	177184.75	35563
195.1481	271.25	0.49554962	177184.75	35563
147.17273	319.25	0.49554962	177184.75	35563
136.3412	525.5	0.49554962	177184.75	35563
159.43744	533.5	-0.49554962	177184.75	35563
122.03309	277.0	0.49554962	177184.75	35563
102.60683	221.0	0.49554962	177184.75	35563
61.02024	200.875	0.49554962	177184.75	35563
35.30424	427.25	0.49554962	177184.75	35563
122.617096	320.75	0.49554962	177184.75	35563
172.39139	273.0	0.49554962	177184.75	35563
47.377663	224.875	-0.49554962	177184.75	35563
90.019455	339.75	0.49554962	177184.75	35563
37.029667	212.25	0.49554962	177184.75	35563
286.70752	246.375	0.49554962	177184.75	35563
610.998	743.0	0.49554962	177184.75	35563
111.50665	374.75	0.49554962	177184.75	35563
123.964066	258.5	0.49554962	177184.75	35563
57.414234	228.5	-0.49554962	177184.75	35563
247.9226	660.5	0.49554962	177184.75	35563
55.99984	205.875	0.49554962	177184.75	35563
174.69566	358.25	0.49554962	177184.75	35563
28.233677	269.75	0.49554962	177184.75	35563
52.06199	314.5	0.49554962	177184.75	35563
27.161707	228.5	-0.49554962	177184.75	35563
183.9475	264.0	0.49554962	177184.75	35563
85.58347	231.75	0.49554962	177184.75	35563
350.0025	542.0	0.49554962	177184.75	35563
81.67202	248.75	0.49554962	177184.75	35563
169.26506	286.75	0.49554962	177184.75	35563
36.614006	385.25	0.49554962	177184.75	35563
139.45398	445.0	-0.49554962	177184.75	35563
251.1216	240.5	-0.49554962	177184.75	35563
94.74481	397.5	0.49554962	177184.75	35563
93.72338	304.5	-0.49554962	177184.75	35563
101.78555	291.75	0.49554962	177184.75	35563
116.91957	340.0	-0.49554962	177184.75	35563
205.25502	347.5	0.49554962	177184.75	35563
159.84517	206.625	0.49554962	177184.75	35563
24.604988	272.5	0.49554962	177184.75	35563
42.805447	224.0	-0.49554962	177184.75	35563
68.12173	335.25	0.49554962	177184.75	35563
28.187084	240.375	0.49554962	177184.75	35563
45.087406	223.0	0.49554962	177184.75	35563
31.384462	249.375	-0.49554962	177184.75	35563
476.49377	1197.0	0.49554962	177184.75	35563
304.25934	204.125	0.49554962	177184.75	35563
32.15508	203.0	-0.49554962	177184.75	35563
171.0	385.75	0.49554962	177184.75	35563
67.46534	327.0	0.49554962	177184.75	35563
44.7632	325.5	-0.49554962	177184.75	35563
203.91158	509.0	-0.49554962	177184.75	35563
122.32901	411.75	-0.49554962	177184.75	35563
131.15926	235.25	0.49554962	177184.75	35563
144.03073	228.75	0.49554962	177184.75	35563
169.05919	231.625	-0.49554962	177184.75	35563
222.25194	500.5	-0.49554962	177184.75	35563
94.05864	277.75	0.49554962	177184.75	35563
181.37064	343.25	0.49554962	177184.75	35563
57.150124	245.5	-0.49554962	177184.75	35563
58.876873	239.0	0.49554962	177184.75	35563
134.79103	244.25	-0.49554962	177184.75	35563
116.73547	287.75	0.49554962	177184.75	35563
32.46379	336.25	0.49554962	177184.75	35563
64.229195	217.75	0.49554962	177184.75	35563
125.96529	290.0	0.49554962	177184.75	35563
160.21625	248.625	0.49554962	177184.75	35563
147.19061	485.75	0.49554962	177184.75	35563
31.752316	243.875	-0.49554962	177184.75	35563
55.33225	354.75	0.49554962	177184.75	35563
228.68968	335.25	0.49554962	177184.75	35563
124.92462	236.375	0.49554962	177184.75	35563
45.401936	201.0	-0.49554962	177184.75	35563
134.17276	480.25	0.49554962	177184.75	35563
75.95128	252.625	-0.49554962	177184.75	35563
120.92609	214.5	0.49554962	177184.75	35563
95.28418	203.375	0.49554962	177184.75	35563
76.328514	210.25	0.49554962	177184.75	35563
32.76401	389.0	-0.49554962	177184.75	35563
132.668	302.0	-0.49554962	177184.75	35563
122.70417	480.5	0.49554962	177184.75	35563
101.09407	231.5	-0.49554962	177184.75	35563
181.44977	207.875	-0.49554962	177184.75	35563
139.42445	285.5	-0.49554962	177184.75	35563
177.64345	295.5	0.49554962	177184.75	35563
383.06476	413.0	0.49554962	177184.75	35563
77.11789	212.125	-0.49554962	177184.75	35563
36.369465	203.5	-0.49554962	177184.75	35563
20.66194	269.0	0.49554962	177184.75	35563
269.8696	439.5	-0.49554962	177184.75	35563
49.311737	257.25	0.49554962	177184.75	35563
32.490883	254.75	0.49554962	177184.75	35563
108.30648	205.75	-0.49554962	177184.75	35563
288.50937	239.375	0.49554962	177184.75	35563
134.67581	240.625	0.49554962	177184.75	35563
116.42768	204.25	0.49554962	177184.75	35563
119.88056	278.75	0.49554962	177184.75	35563
211.26662	206.75	0.49554962	177184.75	35563
101.29937	246.25	0.49554962	177184.75	35563
106.44449	216.5	0.49554962	177184.75	35563
195.32823	200.5	0.49554962	177184.75	35563
159.29181	272.75	0.49554962	177184.75	35563
96.91015	309.75	0.49554962	177184.75	35563
134.87251	270.25	-0.49554962	177184.75	35563
221.86716	348.25	0.49554962	177184.75	35563
47.50639	217.875	0.49554962	177184.75	35563
364.23798	272.25	-0.49554962	177184.75	35563
81.745804	273.5	0.49554962	177184.75	35563
163.8629	599.0	0.49554962	177184.75	35563
31.036741	241.25	0.49554962	177184.75	35563
173.23868	593.0	0.49554962	177184.75	35563
73.42724	378.0	0.49554962	177184.75	35563
36.826527	237.0	0.49554962	177184.75	35563
24.654913	348.75	0.49554962	177184.75	35563
132.79831	431.25	0.49554962	177184.75	35563
54.425312	349.75	0.49554962	177184.75	35563
40.144985	295.75	0.49554962	177184.75	35563
109.18434	410.0	0.49554962	177184.75	35563
54.587307	409.5	0.49554962	177184.75	35563
166.03336	802.0	0.49554962	177184.75	35563
115.13035	221.0	-0.49554962	177184.75	35563
74.22748	597.5	0.49554962	177184.75	35563
133.08385	217.875	0.49554962	177184.75	35563
50.652493	261.25	0.49554962	177184.75	35563
28.813292	359.5	0.49554962	177184.75	35563
109.13646	234.5	0.49554962	177184.75	35563
77.48623	315.25	0.49554962	177184.75	35563
235.57666	508.0	0.49554962	177184.75	35563
91.04999	406.0	0.49554962	177184.75	35563
204.04112	412.5	0.49554962	177184.75	35563
87.97933	201.5	0.49554962	177184.75	35563
142.38734	527.5	-0.49554962	177184.75	35563
251.76976	287.75	0.49554962	177184.75	35563
94.80974	214.75	-0.49554962	177184.75	35563
34.662663	235.75	0.49554962	177184.75	35563
39.30465	238.0	-0.49554962	177184.75	35563
66.728035	215.0	0.49554962	177184.75	35563
110.06338	320.5	0.49554962	177184.75	35563
149.81325	378.75	0.49554962	177184.75	35563
43.87622	278.5	-0.49554962	177184.75	35563
78.6733	302.75	-0.49554962	177184.75	35563
115.984184	293.0	-0.49554962	177184.75	35563
133.2047	225.375	0.49554962	177184.75	35563
129.62813	234.5	0.49554962	177184.75	35563
181.01163	201.25	0.49554962	177184.75	35563
49.037174	401.25	0.49554962	177184.75	35563
84.165596	217.0	0.49554962	177184.75	35563
198.85443	300.5	0.49554962	177184.75	35563
104.36332	248.625	0.49554962	177184.75	35563
58.245384	211.0	-0.49554962	177184.75	35563
233.41446	289.75	-0.49554962	177184.75	35563
106.11057	236.5	0.49554962	177184.75	35563
118.26244	260.25	0.49554962	177184.75	35563
125.2204	250.125	0.49554962	177184.75	35563
90.86442	327.75	0.49554962	177184.75	35563
22.944717	229.75	-0.49554962	177184.75	35563
166.94589	276.0	0.49554962	177184.75	35563
46.32195	328.75	0.49554962	177184.75	35563
207.49884	373.75	0.49554962	177184.75	35563
33.81351	306.75	0.49554962	177184.75	35563
47.558826	305.5	0.49554962	177184.75	35563
78.30179	324.5	-0.49554962	177184.75	35563
114.09337	435.5	0.49554962	177184.75	35563
65.190186	212.125	0.49554962	177184.75	35563
201.06453	317.25	0.49554962	177184.75	35563
29.844109	205.0	0.49554962	177184.75	35563
38.52118	233.5	0.49554962	177184.75	35563
15.033983	319.5	-0.49554962	177184.75	35563
28.024862	208.75	-0.49554962	177184.75	35563
81.27932	331.75	0.49554962	177184.75	35563
40.381107	203.125	0.49554962	177184.75	35563
66.17279	290.0	0.49554962	177184.75	35563
48.69824	211.75	0.49554962	177184.75	35563
39.683205	283.25	0.49554962	177184.75	35563
26.432903	351.5	0.49554962	177184.75	35563
168.19456	354.0	0.49554962	177184.75	35563
82.04035	520.5	0.49554962	177184.75	35563
157.60033	247.75	0.49554962	177184.75	35563
46.63638	226.125	0.49554962	177184.75	35563
29.938576	368.5	0.49554962	177184.75	35563
125.29509	240.25	-0.49554962	177184.75	35563
122.888695	262.75	-0.49554962	177184.75	35563
107.18384	270.75	-0.49554962	177184.75	35563
50.701828	398.25	0.49554962	177184.75	35563
167.85643	249.125	0.49554962	177184.75	35563
182.1072	285.25	0.49554962	177184.75	35563
125.0283	314.5	-0.49554962	177184.75	35563
41.4589	276.0	0.49554962	177184.75	35563
77.82526	204.25	-0.49554962	177184.75	35563
75.43427	265.0	0.49554962	177184.75	35563
40.616455	266.0	0.49554962	177184.75	35563
60.494957	314.5	0.49554962	177184.75	35563
51.084923	409.25	-0.49554962	177184.75	35563
39.126858	392.25	0.49554962	177184.75	35563
72.599815	203.0	0.49554962	177184.75	35563
201.68346	220.5	-0.49554962	177184.75	35563
102.759544	229.375	0.49554962	177184.75	35563
109.88144	347.0	0.49554962	177184.75	35563
152.8428	287.75	0.49554962	177184.75	35563
247.54657	201.25	0.49554962	177184.75	35563
76.480774	311.75	0.49554962	177184.75	35563
36.518494	288.0	0.49554962	177184.75	35563
78.49567	389.0	-0.49554962	177184.75	35563
40.031563	251.375	0.49554962	177184.75	35563
46.007816	220.625	0.49554962	177184.75	35563
62.78035	262.5	-0.49554962	177184.75	35563
170.5519	443.0	0.49554962	177184.75	35563
97.36603	300.0	-0.49554962	177184.75	35563
34.991787	211.875	0.49554962	177184.75	35563
87.597565	324.75	0.49554962	177184.75	35563
160.154	239.25	-0.49554962	177184.75	35563
94.83825	286.0	0.49554962	177184.75	35563
37.732666	509.25	0.49554962	177184.75	35563
22.591063	225.375	0.49554962	177184.75	35563
36.57245	362.0	0.49554962	177184.75	35563
112.745026	206.75	0.49554962	177184.75	35563
69.984795	216.125	-0.49554962	177184.75	35563
59.78279	210.0	0.49554962	177184.75	35563
80.929474	201.5	0.49554962	177184.75	35563
169.54106	222.375	0.49554962	177184.75	35563
63.100483	341.0	0.49554962	177184.75	35563
175.68878	380.5	0.49554962	177184.75	35563
61.638382	320.5	0.49554962	177184.75	35563
36.977222	240.25	0.49554962	177184.75	35563
36.050804	478.75	0.49554962	177184.75	35563
151.56125	561.0	0.49554962	177184.75	35563
56.31106	273.0	-0.49554962	177184.75	35563
195.86877	420.0	0.49554962	177184.75	35563
77.64816	276.5	0.49554962	177184.75	35563
86.081635	210.125	0.49554962	177184.75	35563
166.56897	245.5	0.49554962	177184.75	35563
25.032366	364.75	0.49554962	177184.75	35563
133.74052	214.5	0.49554962	177184.75	35563
129.39531	207.5	0.49554962	177184.75	35563
33.14157	284.75	-0.49554962	177184.75	35563
233.8689	222.125	0.49554962	177184.75	35563
84.01172	216.25	0.49554962	177184.75	35563
143.07303	586.5	0.49554962	177184.75	35563
123.74642	278.5	0.49554962	177184.75	35563
43.992306	206.875	-0.49554962	177184.75	35563
212.26772	221.5	0.49554962	177184.75	35563
94.83198	298.25	-0.49554962	177184.75	35563
78.74146	254.375	0.49554962	177184.75	35563
66.90522	319.5	0.49554962	177184.75	35563
37.32938	212.0	0.49554962	177184.75	35563
155.03017	289.25	0.49554962	177184.75	35563
266.589	213.375	-0.49554962	177184.75	35563
93.742455	419.0	0.49554962	177184.75	35563
221.42937	345.5	0.49554962	177184.75	35563
44.652954	203.625	0.49554962	177184.75	35563
38.982056	495.25	-0.49554962	177184.75	35563
41.684364	341.5	0.49554962	177184.75	35563
75.55634	268.25	0.49554962	177184.75	35563
48.112198	283.5	0.49554962	177184.75	35563
100.44733	380.75	0.49554962	177184.75	35563
232.63962	438.75	0.49554962	177184.75	35563
42.24401	289.5	0.49554962	177184.75	35563
141.27147	293.0	-0.49554962	177184.75	35563
97.53244	448.75	0.49554962	177184.75	35563
47.06566	294.75	0.49554962	177184.75	35563
30.904232	382.25	0.49554962	177184.75	35563
242.27113	447.5	0.49554962	177184.75	35563
80.42489	247.375	0.49554962	177184.75	35563
288.34424	210.75	-0.49554962	177184.75	35563
170.8021	320.5	-0.49554962	177184.75	35563
52.80876	290.0	0.49554962	177184.75	35563
67.75377	462.5	0.49554962	177184.75	35563
64.124664	270.75	-0.49554962	177184.75	35563
81.778145	453.25	-0.49554962	177184.75	35563
37.84221	302.75	0.49554962	177184.75	35563
109.49827	222.5	0.49554962	177184.75	35563
35.1429	288.0	-0.49554962	177184.75	35563
57.509346	398.0	0.49554962	177184.75	35563
97.53874	251.75	0.49554962	177184.75	35563
145.91557	213.125	0.49554962	177184.75	35563
50.790264	217.25	0.49554962	177184.75	35563
178.29819	394.0	-0.49554962	177184.75	35563
95.55235	250.125	0.49554962	177184.75	35563
79.537994	283.0	0.49554962	177184.75	35563
28.881668	213.375	0.49554962	177184.75	35563
96.4115	284.5	0.49554962	177184.75	35563
100.77835	201.875	0.49554962	177184.75	35563
98.8704	204.25	0.49554962	177184.75	35563
76.42027	440.75	0.49554962	177184.75	35563
50.517982	274.75	-0.49554962	177184.75	35563
232.46634	971.0	0.49554962	177184.75	35563
155.30905	338.0	0.49554962	177184.75	35563
56.567337	208.625	0.49554962	177184.75	35563
164.621	323.75	0.49554962	177184.75	35563
377.7237	637.5	-0.49554962	177184.75	35563
72.9704	252.0	0.49554962	177184.75	35563
50.465355	248.125	0.49554962	177184.75	35563
59.626457	222.0	-0.49554962	177184.75	35563
100.8066	257.0	0.49554962	177184.75	35563
45.339508	204.375	0.49554962	177184.75	35563
149.854	205.5	0.49554962	177184.75	35563
82.67696	362.75	0.49554962	177184.75	35563
48.34486	210.625	0.49554962	177184.75	35563
62.101505	358.25	0.49554962	177184.75	35563
231.514	551.5	0.49554962	177184.75	35563
88.94758	308.25	0.49554962	177184.75	35563
73.43483	211.75	0.49554962	177184.75	35563
124.283295	206.125	-0.49554962	177184.75	35563
148.06293	229.375	-0.49554962	177184.75	35563
37.35234	262.75	0.49554962	177184.75	35563
16.695587	239.125	0.49554962	177184.75	35563
118.02487	209.25	0.49554962	177184.75	35563
25.730862	343.25	-0.49554962	177184.75	35563
79.04158	548.5	-0.49554962	177184.75	35563
85.92129	347.5	-0.49554962	177184.75	35563
140.5339	354.25	0.49554962	177184.75	35563
31.678612	359.0	-0.49554962	177184.75	35563
60.324375	221.5	0.49554962	177184.75	35563
75.62059	240.75	-0.49554962	177184.75	35563
39.005272	210.25	-0.49554962	177184.75	35563
49.56122	251.0	0.49554962	177184.75	35563
136.78087	502.25	-0.49554962	177184.75	35563
199.58228	304.0	0.49554962	177184.75	35563
113.29339	229.5	-0.49554962	177184.75	35563
39.215683	225.875	0.49554962	177184.75	35563
19.92327	213.25	-0.49554962	177184.75	35563
77.25026	283.25	0.49554962	177184.75	35563
139.77953	439.0	0.49554962	177184.75	35563
52.188614	208.25	0.49554962	177184.75	35563
62.247143	252.5	0.49554962	177184.75	35563
339.8393	577.0	-0.49554962	177184.75	35563
55.75839	263.25	0.49554962	177184.75	35563
135.09885	266.5	0.49554962	177184.75	35563
70.13565	244.875	-0.49554962	177184.75	35563
120.24458	229.0	0.49554962	177184.75	35563
203.1254	203.5	-0.49554962	177184.75	35563
107.01466	251.875	0.49554962	177184.75	35563
100.837524	375.25	0.49554962	177184.75	35563
75.24415	284.75	0.49554962	177184.75	35563
120.73158	309.0	0.49554962	177184.75	35563
54.79824	228.875	0.49554962	177184.75	35563
123.30501	346.5	0.49554962	177184.75	35563
141.85602	310.0	0.49554962	177184.75	35563
74.01233	661.0	-0.49554962	177184.75	35563
32.80222	234.25	0.49554962	177184.75	35563
62.62106	342.0	0.49554962	177184.75	35563
204.72714	492.25	0.49554962	177184.75	35563
152.52666	274.75	0.49554962	177184.75	35563
47.899475	215.0	-0.49554962	177184.75	35563
140.79684	220.75	0.49554962	177184.75	35563
147.20584	220.625	-0.49554962	177184.75	35563
66.71189	657.0	0.49554962	177184.75	35563
174.78517	253.625	0.49554962	177184.75	35563
86.71857	561.5	0.49554962	177184.75	35563
53.23636	339.0	0.49554962	177184.75	35563
133.23251	643.0	-0.49554962	177184.75	35563
55.190075	296.25	-0.49554962	177184.75	35563
319.65414	847.5	0.49554962	177184.75	35563
139.25023	246.75	-0.49554962	177184.75	35563
202.8308	623.5	0.49554962	177184.75	35563
156.80836	241.125	0.49554962	177184.75	35563
38.818245	214.625	-0.49554962	177184.75	35563
