lep_pt	AK8_pt	AK4_pt	M_sd	genWeights	sumWeight	N_exp
49.073452	242.5	36.9375	78.3125	-2.8689086	432387.56	29118
46.711723	254.5	35.375	1.0996094	2.8689086	432387.56	29118
66.86714	271.25	154.75	41.84375	2.8689086	432387.56	29118
109.79788	248.5	54.6875	72.75	-2.8689086	432387.56	29118
58.04404	208.0	124.5625	87.875	2.8689086	432387.56	29118
69.42379	274.5	87.5	105.5625	2.8689086	432387.56	29118
77.16575	203.125	79.1875	19.578125	-2.8689086	432387.56	29118
120.23976	307.0	125.0625	57.15625	-2.8689086	432387.56	29118
97.624176	260.0	106.4375	34.8125	2.8689086	432387.56	29118
150.70802	278.75	55.875	0.13208008	2.8689086	432387.56	29118
63.549458	373.0	88.0625	11.015625	-2.8689086	432387.56	29118
101.30985	265.5	96.375	94.0	-2.8689086	432387.56	29118
38.960964	226.5	105.25	73.4375	2.8689086	432387.56	29118
107.939	285.5	56.53125	95.375	-2.8689086	432387.56	29118
197.12769	260.0	37.9375	1.8056641	2.8689086	432387.56	29118
220.94406	540.0	80.8125	78.375	-2.8689086	432387.56	29118
39.416344	568.5	122.4375	4.625	2.8689086	432387.56	29118
43.554672	270.5	87.9375	2.7753906	2.8689086	432387.56	29118
60.181366	217.25	52.90625	30.515625	2.8689086	432387.56	29118
90.48837	234.375	62.15625	0.86279297	2.8689086	432387.56	29118
109.94068	556.5	40.65625	42.65625	2.8689086	432387.56	29118
83.31288	241.125	58.5625	21.828125	2.8689086	432387.56	29118
59.214355	420.5	101.375	118.0	2.8689086	432387.56	29118
62.971775	290.5	64.5	77.5625	2.8689086	432387.56	29118
79.93912	238.75	41.5	119.1875	-2.8689086	432387.56	29118
58.470753	250.0	106.0625	4.5234375	2.8689086	432387.56	29118
301.13547	423.5	105.375	164.5	-2.8689086	432387.56	29118
109.25296	271.5	94.0	71.0	2.8689086	432387.56	29118
63.98599	244.0	61.1875	15.421875	-2.8689086	432387.56	29118
97.02193	707.0	81.0625	153.0	2.8689086	432387.56	29118
90.90946	327.75	35.0	-4.839152e-06	2.8689086	432387.56	29118
42.58189	221.0	36.8125	69.6875	2.8689086	432387.56	29118
162.60434	203.0	67.5625	41.53125	2.8689086	432387.56	29118
111.190346	444.0	110.6875	6.2539062	-2.8689086	432387.56	29118
113.35741	496.5	44.5	121.0625	2.8689086	432387.56	29118
65.97077	280.25	104.5625	25.734375	2.8689086	432387.56	29118
163.01927	243.75	90.25	3.3164062	2.8689086	432387.56	29118
236.23001	717.5	55.9375	4.3046875	-2.8689086	432387.56	29118
52.892624	236.375	120.625	72.1875	2.8689086	432387.56	29118
256.40842	429.25	65.6875	99.25	2.8689086	432387.56	29118
129.3871	354.75	107.1875	60.90625	2.8689086	432387.56	29118
60.01397	234.875	79.8125	38.4375	2.8689086	432387.56	29118
65.94153	299.5	67.5	41.53125	2.8689086	432387.56	29118
77.44743	411.75	69.1875	138.0	2.8689086	432387.56	29118
113.00392	315.5	30.796875	70.25	-2.8689086	432387.56	29118
56.483078	262.0	74.875	3.7734375	2.8689086	432387.56	29118
78.1135	350.75	29.75	122.1875	2.8689086	432387.56	29118
69.63324	398.25	51.1875	125.625	2.8689086	432387.56	29118
69.70563	399.5	187.875	162.125	2.8689086	432387.56	29118
27.567497	255.0	147.75	74.375	-2.8689086	432387.56	29118
116.577515	344.0	81.5625	103.3125	2.8689086	432387.56	29118
51.69553	204.125	119.0625	58.9375	2.8689086	432387.56	29118
72.06749	338.25	111.5	20.546875	2.8689086	432387.56	29118
38.461487	207.75	155.5	70.1875	-2.8689086	432387.56	29118
57.216587	240.125	32.8125	62.8125	-2.8689086	432387.56	29118
54.184765	205.25	140.125	6.4765625	-2.8689086	432387.56	29118
167.29369	205.875	108.9375	61.0625	2.8689086	432387.56	29118
50.397617	368.0	74.375	107.0	-2.8689086	432387.56	29118
77.033775	677.0	147.125	248.0	2.8689086	432387.56	29118
100.94794	636.5	111.9375	45.75	-2.8689086	432387.56	29118
79.02728	253.375	116.5	35.71875	2.8689086	432387.56	29118
95.28394	213.75	74.9375	5.5703125	2.8689086	432387.56	29118
77.48219	211.125	59.03125	18.34375	2.8689086	432387.56	29118
26.777918	201.375	117.8125	3.8496094	2.8689086	432387.56	29118
94.610825	253.75	35.71875	44.96875	2.8689086	432387.56	29118
41.32272	211.75	88.125	81.25	-2.8689086	432387.56	29118
73.47606	471.5	161.125	72.1875	-2.8689086	432387.56	29118
69.10088	269.5	142.375	48.25	2.8689086	432387.56	29118
128.83469	273.0	43.8125	75.625	2.8689086	432387.56	29118
60.57062	258.25	113.125	1.0429688	2.8689086	432387.56	29118
65.32552	251.875	33.96875	61.03125	-2.8689086	432387.56	29118
102.027374	490.5	114.75	90.4375	2.8689086	432387.56	29118
112.98998	562.5	88.125	1.9667969	2.8689086	432387.56	29118
104.92634	377.5	111.6875	123.875	-2.8689086	432387.56	29118
70.13989	285.0	141.75	32.625	-2.8689086	432387.56	29118
225.90372	459.25	48.53125	112.625	-2.8689086	432387.56	29118
101.925446	297.25	50.3125	2.328125	2.8689086	432387.56	29118
76.45702	232.25	28.828125	4.6835938	2.8689086	432387.56	29118
86.993805	294.75	25.796875	111.25	2.8689086	432387.56	29118
60.05144	212.375	83.5625	61.71875	-2.8689086	432387.56	29118
143.09343	210.75	55.40625	99.9375	-2.8689086	432387.56	29118
134.89572	220.5	40.5	70.625	2.8689086	432387.56	29118
82.17163	286.0	68.5625	122.75	2.8689086	432387.56	29118
67.375496	210.875	59.09375	1.3896484	2.8689086	432387.56	29118
232.75618	244.125	70.875	66.625	-2.8689086	432387.56	29118
60.827316	310.75	139.375	90.1875	2.8689086	432387.56	29118
235.76973	407.25	86.0625	153.75	2.8689086	432387.56	29118
58.91523	277.5	83.5625	70.3125	2.8689086	432387.56	29118
124.64539	303.75	110.6875	8.640625	2.8689086	432387.56	29118
82.644196	279.0	29.15625	88.875	-2.8689086	432387.56	29118
85.099655	440.75	58.25	1.9091797	-2.8689086	432387.56	29118
170.3334	356.0	146.5	138.875	-2.8689086	432387.56	29118
36.278774	257.0	51.25	47.9375	-2.8689086	432387.56	29118
92.3595	457.75	52.8125	1.6416016	-2.8689086	432387.56	29118
50.876537	299.25	97.9375	81.625	2.8689086	432387.56	29118
40.892113	254.0	125.25	80.1875	2.8689086	432387.56	29118
46.915813	282.75	53.75	109.625	-2.8689086	432387.56	29118
69.345726	392.5	135.0	97.125	-2.8689086	432387.56	29118
64.369576	236.5	85.375	23.515625	-2.8689086	432387.56	29118
58.751923	527.5	172.0	81.875	2.8689086	432387.56	29118
101.494446	379.5	78.0625	92.0625	2.8689086	432387.56	29118
103.799995	350.25	122.8125	38.78125	-2.8689086	432387.56	29118
97.85959	211.0	102.4375	80.8125	-2.8689086	432387.56	29118
54.97137	238.25	39.9375	92.4375	2.8689086	432387.56	29118
216.19327	391.25	109.75	53.9375	2.8689086	432387.56	29118
127.45028	620.0	26.75	179.875	2.8689086	432387.56	29118
112.44846	489.25	62.78125	146.125	2.8689086	432387.56	29118
67.49211	240.375	51.8125	80.75	2.8689086	432387.56	29118
75.69637	496.5	62.5	121.375	2.8689086	432387.56	29118
109.1845	207.5	41.0625	53.625	2.8689086	432387.56	29118
45.727924	239.75	36.21875	81.375	2.8689086	432387.56	29118
233.21242	202.5	90.125	54.25	2.8689086	432387.56	29118
75.96273	202.0	26.515625	93.6875	2.8689086	432387.56	29118
216.03107	271.75	102.75	50.59375	2.8689086	432387.56	29118
51.04326	557.5	158.25	175.375	2.8689086	432387.56	29118
79.87586	318.25	42.5	108.5625	2.8689086	432387.56	29118
241.4492	347.25	47.25	132.375	2.8689086	432387.56	29118
87.49203	274.25	34.3125	13.2578125	2.8689086	432387.56	29118
101.40682	278.0	102.5625	6.265625	-2.8689086	432387.56	29118
213.64221	275.0	89.1875	90.8125	2.8689086	432387.56	29118
67.3482	255.0	139.75	39.75	2.8689086	432387.56	29118
80.4312	215.75	50.6875	46.84375	-2.8689086	432387.56	29118
55.786922	304.5	125.8125	56.875	2.8689086	432387.56	29118
152.46986	422.0	121.375	177.0	2.8689086	432387.56	29118
81.76468	289.75	72.6875	2.4550781	2.8689086	432387.56	29118
128.9822	247.125	73.625	87.6875	-2.8689086	432387.56	29118
48.272144	238.0	30.234375	27.703125	-2.8689086	432387.56	29118
111.85831	232.75	31.03125	38.65625	-2.8689086	432387.56	29118
39.938168	210.0	96.625	3.3242188	2.8689086	432387.56	29118
144.331	261.25	46.0	92.0625	-2.8689086	432387.56	29118
63.010365	238.375	53.3125	3.9082031	2.8689086	432387.56	29118
72.09087	216.5	57.625	96.125	2.8689086	432387.56	29118
66.06664	239.875	27.1875	14.1171875	2.8689086	432387.56	29118
70.55091	201.75	133.375	0.7158203	2.8689086	432387.56	29118
199.24756	279.25	37.0	14.203125	2.8689086	432387.56	29118
85.75183	364.5	63.40625	106.5625	-2.8689086	432387.56	29118
256.55273	271.5	65.5625	76.125	2.8689086	432387.56	29118
30.988955	551.0	114.75	189.5	-2.8689086	432387.56	29118
96.85393	321.25	50.6875	38.75	2.8689086	432387.56	29118
59.460815	235.625	74.0625	83.5625	2.8689086	432387.56	29118
61.481888	278.0	36.15625	36.75	-2.8689086	432387.56	29118
93.87399	230.625	63.375	71.4375	2.8689086	432387.56	29118
71.77193	239.375	66.375	58.03125	2.8689086	432387.56	29118
85.14259	335.25	29.96875	28.21875	2.8689086	432387.56	29118
178.46887	431.75	79.0625	178.0	2.8689086	432387.56	29118
149.98987	293.5	28.703125	99.8125	-2.8689086	432387.56	29118
63.93072	338.75	107.9375	69.75	-2.8689086	432387.56	29118
118.91207	326.75	148.0	149.0	2.8689086	432387.56	29118
136.04974	213.875	89.125	63.75	2.8689086	432387.56	29118
78.70608	204.875	46.46875	1.1064453	2.8689086	432387.56	29118
153.6727	228.25	59.4375	79.75	2.8689086	432387.56	29118
138.185	240.375	31.875	28.359375	-2.8689086	432387.56	29118
127.44409	348.25	68.9375	99.375	-2.8689086	432387.56	29118
58.30478	548.5	83.3125	18.1875	-2.8689086	432387.56	29118
82.34755	320.5	59.28125	83.0	2.8689086	432387.56	29118
48.089695	319.0	57.46875	144.625	-2.8689086	432387.56	29118
60.911663	309.75	33.71875	1.7226562	2.8689086	432387.56	29118
106.34678	229.875	100.3125	38.71875	2.8689086	432387.56	29118
86.64867	244.75	68.1875	97.9375	2.8689086	432387.56	29118
48.54985	208.75	42.53125	86.9375	2.8689086	432387.56	29118
77.388084	556.5	73.4375	0.76904297	2.8689086	432387.56	29118
48.35815	389.5	67.375	170.0	2.8689086	432387.56	29118
40.889355	294.5	91.125	12.78125	2.8689086	432387.56	29118
35.734413	232.875	117.0	60.0	2.8689086	432387.56	29118
88.18434	224.125	107.9375	68.125	2.8689086	432387.56	29118
173.37605	409.0	70.125	116.5625	2.8689086	432387.56	29118
27.982628	346.75	117.0	107.3125	-2.8689086	432387.56	29118
91.552734	265.5	88.1875	110.3125	-2.8689086	432387.56	29118
91.51709	223.25	34.96875	86.0	2.8689086	432387.56	29118
93.65448	280.0	43.53125	85.4375	2.8689086	432387.56	29118
160.1761	386.75	140.375	174.625	2.8689086	432387.56	29118
34.458206	357.5	32.6875	140.625	-2.8689086	432387.56	29118
89.84396	364.25	48.5	24.109375	2.8689086	432387.56	29118
120.771645	267.5	97.75	80.5625	2.8689086	432387.56	29118
198.54231	387.0	88.0625	17.46875	2.8689086	432387.56	29118
37.8693	247.75	39.15625	27.6875	2.8689086	432387.56	29118
73.05424	306.0	38.78125	64.25	2.8689086	432387.56	29118
123.2669	213.625	90.0625	7.6601562	-2.8689086	432387.56	29118
48.05126	334.5	40.0	100.1875	2.8689086	432387.56	29118
40.245754	323.5	65.5	7.5351562	2.8689086	432387.56	29118
184.06064	232.875	60.03125	56.15625	2.8689086	432387.56	29118
67.440895	256.5	97.5625	60.1875	2.8689086	432387.56	29118
50.09391	248.5	83.6875	1.7324219	2.8689086	432387.56	29118
54.468967	261.75	54.375	74.4375	-2.8689086	432387.56	29118
132.25925	404.75	86.1875	137.125	2.8689086	432387.56	29118
272.51956	409.5	71.3125	56.03125	-2.8689086	432387.56	29118
116.33516	364.75	50.0625	152.75	2.8689086	432387.56	29118
78.13774	216.625	60.875	81.625	-2.8689086	432387.56	29118
64.327934	274.0	35.28125	105.8125	-2.8689086	432387.56	29118
48.729015	202.125	55.15625	52.71875	-2.8689086	432387.56	29118
68.35661	226.375	48.46875	8.25	-2.8689086	432387.56	29118
117.24563	527.0	71.8125	176.25	2.8689086	432387.56	29118
86.44067	334.25	27.734375	83.25	2.8689086	432387.56	29118
41.911995	306.75	27.3125	4.953125	2.8689086	432387.56	29118
122.12695	480.5	49.75	149.25	2.8689086	432387.56	29118
70.395775	278.75	27.265625	79.75	2.8689086	432387.56	29118
83.0617	249.25	107.25	87.375	2.8689086	432387.56	29118
49.43355	267.25	35.1875	9.171875	2.8689086	432387.56	29118
115.67897	395.25	133.875	95.5625	-2.8689086	432387.56	29118
75.830826	510.75	106.75	132.375	-2.8689086	432387.56	29118
67.45156	357.25	110.4375	91.5625	-2.8689086	432387.56	29118
74.40118	212.875	42.53125	51.0	2.8689086	432387.56	29118
89.887085	375.75	117.375	158.875	2.8689086	432387.56	29118
96.31502	252.375	96.25	83.25	2.8689086	432387.56	29118
75.66872	328.5	104.6875	36.28125	2.8689086	432387.56	29118
106.442856	214.875	141.625	48.03125	-2.8689086	432387.56	29118
96.78543	231.625	68.75	62.625	2.8689086	432387.56	29118
89.92349	499.5	25.109375	104.375	-2.8689086	432387.56	29118
62.268917	229.25	129.25	3.5117188	2.8689086	432387.56	29118
69.967545	405.75	141.75	69.1875	2.8689086	432387.56	29118
103.4911	206.25	50.9375	2.5820312	2.8689086	432387.56	29118
283.4042	398.0	51.84375	67.75	-2.8689086	432387.56	29118
81.44666	268.75	266.0	73.125	2.8689086	432387.56	29118
100.82858	346.0	103.4375	84.0625	-2.8689086	432387.56	29118
71.400604	407.0	126.375	4.578125	-2.8689086	432387.56	29118
187.52448	273.0	51.4375	54.46875	2.8689086	432387.56	29118
130.49052	273.75	108.0	99.0625	2.8689086	432387.56	29118
60.31266	502.75	143.0	179.0	-2.8689086	432387.56	29118
110.68701	491.25	177.25	197.125	2.8689086	432387.56	29118
80.95828	376.5	35.125	20.84375	-2.8689086	432387.56	29118
54.64797	256.5	51.375	72.75	-2.8689086	432387.56	29118
156.14467	471.75	25.265625	112.5	-2.8689086	432387.56	29118
133.85365	362.0	26.390625	2.7949219	2.8689086	432387.56	29118
68.17001	538.5	142.0	194.125	2.8689086	432387.56	29118
82.0582	328.5	63.1875	98.625	2.8689086	432387.56	29118
54.903866	634.5	109.0	155.125	2.8689086	432387.56	29118
84.62925	316.25	61.5	1.3320312	-2.8689086	432387.56	29118
69.24508	564.0	80.9375	8.1015625	-2.8689086	432387.56	29118
151.01021	278.0	57.71875	92.6875	2.8689086	432387.56	29118
83.1069	367.5	68.9375	135.5	-2.8689086	432387.56	29118
151.50815	420.5	42.78125	92.75	-2.8689086	432387.56	29118
44.05552	225.25	118.25	37.375	2.8689086	432387.56	29118
45.088257	287.0	90.75	7.578125	-2.8689086	432387.56	29118
68.53663	497.5	56.6875	107.875	2.8689086	432387.56	29118
76.26954	262.5	79.0625	76.8125	2.8689086	432387.56	29118
96.19424	229.125	86.0	10.8046875	2.8689086	432387.56	29118
40.689236	240.875	115.1875	19.984375	2.8689086	432387.56	29118
178.66905	595.5	137.125	190.625	2.8689086	432387.56	29118
56.03347	241.875	51.84375	65.25	-2.8689086	432387.56	29118
166.57657	255.75	100.375	69.875	-2.8689086	432387.56	29118
62.538666	201.125	106.3125	60.5	2.8689086	432387.56	29118
103.66107	222.625	47.71875	84.5	2.8689086	432387.56	29118
45.434986	452.0	30.703125	133.75	-2.8689086	432387.56	29118
114.67482	262.75	27.375	71.625	-2.8689086	432387.56	29118
46.025562	446.0	72.5625	207.125	2.8689086	432387.56	29118
81.947365	278.5	106.625	116.8125	-2.8689086	432387.56	29118
80.74582	251.0	103.3125	110.6875	-2.8689086	432387.56	29118
84.80394	209.875	97.8125	76.0625	2.8689086	432387.56	29118
75.47238	311.5	143.375	131.0	-2.8689086	432387.56	29118
43.649715	300.0	90.9375	90.375	2.8689086	432387.56	29118
68.88236	284.0	70.875	28.1875	-2.8689086	432387.56	29118
32.039856	251.5	105.8125	73.375	-2.8689086	432387.56	29118
136.97133	241.875	136.625	84.875	2.8689086	432387.56	29118
85.350975	207.0	62.34375	86.0625	2.8689086	432387.56	29118
124.73449	275.5	154.125	2.7617188	-2.8689086	432387.56	29118
83.19218	266.25	36.40625	11.28125	-2.8689086	432387.56	29118
126.064095	470.75	52.3125	2.6992188	-2.8689086	432387.56	29118
69.56817	206.5	95.5625	65.6875	2.8689086	432387.56	29118
78.6372	201.0	86.1875	54.90625	2.8689086	432387.56	29118
141.81485	559.0	98.8125	183.5	-2.8689086	432387.56	29118
128.9572	517.5	103.5	193.0	2.8689086	432387.56	29118
67.717064	453.5	39.90625	13.859375	2.8689086	432387.56	29118
43.422844	223.0	34.34375	84.0625	2.8689086	432387.56	29118
94.59871	280.25	90.1875	99.375	2.8689086	432387.56	29118
131.39116	544.5	81.9375	189.0	2.8689086	432387.56	29118
43.360214	202.125	91.625	90.875	2.8689086	432387.56	29118
109.61521	200.25	31.75	81.1875	2.8689086	432387.56	29118
49.84393	257.0	31.15625	101.5625	-2.8689086	432387.56	29118
61.05426	302.5	82.9375	80.75	2.8689086	432387.56	29118
69.025665	274.25	155.875	2.3027344	-2.8689086	432387.56	29118
88.86135	230.625	65.625	41.34375	2.8689086	432387.56	29118
46.51309	234.75	102.75	73.0625	2.8689086	432387.56	29118
96.4685	215.125	148.375	62.21875	2.8689086	432387.56	29118
87.46801	213.75	92.4375	67.8125	2.8689086	432387.56	29118
53.867645	301.5	65.375	39.5625	2.8689086	432387.56	29118
133.69057	202.125	38.71875	63.03125	2.8689086	432387.56	29118
66.89699	523.0	114.3125	22.296875	-2.8689086	432387.56	29118
114.91599	324.5	35.625	100.5	-2.8689086	432387.56	29118
109.91287	232.75	127.3125	78.75	2.8689086	432387.56	29118
90.478386	276.25	91.75	107.625	-2.8689086	432387.56	29118
76.65593	208.875	32.125	37.5625	2.8689086	432387.56	29118
116.62768	232.5	30.375	3.625	-2.8689086	432387.56	29118
57.752712	260.0	143.625	29.84375	2.8689086	432387.56	29118
74.62909	340.75	169.875	152.75	2.8689086	432387.56	29118
54.0895	233.5	147.75	96.1875	2.8689086	432387.56	29118
62.360733	268.25	62.96875	4.5117188	-2.8689086	432387.56	29118
66.61859	415.25	33.5	141.75	2.8689086	432387.56	29118
268.29327	488.75	38.28125	150.625	-2.8689086	432387.56	29118
151.35779	315.5	53.3125	29.0	2.8689086	432387.56	29118
67.89739	318.25	33.28125	99.4375	2.8689086	432387.56	29118
108.9623	365.5	111.0	133.25	-2.8689086	432387.56	29118
55.504505	228.0	95.0625	36.46875	2.8689086	432387.56	29118
125.08493	330.5	28.03125	19.25	2.8689086	432387.56	29118
195.43774	261.0	63.78125	7.78125	-2.8689086	432387.56	29118
57.160515	254.5	59.9375	2.7734375	2.8689086	432387.56	29118
275.5394	721.0	70.875	176.125	2.8689086	432387.56	29118
77.51659	298.25	77.1875	97.0625	2.8689086	432387.56	29118
106.668846	207.875	94.875	1.5068359	2.8689086	432387.56	29118
62.35258	231.25	107.1875	90.375	2.8689086	432387.56	29118
75.83827	206.375	89.6875	92.0	-2.8689086	432387.56	29118
117.662155	274.0	33.78125	92.3125	-2.8689086	432387.56	29118
90.17895	246.5	95.5625	75.4375	-2.8689086	432387.56	29118
125.18525	308.5	63.53125	70.0	-2.8689086	432387.56	29118
49.33271	354.75	63.71875	105.6875	2.8689086	432387.56	29118
38.38082	299.0	131.5	70.4375	2.8689086	432387.56	29118
64.64832	246.75	97.375	66.0625	2.8689086	432387.56	29118
319.36414	697.5	119.4375	13.0625	2.8689086	432387.56	29118
170.11888	333.0	67.625	5.8203125	-2.8689086	432387.56	29118
242.81512	380.75	76.1875	152.75	2.8689086	432387.56	29118
63.99208	348.25	129.125	122.5	-2.8689086	432387.56	29118
177.69699	238.125	77.625	93.375	-2.8689086	432387.56	29118
64.744606	201.625	55.71875	74.4375	2.8689086	432387.56	29118
55.449593	205.875	83.5625	12.0703125	-2.8689086	432387.56	29118
74.12318	248.375	61.6875	43.28125	-2.8689086	432387.56	29118
137.56628	216.875	51.75	79.375	-2.8689086	432387.56	29118
209.65903	441.25	109.875	161.625	-2.8689086	432387.56	29118
46.019157	213.0	103.75	5.7460938	2.8689086	432387.56	29118
57.698265	279.25	82.75	108.5	2.8689086	432387.56	29118
87.69049	228.25	66.5625	82.375	2.8689086	432387.56	29118
66.55057	236.375	30.65625	83.5625	2.8689086	432387.56	29118
102.666336	306.25	137.5	135.125	2.8689086	432387.56	29118
38.74749	555.0	62.6875	7.703125	2.8689086	432387.56	29118
47.10077	280.0	29.890625	120.75	-2.8689086	432387.56	29118
100.94343	637.0	162.5	165.25	2.8689086	432387.56	29118
95.80412	243.375	58.90625	11.2578125	2.8689086	432387.56	29118
109.625725	283.5	32.1875	65.3125	-2.8689086	432387.56	29118
42.660725	206.75	150.0	1.1367188	2.8689086	432387.56	29118
103.195	384.0	74.75	79.875	2.8689086	432387.56	29118
71.1296	209.25	51.46875	67.75	2.8689086	432387.56	29118
57.769905	298.75	57.625	93.5	2.8689086	432387.56	29118
102.11828	226.75	59.5	30.65625	2.8689086	432387.56	29118
65.56515	223.875	62.65625	22.671875	-2.8689086	432387.56	29118
86.840965	212.375	97.0	77.375	2.8689086	432387.56	29118
162.74228	466.25	106.5	133.5	2.8689086	432387.56	29118
65.11989	282.0	114.3125	14.4921875	2.8689086	432387.56	29118
147.94775	332.75	73.9375	8.0078125	2.8689086	432387.56	29118
57.44595	283.5	41.65625	118.75	2.8689086	432387.56	29118
56.69011	295.0	154.5	2.6582031	2.8689086	432387.56	29118
37.212227	270.5	88.125	91.3125	2.8689086	432387.56	29118
161.96748	238.25	146.0	9.0390625	-2.8689086	432387.56	29118
58.979725	219.125	27.140625	4.5976562	2.8689086	432387.56	29118
85.59987	207.75	61.0	21.140625	2.8689086	432387.56	29118
46.036263	480.75	74.375	180.375	-2.8689086	432387.56	29118
91.09144	226.875	100.75	64.375	2.8689086	432387.56	29118
137.45367	528.5	38.21875	97.4375	2.8689086	432387.56	29118
114.55445	278.75	60.0	66.3125	-2.8689086	432387.56	29118
58.081924	443.0	46.5625	30.546875	-2.8689086	432387.56	29118
77.986465	328.5	54.21875	37.21875	2.8689086	432387.56	29118
67.31388	210.125	114.25	22.4375	-2.8689086	432387.56	29118
66.03738	347.0	63.0	106.625	-2.8689086	432387.56	29118
55.233776	235.5	52.59375	18.78125	2.8689086	432387.56	29118
71.98101	336.25	32.03125	0.12902832	2.8689086	432387.56	29118
87.59254	299.25	35.34375	58.8125	2.8689086	432387.56	29118
55.3351	355.25	87.3125	126.625	2.8689086	432387.56	29118
166.63942	313.0	112.75	142.375	-2.8689086	432387.56	29118
97.77089	474.0	106.875	100.8125	-2.8689086	432387.56	29118
53.509083	210.5	173.375	99.5	2.8689086	432387.56	29118
49.120754	234.25	33.34375	1.9375	2.8689086	432387.56	29118
71.025764	369.25	97.0625	153.875	2.8689086	432387.56	29118
41.944633	332.75	72.625	98.0	2.8689086	432387.56	29118
123.577805	739.0	83.3125	1.6787109	-2.8689086	432387.56	29118
151.0455	471.0	29.640625	2.1660156	2.8689086	432387.56	29118
140.78603	380.75	57.4375	81.0	2.8689086	432387.56	29118
70.45099	385.5	107.9375	1.921875	-2.8689086	432387.56	29118
103.080734	225.25	124.875	95.9375	2.8689086	432387.56	29118
63.043148	208.75	61.84375	5.0585938	-2.8689086	432387.56	29118
59.422512	212.75	84.1875	60.8125	2.8689086	432387.56	29118
112.61807	433.25	58.03125	81.3125	2.8689086	432387.56	29118
86.90225	242.5	31.046875	62.21875	2.8689086	432387.56	29118
98.13797	226.375	75.5625	108.0	2.8689086	432387.56	29118
72.48294	209.0	32.34375	59.6875	-2.8689086	432387.56	29118
104.72168	627.0	105.375	4.4101562	2.8689086	432387.56	29118
61.381878	423.5	49.09375	108.1875	2.8689086	432387.56	29118
152.23268	491.0	130.875	191.25	-2.8689086	432387.56	29118
67.44874	211.125	50.375	56.15625	2.8689086	432387.56	29118
96.1177	240.625	59.34375	69.9375	2.8689086	432387.56	29118
85.58096	315.0	67.5625	115.8125	2.8689086	432387.56	29118
36.174374	356.75	130.25	101.875	2.8689086	432387.56	29118
156.3488	433.5	94.5	192.375	-2.8689086	432387.56	29118
49.84706	209.5	95.5625	0.15197754	-2.8689086	432387.56	29118
104.67953	313.75	83.75	2.1640625	-2.8689086	432387.56	29118
95.845184	634.0	36.625	20.59375	-2.8689086	432387.56	29118
47.893322	205.0	29.390625	47.4375	-2.8689086	432387.56	29118
65.42617	209.125	42.09375	64.875	-2.8689086	432387.56	29118
74.85251	284.25	110.1875	8.5703125	2.8689086	432387.56	29118
93.527435	240.125	70.75	50.875	2.8689086	432387.56	29118
135.7861	403.25	180.125	186.125	2.8689086	432387.56	29118
69.59671	274.5	131.5	102.875	2.8689086	432387.56	29118
51.78452	247.375	55.96875	79.5	-2.8689086	432387.56	29118
155.90654	279.0	75.3125	98.125	2.8689086	432387.56	29118
74.88775	248.25	79.625	78.4375	2.8689086	432387.56	29118
89.75444	447.5	37.8125	3.2460938	2.8689086	432387.56	29118
54.87472	259.75	119.75	84.4375	-2.8689086	432387.56	29118
126.90137	208.375	32.4375	60.96875	-2.8689086	432387.56	29118
184.06035	206.375	55.21875	65.6875	2.8689086	432387.56	29118
44.863407	450.0	29.390625	63.9375	2.8689086	432387.56	29118
57.30469	250.0	81.125	2.1542969	2.8689086	432387.56	29118
242.48004	264.0	49.84375	72.875	-2.8689086	432387.56	29118
43.562325	252.125	83.75	92.0625	2.8689086	432387.56	29118
72.80465	258.5	124.375	98.0	2.8689086	432387.56	29118
141.18608	210.5	68.625	37.59375	-2.8689086	432387.56	29118
106.43222	263.5	116.875	71.9375	2.8689086	432387.56	29118
56.59354	393.5	152.25	98.875	2.8689086	432387.56	29118
96.58111	207.5	29.765625	8.4375	2.8689086	432387.56	29118
78.2237	449.5	114.75	135.875	2.8689086	432387.56	29118
47.445908	333.75	127.625	139.875	2.8689086	432387.56	29118
63.177914	203.625	75.625	57.21875	-2.8689086	432387.56	29118
60.614296	257.25	62.6875	14.875	2.8689086	432387.56	29118
95.1224	469.75	143.375	36.78125	-2.8689086	432387.56	29118
101.73651	228.125	25.21875	105.9375	2.8689086	432387.56	29118
74.878586	274.75	62.21875	79.9375	2.8689086	432387.56	29118
60.87175	317.5	129.0	28.640625	2.8689086	432387.56	29118
142.27345	248.5	25.703125	108.0	2.8689086	432387.56	29118
46.364998	235.875	61.40625	100.125	2.8689086	432387.56	29118
115.18245	233.875	53.09375	55.34375	-2.8689086	432387.56	29118
123.43503	347.0	53.9375	93.1875	-2.8689086	432387.56	29118
66.306496	314.75	122.125	134.875	-2.8689086	432387.56	29118
125.941025	294.5	35.9375	6.0820312	2.8689086	432387.56	29118
48.32466	216.125	28.515625	2.8398438	-2.8689086	432387.56	29118
189.25641	282.5	93.5625	110.5625	-2.8689086	432387.56	29118
62.264584	210.375	73.5	32.75	2.8689086	432387.56	29118
43.24955	217.5	25.328125	81.5625	2.8689086	432387.56	29118
58.404484	290.25	26.125	50.25	2.8689086	432387.56	29118
64.92014	216.75	32.625	87.8125	-2.8689086	432387.56	29118
96.951584	277.75	85.0	100.25	-2.8689086	432387.56	29118
33.812164	222.875	121.0625	94.4375	2.8689086	432387.56	29118
85.358246	221.5	98.9375	2.7753906	2.8689086	432387.56	29118
103.5993	267.25	123.8125	128.5	2.8689086	432387.56	29118
81.73763	352.5	153.75	147.125	2.8689086	432387.56	29118
74.95174	211.25	92.625	86.375	-2.8689086	432387.56	29118
240.50456	374.0	130.625	96.3125	2.8689086	432387.56	29118
107.42062	242.75	45.21875	23.46875	-2.8689086	432387.56	29118
91.0255	237.5	71.8125	74.125	-2.8689086	432387.56	29118
78.241554	465.5	60.34375	2.171875	2.8689086	432387.56	29118
105.748	322.0	79.1875	93.3125	2.8689086	432387.56	29118
78.7154	294.5	96.5	87.4375	2.8689086	432387.56	29118
45.796867	235.5	44.65625	60.625	2.8689086	432387.56	29118
65.381676	291.0	66.0625	26.265625	-2.8689086	432387.56	29118
79.42343	206.625	81.9375	22.234375	2.8689086	432387.56	29118
58.927715	476.0	104.25	15.609375	-2.8689086	432387.56	29118
190.6844	288.0	27.859375	112.0625	2.8689086	432387.56	29118
59.0355	332.75	27.671875	1.6855469	2.8689086	432387.56	29118
113.135216	272.25	60.875	100.0625	2.8689086	432387.56	29118
53.65415	216.75	60.6875	53.34375	-2.8689086	432387.56	29118
171.82054	404.75	25.0625	17.453125	2.8689086	432387.56	29118
67.767204	204.25	59.90625	57.03125	2.8689086	432387.56	29118
91.66567	295.5	56.03125	56.59375	2.8689086	432387.56	29118
182.82224	208.5	44.9375	94.0	-2.8689086	432387.56	29118
348.6681	758.0	88.375	3.3496094	2.8689086	432387.56	29118
87.34819	355.0	108.3125	31.890625	-2.8689086	432387.56	29118
39.402447	505.5	67.625	144.75	2.8689086	432387.56	29118
69.83544	220.125	38.6875	5.8203125	2.8689086	432387.56	29118
71.38582	225.375	68.125	45.21875	-2.8689086	432387.56	29118
90.94238	343.25	81.0	16.59375	2.8689086	432387.56	29118
37.290615	274.25	55.3125	111.4375	2.8689086	432387.56	29118
75.741165	232.375	74.25	3.7851562	2.8689086	432387.56	29118
160.95474	392.0	48.90625	62.1875	2.8689086	432387.56	29118
74.98465	231.375	59.625	65.5	-2.8689086	432387.56	29118
98.205734	217.375	39.9375	19.875	2.8689086	432387.56	29118
101.65289	316.0	131.875	139.125	2.8689086	432387.56	29118
124.52148	214.125	137.25	10.375	2.8689086	432387.56	29118
69.16136	298.5	77.375	71.625	2.8689086	432387.56	29118
50.846	368.25	40.03125	126.0	2.8689086	432387.56	29118
79.12409	277.25	125.5	18.484375	-2.8689086	432387.56	29118
34.39424	338.5	69.9375	63.5625	-2.8689086	432387.56	29118
93.58233	303.75	49.15625	123.125	2.8689086	432387.56	29118
82.52349	471.5	72.25	110.0	-2.8689086	432387.56	29118
91.69697	200.875	89.4375	78.5	-2.8689086	432387.56	29118
58.936527	428.5	101.875	119.5	2.8689086	432387.56	29118
209.25926	364.5	151.625	155.375	-2.8689086	432387.56	29118
42.577667	345.0	151.75	110.4375	-2.8689086	432387.56	29118
103.684654	374.25	101.6875	160.875	-2.8689086	432387.56	29118
72.34299	207.125	71.5625	3.890625	2.8689086	432387.56	29118
68.02798	229.5	59.0625	9.328125	-2.8689086	432387.56	29118
146.54852	324.25	53.0625	124.0625	-2.8689086	432387.56	29118
72.03942	265.0	26.109375	3.7910156	-2.8689086	432387.56	29118
58.9337	223.25	50.09375	44.71875	-2.8689086	432387.56	29118
83.77667	227.25	51.75	74.75	2.8689086	432387.56	29118
56.977947	215.875	119.0625	12.8046875	-2.8689086	432387.56	29118
57.51934	211.75	35.03125	63.625	-2.8689086	432387.56	29118
197.18205	288.5	81.5625	74.0625	-2.8689086	432387.56	29118
147.32236	326.75	36.0	111.0	2.8689086	432387.56	29118
155.79604	224.875	98.5625	73.6875	-2.8689086	432387.56	29118
87.2515	424.5	76.8125	133.875	2.8689086	432387.56	29118
82.11263	234.75	57.09375	89.9375	-2.8689086	432387.56	29118
79.853806	322.75	130.875	79.3125	2.8689086	432387.56	29118
90.56143	346.5	79.4375	57.6875	-2.8689086	432387.56	29118
152.29247	206.125	69.6875	3.4296875	2.8689086	432387.56	29118
147.18506	298.5	43.6875	31.546875	-2.8689086	432387.56	29118
251.0558	261.0	78.8125	91.3125	2.8689086	432387.56	29118
87.61688	222.625	64.5	40.53125	-2.8689086	432387.56	29118
73.58443	300.25	153.875	103.25	2.8689086	432387.56	29118
65.83202	241.125	95.5	76.625	2.8689086	432387.56	29118
101.92945	409.0	130.375	128.25	2.8689086	432387.56	29118
83.29552	395.0	35.34375	102.625	2.8689086	432387.56	29118
68.10721	324.5	147.75	115.5625	-2.8689086	432387.56	29118
114.315056	371.0	130.25	130.375	2.8689086	432387.56	29118
63.40281	385.25	62.625	6.3476562	-2.8689086	432387.56	29118
308.18033	471.5	153.875	14.875	2.8689086	432387.56	29118
103.24391	307.5	56.4375	75.8125	2.8689086	432387.56	29118
68.28373	213.5	44.28125	45.84375	-2.8689086	432387.56	29118
50.223602	212.5	70.3125	25.65625	2.8689086	432387.56	29118
46.34347	248.75	102.25	41.0	-2.8689086	432387.56	29118
64.82394	235.125	101.375	13.109375	2.8689086	432387.56	29118
60.26925	375.25	153.0	162.75	-2.8689086	432387.56	29118
154.54185	568.0	41.46875	107.3125	2.8689086	432387.56	29118
53.811485	468.75	98.75	74.8125	2.8689086	432387.56	29118
111.79025	434.75	60.9375	79.9375	2.8689086	432387.56	29118
51.919735	445.75	41.21875	186.375	2.8689086	432387.56	29118
128.39766	725.0	85.375	201.75	2.8689086	432387.56	29118
103.505455	263.25	94.375	113.125	2.8689086	432387.56	29118
57.501415	226.5	76.875	4.8789062	-2.8689086	432387.56	29118
84.11417	375.75	178.5	35.71875	2.8689086	432387.56	29118
119.709724	359.5	161.125	85.375	-2.8689086	432387.56	29118
63.25905	223.5	85.125	43.0625	2.8689086	432387.56	29118
114.790886	361.75	84.25	132.375	-2.8689086	432387.56	29118
78.67115	208.5	45.0	40.5625	-2.8689086	432387.56	29118
56.109154	349.0	112.1875	2.0253906	2.8689086	432387.56	29118
73.01605	460.0	58.71875	46.53125	2.8689086	432387.56	29118
110.08814	321.75	64.75	85.375	2.8689086	432387.56	29118
64.71609	204.5	84.1875	1.3847656	2.8689086	432387.56	29118
97.86986	287.75	85.4375	92.75	2.8689086	432387.56	29118
48.093365	228.0	61.5625	3.4414062	-2.8689086	432387.56	29118
54.652447	212.875	81.1875	40.1875	-2.8689086	432387.56	29118
167.81459	711.5	37.3125	37.625	2.8689086	432387.56	29118
65.58317	266.0	39.28125	120.8125	2.8689086	432387.56	29118
185.3688	312.0	34.0	124.75	2.8689086	432387.56	29118
52.211113	203.75	52.0	64.375	-2.8689086	432387.56	29118
120.19063	235.25	35.59375	86.5	-2.8689086	432387.56	29118
82.818375	503.75	80.875	8.796875	-2.8689086	432387.56	29118
165.63492	575.5	72.8125	173.75	-2.8689086	432387.56	29118
51.979774	213.875	66.4375	9.9921875	-2.8689086	432387.56	29118
91.94347	218.0	74.9375	8.6171875	2.8689086	432387.56	29118
60.118687	216.75	95.5	51.5625	2.8689086	432387.56	29118
42.205456	206.0	78.8125	62.0625	2.8689086	432387.56	29118
64.704636	232.625	89.4375	107.1875	-2.8689086	432387.56	29118
71.61372	207.625	71.0625	70.5625	2.8689086	432387.56	29118
110.114876	313.5	75.625	6.4570312	2.8689086	432387.56	29118
306.30743	201.625	112.875	56.1875	-2.8689086	432387.56	29118
27.640577	247.0	49.65625	56.03125	2.8689086	432387.56	29118
150.51408	368.25	39.9375	104.25	-2.8689086	432387.56	29118
184.65309	230.0	47.09375	1.9550781	2.8689086	432387.56	29118
57.456898	215.5	38.75	27.828125	2.8689086	432387.56	29118
70.00005	208.0	82.3125	56.5	-2.8689086	432387.56	29118
80.68454	355.0	119.75	110.0	-2.8689086	432387.56	29118
70.933685	474.25	60.84375	20.1875	2.8689086	432387.56	29118
89.36027	234.75	78.75	103.5625	2.8689086	432387.56	29118
49.130848	226.875	45.75	80.75	-2.8689086	432387.56	29118
110.46056	203.25	98.375	9.546875	2.8689086	432387.56	29118
274.11755	460.0	69.9375	165.625	-2.8689086	432387.56	29118
103.08019	206.875	80.375	65.375	2.8689086	432387.56	29118
267.059	571.5	44.6875	191.875	-2.8689086	432387.56	29118
112.75942	407.5	51.53125	193.625	2.8689086	432387.56	29118
51.320053	232.625	103.25	8.140625	-2.8689086	432387.56	29118
