lep_pt	AK8_pt	AK4_pt	M_sd	genWeights	sumWeight	N_exp
351.17416	424.75	164.875	174.5	1.0	1046225.0	173880
125.28313	349.25	154.75	6.3164062	1.0	1046225.0	173880
80.01715	414.0	126.375	5.4726562	1.0	1046225.0	173880
54.92316	286.0	107.8125	90.6875	1.0	1046225.0	173880
124.15777	351.0	63.78125	158.5	1.0	1046225.0	173880
384.7122	646.5	115.375	167.75	1.0	1046225.0	173880
65.983536	290.25	82.0625	125.0	1.0	1046225.0	173880
187.62976	395.0	113.3125	162.125	1.0	1046225.0	173880
75.99739	383.25	129.75	131.5	1.0	1046225.0	173880
266.18665	403.25	44.59375	84.375	1.0	1046225.0	173880
177.93524	402.75	118.8125	139.75	1.0	1046225.0	173880
80.8749	342.0	98.1875	135.875	1.0	1046225.0	173880
513.3738	331.25	70.75	5.6875	1.0	1046225.0	173880
68.76977	369.0	136.25	15.75	1.0	1046225.0	173880
386.16238	486.5	81.75	170.75	1.0	1046225.0	173880
89.418884	371.0	51.03125	121.0	1.0	1046225.0	173880
80.68579	341.0	107.0	31.578125	1.0	1046225.0	173880
238.40945	436.0	47.25	143.25	1.0	1046225.0	173880
202.9809	514.0	188.0	206.25	1.0	1046225.0	173880
85.38182	333.5	52.0625	121.375	1.0	1046225.0	173880
72.27721	345.5	97.9375	118.8125	1.0	1046225.0	173880
56.818844	333.0	41.4375	4.015625	1.0	1046225.0	173880
184.23367	329.0	64.25	128.875	1.0	1046225.0	173880
218.24998	440.75	133.5	168.875	1.0	1046225.0	173880
425.21667	575.0	246.125	271.25	1.0	1046225.0	173880
121.44937	357.75	89.0625	165.625	1.0	1046225.0	173880
103.31271	340.0	177.625	15.359375	1.0	1046225.0	173880
78.07786	400.5	130.125	4.0039062	1.0	1046225.0	173880
446.1506	431.5	133.25	228.875	1.0	1046225.0	173880
138.08794	398.25	63.8125	177.5	1.0	1046225.0	173880
175.91475	413.25	99.125	171.0	1.0	1046225.0	173880
500.63113	594.0	40.46875	182.25	1.0	1046225.0	173880
53.553116	332.75	54.4375	131.875	1.0	1046225.0	173880
79.667046	310.75	88.6875	5.078125	1.0	1046225.0	173880
93.2212	307.5	81.5625	138.75	1.0	1046225.0	173880
236.8815	353.0	78.1875	133.0	1.0	1046225.0	173880
105.84753	334.5	137.125	141.5	1.0	1046225.0	173880
579.0929	681.0	43.09375	86.25	1.0	1046225.0	173880
99.11505	346.5	79.25	2.4042969	1.0	1046225.0	173880
101.94508	388.25	25.125	163.0	1.0	1046225.0	173880
164.51306	379.75	43.6875	8.4921875	1.0	1046225.0	173880
201.56023	359.5	64.4375	3.4472656	1.0	1046225.0	173880
71.21558	346.25	133.75	20.46875	1.0	1046225.0	173880
253.16887	504.75	75.75	217.5	1.0	1046225.0	173880
173.80467	376.75	91.4375	71.25	1.0	1046225.0	173880
62.340206	335.25	82.375	129.375	1.0	1046225.0	173880
255.73479	496.25	68.8125	165.125	1.0	1046225.0	173880
238.42404	399.0	93.75	122.125	1.0	1046225.0	173880
97.10733	346.75	124.5625	1.8583984	1.0	1046225.0	173880
174.4591	364.25	141.5	132.75	1.0	1046225.0	173880
117.88121	387.75	39.84375	91.625	1.0	1046225.0	173880
220.76743	396.5	166.5	185.375	1.0	1046225.0	173880
432.43237	469.0	183.5	185.75	1.0	1046225.0	173880
508.70688	680.5	37.71875	88.0625	1.0	1046225.0	173880
134.79167	281.0	92.625	99.4375	1.0	1046225.0	173880
71.16179	319.0	47.15625	122.375	1.0	1046225.0	173880
215.08322	469.75	77.5625	153.625	1.0	1046225.0	173880
186.64972	490.5	44.5	103.3125	1.0	1046225.0	173880
88.34732	400.25	97.0	146.25	1.0	1046225.0	173880
69.10931	272.75	87.8125	111.5	1.0	1046225.0	173880
84.01453	260.25	126.875	102.5	1.0	1046225.0	173880
63.801067	421.25	132.875	6.34375	1.0	1046225.0	173880
121.835075	324.75	49.46875	123.875	1.0	1046225.0	173880
645.62054	750.0	107.3125	315.5	1.0	1046225.0	173880
134.11229	405.25	32.5	111.9375	1.0	1046225.0	173880
141.60228	467.75	99.5625	144.5	1.0	1046225.0	173880
147.38844	316.5	43.21875	106.125	1.0	1046225.0	173880
293.18573	434.0	177.0	178.25	1.0	1046225.0	173880
48.057682	331.5	39.375	59.46875	1.0	1046225.0	173880
82.597534	193.375	104.5625	-1.0	1.0	1046225.0	173880
95.14071	256.5	85.8125	119.0	1.0	1046225.0	173880
337.63864	512.5	136.375	177.875	1.0	1046225.0	173880
285.9347	506.75	155.375	124.4375	1.0	1046225.0	173880
204.4213	462.25	63.15625	144.125	1.0	1046225.0	173880
180.09816	278.0	55.21875	130.25	1.0	1046225.0	173880
340.94693	522.0	146.75	156.625	1.0	1046225.0	173880
165.72319	450.25	193.375	180.75	1.0	1046225.0	173880
372.82654	520.5	131.875	232.875	1.0	1046225.0	173880
49.74072	389.25	151.625	13.359375	1.0	1046225.0	173880
38.11253	397.75	148.25	131.625	1.0	1046225.0	173880
137.26678	422.25	79.0	128.5	1.0	1046225.0	173880
86.55533	369.25	60.28125	120.0	1.0	1046225.0	173880
418.3286	517.5	91.625	172.875	1.0	1046225.0	173880
211.8475	519.5	158.0	199.75	1.0	1046225.0	173880
65.099724	395.75	105.3125	2.9023438	1.0	1046225.0	173880
141.4367	220.375	29.859375	57.5	1.0	1046225.0	173880
67.89381	489.5	115.875	194.0	1.0	1046225.0	173880
111.141304	365.5	107.75	115.4375	1.0	1046225.0	173880
474.94354	551.5	189.875	209.125	1.0	1046225.0	173880
192.08173	319.25	119.5625	22.390625	1.0	1046225.0	173880
60.876846	323.75	102.9375	113.1875	1.0	1046225.0	173880
52.822186	266.5	66.4375	97.3125	1.0	1046225.0	173880
59.823334	353.5	62.65625	122.3125	1.0	1046225.0	173880
350.16586	475.5	118.25	162.625	1.0	1046225.0	173880
203.52316	359.25	46.5	125.6875	1.0	1046225.0	173880
57.109737	377.0	92.25	156.125	1.0	1046225.0	173880
