lep_pt	AK8_pt	AK4_pt	M_sd	genWeights	sumWeight	N_exp
173.23402	320.25	113.8125	115.375	0.005284793	707.90857	415
99.293686	368.75	32.9375	124.9375	0.005284793	707.90857	415
200.01768	226.75	84.75	95.125	0.005284793	707.90857	415
134.1334	252.625	94.875	110.1875	0.005284793	707.90857	415
388.8709	370.75	29.390625	89.375	0.005284793	707.90857	415
67.349365	263.5	42.59375	89.625	-0.005284793	707.90857	415
227.55002	934.0	49.625	49.34375	-0.005284793	707.90857	415
220.51068	442.5	135.125	186.0	0.005284793	707.90857	415
117.45822	228.625	40.53125	71.625	-0.005284793	707.90857	415
235.80579	472.75	102.375	167.25	0.005284793	707.90857	415
332.53143	542.0	77.625	154.5	0.005284793	707.90857	415
149.16043	656.0	81.9375	152.75	0.005284793	707.90857	415
147.99509	407.25	147.5	173.875	0.005284793	707.90857	415
147.11674	407.0	80.1875	152.5	0.005284793	707.90857	415
323.15787	360.75	25.265625	143.625	0.005284793	707.90857	415
106.5631	516.0	87.5	170.125	0.005284793	707.90857	415
238.98068	451.25	25.40625	196.875	0.005284793	707.90857	415
113.01427	460.5	29.640625	104.0625	0.005284793	707.90857	415
327.28613	598.0	102.8125	129.75	0.005284793	707.90857	415
89.362625	261.5	34.4375	105.6875	0.005284793	707.90857	415
117.72841	372.0	178.375	158.375	0.005284793	707.90857	415
110.04554	645.5	72.3125	176.875	0.005284793	707.90857	415
76.68016	345.0	54.34375	84.9375	-0.005284793	707.90857	415
124.23359	598.0	31.125	175.375	-0.005284793	707.90857	415
54.092834	444.5	51.25	188.625	0.005284793	707.90857	415
273.39844	843.0	71.875	119.875	0.005284793	707.90857	415
236.9199	306.25	80.25	100.8125	0.005284793	707.90857	415
143.69853	408.75	68.125	107.5625	-0.005284793	707.90857	415
137.94104	237.125	36.34375	75.125	0.005284793	707.90857	415
371.61047	394.0	51.875	103.875	0.005284793	707.90857	415
161.37209	405.75	169.375	158.125	0.005284793	707.90857	415
301.6507	1120.0	70.5	211.875	0.005284793	707.90857	415
470.8629	906.5	111.375	208.875	-0.005284793	707.90857	415
99.23499	321.5	60.5	93.3125	-0.005284793	707.90857	415
378.68524	582.5	140.5	183.625	-0.005284793	707.90857	415
94.22015	327.75	90.375	69.1875	0.005284793	707.90857	415
225.42882	703.5	63.90625	152.0	-0.005284793	707.90857	415
324.15222	382.75	35.625	155.125	0.005284793	707.90857	415
124.977776	225.125	47.0625	76.8125	0.005284793	707.90857	415
195.62967	487.25	58.0	213.25	0.005284793	707.90857	415
223.57947	312.0	90.4375	137.875	0.005284793	707.90857	415
78.2246	223.875	55.84375	76.4375	0.005284793	707.90857	415
150.1021	269.25	33.96875	158.625	0.005284793	707.90857	415
134.25555	379.0	165.5	116.625	0.005284793	707.90857	415
191.22421	369.25	124.125	149.5	0.005284793	707.90857	415
80.124886	289.25	114.375	113.9375	0.005284793	707.90857	415
159.83519	353.5	98.1875	129.25	-0.005284793	707.90857	415
282.18436	572.5	131.5	96.75	0.005284793	707.90857	415
125.31198	383.25	44.59375	134.375	0.005284793	707.90857	415
140.2114	245.625	46.84375	88.4375	0.005284793	707.90857	415
92.753876	572.0	27.75	153.625	0.005284793	707.90857	415
68.796234	297.5	60.84375	105.6875	-0.005284793	707.90857	415
121.98254	567.5	26.609375	103.375	0.005284793	707.90857	415
56.711216	337.25	96.5625	105.625	0.005284793	707.90857	415
135.2109	271.5	77.0	104.875	-0.005284793	707.90857	415
73.83917	649.5	82.75	188.125	0.005284793	707.90857	415
222.68779	362.25	134.625	164.0	0.005284793	707.90857	415
91.42584	213.875	67.75	74.6875	-0.005284793	707.90857	415
550.33704	529.0	66.625	8.9296875	0.005284793	707.90857	415
209.48679	379.5	88.4375	163.625	0.005284793	707.90857	415
212.28534	432.75	64.8125	135.875	-0.005284793	707.90857	415
186.26793	359.5	80.75	85.5	-0.005284793	707.90857	415
162.7058	241.625	53.4375	91.8125	0.005284793	707.90857	415
225.71169	386.5	128.5	142.75	-0.005284793	707.90857	415
123.12731	203.5	64.5	61.1875	0.005284793	707.90857	415
413.09146	438.0	94.25	96.5	0.005284793	707.90857	415
429.53522	491.25	77.5625	145.125	-0.005284793	707.90857	415
137.72061	714.0	168.625	191.875	0.005284793	707.90857	415
107.26662	483.5	29.578125	188.375	0.005284793	707.90857	415
401.545	415.5	79.4375	159.25	0.005284793	707.90857	415
227.36453	334.75	125.75	118.25	0.005284793	707.90857	415
72.54669	263.5	89.5	25.25	0.005284793	707.90857	415
431.12833	411.0	154.5	180.25	0.005284793	707.90857	415
184.74414	279.0	78.0625	108.5625	0.005284793	707.90857	415
136.2723	351.25	99.5	146.375	0.005284793	707.90857	415
111.5216	362.25	80.625	147.0	-0.005284793	707.90857	415
700.7177	475.5	125.125	169.375	0.005284793	707.90857	415
100.382645	302.75	69.875	118.25	0.005284793	707.90857	415
78.4793	331.75	134.5	162.375	-0.005284793	707.90857	415
73.384895	432.75	98.0625	135.75	0.005284793	707.90857	415
145.20584	251.75	124.625	117.25	0.005284793	707.90857	415
213.2603	248.125	125.125	81.25	0.005284793	707.90857	415
48.71772	266.25	97.6875	89.75	-0.005284793	707.90857	415
171.45978	365.25	133.75	174.25	0.005284793	707.90857	415
77.47016	229.625	60.03125	111.5625	-0.005284793	707.90857	415
298.55347	357.25	64.3125	128.375	0.005284793	707.90857	415
142.26524	272.25	37.625	112.0	0.005284793	707.90857	415
207.81099	257.5	87.4375	102.0625	-0.005284793	707.90857	415
192.99837	278.0	95.1875	133.125	-0.005284793	707.90857	415
89.012184	814.0	126.8125	13.59375	0.005284793	707.90857	415
137.71175	354.25	107.625	124.875	0.005284793	707.90857	415
192.0823	324.0	35.34375	147.125	-0.005284793	707.90857	415
49.442112	312.0	31.203125	147.375	0.005284793	707.90857	415
296.74094	582.5	143.0	137.0	0.005284793	707.90857	415
247.27866	247.375	30.390625	86.3125	0.005284793	707.90857	415
360.73703	327.5	42.875	129.625	0.005284793	707.90857	415
89.148476	369.5	52.71875	98.75	0.005284793	707.90857	415
99.18748	408.5	26.765625	152.25	0.005284793	707.90857	415
187.2355	402.5	124.1875	154.25	0.005284793	707.90857	415
287.60883	294.25	48.375	137.625	0.005284793	707.90857	415
47.06827	275.0	133.875	53.96875	0.005284793	707.90857	415
190.36775	407.5	64.3125	135.75	0.005284793	707.90857	415
212.91975	807.0	161.375	95.5	0.005284793	707.90857	415
46.871223	291.25	156.5	107.4375	0.005284793	707.90857	415
73.71371	307.5	119.375	143.875	0.005284793	707.90857	415
223.0059	243.25	57.65625	106.0	0.005284793	707.90857	415
177.07214	494.25	27.453125	181.25	-0.005284793	707.90857	415
244.40648	477.75	116.0625	182.0	0.005284793	707.90857	415
243.22424	312.75	51.0	120.375	0.005284793	707.90857	415
234.90825	465.75	48.6875	125.625	0.005284793	707.90857	415
157.15138	414.5	129.0	170.75	-0.005284793	707.90857	415
360.75397	557.5	136.5	180.625	-0.005284793	707.90857	415
212.24167	316.0	78.5625	109.4375	0.005284793	707.90857	415
287.69324	342.75	87.5625	121.0625	0.005284793	707.90857	415
125.53729	446.25	125.8125	157.875	-0.005284793	707.90857	415
138.8874	276.5	28.59375	91.25	-0.005284793	707.90857	415
47.76293	341.5	108.625	157.875	0.005284793	707.90857	415
69.31043	263.75	108.75	114.1875	0.005284793	707.90857	415
112.90804	316.0	132.0	123.6875	0.005284793	707.90857	415
327.22635	485.75	144.125	180.125	-0.005284793	707.90857	415
411.8249	571.0	88.9375	166.625	-0.005284793	707.90857	415
307.2489	518.5	96.8125	179.5	0.005284793	707.90857	415
100.60396	440.5	187.125	213.75	0.005284793	707.90857	415
224.73456	377.5	56.46875	171.25	0.005284793	707.90857	415
145.98424	577.5	119.8125	175.75	0.005284793	707.90857	415
197.55872	441.75	66.9375	136.375	0.005284793	707.90857	415
842.48334	900.0	80.1875	70.6875	0.005284793	707.90857	415
254.54419	288.0	39.9375	113.25	0.005284793	707.90857	415
64.29398	459.25	131.125	150.625	-0.005284793	707.90857	415
275.30655	389.25	81.8125	155.875	0.005284793	707.90857	415
73.399376	378.5	152.625	132.5	0.005284793	707.90857	415
255.49152	480.0	29.328125	147.75	-0.005284793	707.90857	415
53.33731	267.5	100.0625	118.0625	0.005284793	707.90857	415
246.3584	325.75	50.59375	116.4375	0.005284793	707.90857	415
161.24419	429.5	95.1875	101.4375	0.005284793	707.90857	415
223.06097	450.0	44.96875	91.625	0.005284793	707.90857	415
119.21052	327.25	100.75	142.25	-0.005284793	707.90857	415
97.11353	497.25	114.6875	196.125	0.005284793	707.90857	415
104.40879	289.5	50.8125	107.625	0.005284793	707.90857	415
64.21799	390.0	32.40625	118.9375	0.005284793	707.90857	415
141.61638	371.75	71.8125	160.5	0.005284793	707.90857	415
77.47491	348.5	147.375	141.125	0.005284793	707.90857	415
158.80994	515.5	33.625	169.75	-0.005284793	707.90857	415
149.12271	282.5	33.1875	107.875	0.005284793	707.90857	415
118.432076	255.0	59.3125	73.8125	0.005284793	707.90857	415
228.10345	285.25	27.65625	127.3125	0.005284793	707.90857	415
101.69867	379.0	25.984375	165.875	0.005284793	707.90857	415
79.10279	319.0	127.4375	144.75	-0.005284793	707.90857	415
49.691875	404.0	139.625	149.375	0.005284793	707.90857	415
369.03387	318.75	44.09375	140.75	0.005284793	707.90857	415
108.99497	584.0	147.625	132.0	0.005284793	707.90857	415
503.04807	450.75	36.90625	26.765625	-0.005284793	707.90857	415
96.25464	334.75	151.875	146.25	0.005284793	707.90857	415
223.1219	285.5	75.875	120.75	0.005284793	707.90857	415
233.8558	357.25	175.875	142.125	0.005284793	707.90857	415
95.85415	271.0	41.84375	99.1875	0.005284793	707.90857	415
367.95166	530.5	157.375	195.5	0.005284793	707.90857	415
414.93274	370.0	106.0	168.75	0.005284793	707.90857	415
645.86365	437.75	67.875	32.53125	-0.005284793	707.90857	415
237.83043	309.0	85.9375	112.875	0.005284793	707.90857	415
456.83765	649.0	40.28125	137.375	-0.005284793	707.90857	415
102.21436	430.5	120.0625	162.0	-0.005284793	707.90857	415
232.24724	397.75	66.75	25.8125	0.005284793	707.90857	415
149.76303	234.625	77.9375	119.5	0.005284793	707.90857	415
97.72397	466.75	162.0	161.625	0.005284793	707.90857	415
135.38272	389.75	143.75	112.875	0.005284793	707.90857	415
125.89263	369.5	102.5625	99.125	0.005284793	707.90857	415
239.60107	371.5	78.0625	132.5	-0.005284793	707.90857	415
115.85652	503.25	159.875	205.25	-0.005284793	707.90857	415
212.89145	342.75	36.125	130.25	0.005284793	707.90857	415
371.6684	482.25	33.28125	105.0625	0.005284793	707.90857	415
148.43983	319.5	28.546875	129.125	0.005284793	707.90857	415
295.8748	517.0	129.0	165.125	-0.005284793	707.90857	415
105.064125	909.0	106.75	168.5	0.005284793	707.90857	415
242.09367	331.75	45.40625	76.5	0.005284793	707.90857	415
108.62837	283.5	41.65625	74.1875	0.005284793	707.90857	415
86.14586	291.75	99.6875	37.96875	0.005284793	707.90857	415
77.36137	371.0	98.6875	163.75	0.005284793	707.90857	415
98.4224	329.5	125.5	42.90625	0.005284793	707.90857	415
265.86237	386.25	43.75	142.0	0.005284793	707.90857	415
82.779976	640.5	127.4375	178.25	-0.005284793	707.90857	415
160.80727	368.0	91.3125	187.0	0.005284793	707.90857	415
218.52664	305.25	61.84375	106.1875	0.005284793	707.90857	415
149.64964	464.0	260.25	182.0	0.005284793	707.90857	415
286.69562	315.5	95.0625	98.75	-0.005284793	707.90857	415
105.79832	224.625	63.6875	88.4375	0.005284793	707.90857	415
500.08017	787.0	63.53125	82.0625	0.005284793	707.90857	415
185.76604	408.75	29.921875	134.375	-0.005284793	707.90857	415
76.14427	403.0	157.875	189.625	0.005284793	707.90857	415
93.30618	437.75	73.0	156.625	0.005284793	707.90857	415
282.95374	360.25	98.1875	154.125	0.005284793	707.90857	415
411.34467	664.5	74.0625	265.25	0.005284793	707.90857	415
137.63501	367.5	68.0625	121.375	0.005284793	707.90857	415
110.85974	432.0	38.8125	133.625	-0.005284793	707.90857	415
125.96557	394.75	45.0625	142.125	-0.005284793	707.90857	415
32.127266	851.5	91.5625	4.9648438	0.005284793	707.90857	415
221.02768	314.25	71.8125	132.5	0.005284793	707.90857	415
156.94693	883.5	100.3125	256.75	0.005284793	707.90857	415
56.421974	595.5	96.1875	206.75	0.005284793	707.90857	415
94.962074	406.5	159.625	171.75	0.005284793	707.90857	415
116.06654	328.0	30.3125	133.375	0.005284793	707.90857	415
309.3949	214.125	56.03125	93.125	0.005284793	707.90857	415
259.69235	643.5	41.875	218.5	0.005284793	707.90857	415
253.3611	416.75	44.0625	125.8125	0.005284793	707.90857	415
165.12263	315.25	110.6875	140.25	0.005284793	707.90857	415
105.51105	528.5	186.625	95.9375	-0.005284793	707.90857	415
95.34753	526.0	169.75	178.625	0.005284793	707.90857	415
321.24316	278.75	72.25	134.625	0.005284793	707.90857	415
73.09785	463.5	35.1875	85.75	0.005284793	707.90857	415
100.630035	200.125	104.1875	5.765625	0.005284793	707.90857	415
118.55997	345.5	159.5	134.375	0.005284793	707.90857	415
73.8427	466.0	63.375	82.6875	0.005284793	707.90857	415
85.15964	284.75	105.6875	100.8125	0.005284793	707.90857	415
173.46783	423.0	32.78125	144.25	0.005284793	707.90857	415
117.36137	511.5	190.0	191.0	0.005284793	707.90857	415
166.63605	398.0	101.5	151.75	0.005284793	707.90857	415
597.10455	725.0	192.375	213.0	0.005284793	707.90857	415
153.94562	269.0	55.0625	108.0625	0.005284793	707.90857	415
189.1063	298.5	97.6875	134.75	0.005284793	707.90857	415
222.77562	448.5	119.1875	187.25	0.005284793	707.90857	415
148.77232	267.75	159.625	83.1875	0.005284793	707.90857	415
125.346535	410.5	110.0625	95.875	-0.005284793	707.90857	415
271.28525	531.0	130.875	171.75	-0.005284793	707.90857	415
81.53959	369.0	147.25	184.25	-0.005284793	707.90857	415
201.27934	421.0	43.21875	91.5625	0.005284793	707.90857	415
280.90808	318.75	60.46875	78.125	0.005284793	707.90857	415
104.426796	417.75	121.5	157.75	0.005284793	707.90857	415
97.41883	251.375	35.34375	64.3125	0.005284793	707.90857	415
177.8551	248.25	90.9375	110.375	0.005284793	707.90857	415
94.22791	401.75	103.1875	190.875	-0.005284793	707.90857	415
173.51535	459.0	128.125	200.375	0.005284793	707.90857	415
167.60156	479.5	126.8125	125.3125	0.005284793	707.90857	415
158.90117	496.75	45.46875	127.8125	0.005284793	707.90857	415
163.92372	431.5	78.4375	118.4375	-0.005284793	707.90857	415
332.46732	451.0	155.125	174.875	0.005284793	707.90857	415
188.18665	329.75	106.0	141.0	0.005284793	707.90857	415
216.4895	483.5	151.125	172.375	-0.005284793	707.90857	415
151.1293	461.25	26.875	64.0625	0.005284793	707.90857	415
160.58505	280.5	30.59375	116.5625	0.005284793	707.90857	415
488.71893	687.5	132.125	185.125	0.005284793	707.90857	415
140.67743	278.0	64.0	127.0625	-0.005284793	707.90857	415
238.02972	296.5	26.78125	71.375	0.005284793	707.90857	415
82.650246	281.5	129.5	117.125	0.005284793	707.90857	415
307.76404	493.25	88.0	168.0	0.005284793	707.90857	415
175.24542	254.875	67.4375	116.0	0.005284793	707.90857	415
178.30429	385.75	32.15625	145.125	0.005284793	707.90857	415
106.73233	215.875	125.375	72.0625	-0.005284793	707.90857	415
170.16988	404.5	27.921875	141.125	0.005284793	707.90857	415
170.38573	510.5	86.1875	151.25	0.005284793	707.90857	415
182.54076	934.0	59.0625	174.5	0.005284793	707.90857	415
36.87507	539.0	58.0	91.3125	0.005284793	707.90857	415
321.9303	274.0	98.125	96.5	0.005284793	707.90857	415
313.26437	387.25	166.375	166.75	0.005284793	707.90857	415
51.398926	365.75	150.25	144.25	0.005284793	707.90857	415
178.38898	270.25	110.125	105.0	0.005284793	707.90857	415
61.88085	286.0	70.5625	4.15625	0.005284793	707.90857	415
116.30802	370.0	40.1875	151.125	-0.005284793	707.90857	415
315.1476	453.25	113.75	179.25	-0.005284793	707.90857	415
424.7019	505.25	140.625	193.625	-0.005284793	707.90857	415
216.73137	404.5	153.5	210.5	-0.005284793	707.90857	415
160.65471	350.25	135.125	128.125	0.005284793	707.90857	415
87.24717	332.5	129.375	124.3125	0.005284793	707.90857	415
242.71402	302.75	102.0625	61.65625	-0.005284793	707.90857	415
164.05338	299.25	34.25	117.75	0.005284793	707.90857	415
112.97197	239.125	35.78125	89.5625	0.005284793	707.90857	415
70.00274	472.75	64.375	124.875	0.005284793	707.90857	415
235.26054	495.0	182.75	186.25	-0.005284793	707.90857	415
415.52536	445.25	154.875	183.5	-0.005284793	707.90857	415
321.72037	563.0	68.375	177.5	0.005284793	707.90857	415
210.79898	566.0	74.25	184.625	-0.005284793	707.90857	415
117.85809	215.75	100.4375	1.6855469	-0.005284793	707.90857	415
62.519024	384.75	31.375	142.75	0.005284793	707.90857	415
75.61247	947.0	35.1875	104.9375	0.005284793	707.90857	415
387.702	292.5	62.75	49.4375	0.005284793	707.90857	415
98.40628	379.5	114.625	171.75	-0.005284793	707.90857	415
502.41846	498.75	149.25	173.125	0.005284793	707.90857	415
227.76321	486.5	95.75	162.125	0.005284793	707.90857	415
110.47611	332.5	91.25	101.75	-0.005284793	707.90857	415
77.88135	418.75	89.9375	151.125	0.005284793	707.90857	415
65.41242	352.5	73.75	120.5	0.005284793	707.90857	415
171.13275	436.25	174.125	120.625	-0.005284793	707.90857	415
41.26562	769.0	40.65625	197.125	-0.005284793	707.90857	415
306.46558	459.25	139.0	227.0	0.005284793	707.90857	415
201.41435	223.75	28.078125	76.5	0.005284793	707.90857	415
684.92725	739.5	51.09375	190.25	0.005284793	707.90857	415
104.52004	269.75	200.125	131.75	0.005284793	707.90857	415
327.68008	495.25	26.140625	139.125	0.005284793	707.90857	415
241.01964	346.75	54.34375	106.375	0.005284793	707.90857	415
86.31706	377.0	158.125	147.5	0.005284793	707.90857	415
183.84113	312.5	36.9375	111.5	0.005284793	707.90857	415
122.93636	351.25	94.25	155.75	0.005284793	707.90857	415
286.19653	646.0	89.4375	136.625	-0.005284793	707.90857	415
578.3144	463.25	141.75	172.0	0.005284793	707.90857	415
172.95358	340.75	147.125	170.125	0.005284793	707.90857	415
199.46362	232.25	98.9375	97.125	0.005284793	707.90857	415
177.52191	372.0	29.203125	139.0	-0.005284793	707.90857	415
214.1501	508.25	154.375	181.5	0.005284793	707.90857	415
61.67494	472.5	73.6875	176.125	0.005284793	707.90857	415
51.376293	468.0	91.5625	170.375	0.005284793	707.90857	415
73.875755	419.75	51.4375	177.5	0.005284793	707.90857	415
62.149014	633.0	28.828125	14.7265625	0.005284793	707.90857	415
371.2048	697.5	110.1875	184.375	-0.005284793	707.90857	415
74.67927	330.0	61.03125	155.75	0.005284793	707.90857	415
243.7362	346.5	116.8125	94.75	0.005284793	707.90857	415
168.89285	404.25	31.453125	149.25	0.005284793	707.90857	415
294.8515	461.5	137.875	158.125	0.005284793	707.90857	415
121.57127	542.0	32.96875	236.25	0.005284793	707.90857	415
278.83307	335.25	63.1875	130.5	0.005284793	707.90857	415
281.36533	299.25	65.375	82.625	0.005284793	707.90857	415
66.45401	470.75	50.53125	60.75	0.005284793	707.90857	415
132.93076	374.75	99.1875	179.125	0.005284793	707.90857	415
243.08762	244.0	68.1875	111.75	0.005284793	707.90857	415
55.628674	250.75	85.125	100.5	-0.005284793	707.90857	415
244.389	378.75	57.3125	170.5	0.005284793	707.90857	415
83.75447	383.0	63.34375	73.5625	0.005284793	707.90857	415
123.84732	422.25	121.0	183.5	0.005284793	707.90857	415
116.73064	382.5	61.28125	169.625	0.005284793	707.90857	415
448.76688	759.5	39.9375	188.875	0.005284793	707.90857	415
308.9069	325.5	95.5	149.0	0.005284793	707.90857	415
118.86753	390.0	44.15625	156.875	0.005284793	707.90857	415
85.92324	279.25	163.0	112.5	0.005284793	707.90857	415
81.56255	309.5	61.65625	118.625	0.005284793	707.90857	415
112.05828	366.75	166.375	165.875	0.005284793	707.90857	415
263.48706	336.25	133.0	123.6875	0.005284793	707.90857	415
474.16373	231.625	56.90625	130.5	0.005284793	707.90857	415
194.23616	392.25	67.125	113.5	0.005284793	707.90857	415
60.18146	312.75	25.984375	96.6875	0.005284793	707.90857	415
61.16613	641.5	103.1875	184.875	0.005284793	707.90857	415
278.31696	471.75	134.875	158.375	0.005284793	707.90857	415
93.32167	695.0	129.875	126.125	0.005284793	707.90857	415
98.5957	398.5	159.5	162.75	-0.005284793	707.90857	415
156.19615	412.75	90.5	157.0	0.005284793	707.90857	415
53.373222	282.25	38.8125	97.6875	0.005284793	707.90857	415
395.5886	569.5	105.1875	176.375	-0.005284793	707.90857	415
95.58855	341.5	27.828125	164.125	-0.005284793	707.90857	415
98.42429	579.5	125.5625	225.625	-0.005284793	707.90857	415
280.84763	267.5	50.53125	95.625	0.005284793	707.90857	415
190.3692	274.0	83.5	110.0625	0.005284793	707.90857	415
329.776	323.25	136.625	147.375	-0.005284793	707.90857	415
149.96776	239.625	150.875	60.53125	0.005284793	707.90857	415
203.42625	354.0	120.25	127.1875	-0.005284793	707.90857	415
494.72888	406.75	140.875	199.25	0.005284793	707.90857	415
130.43822	343.0	104.5625	147.5	0.005284793	707.90857	415
229.97597	482.5	98.0625	168.0	0.005284793	707.90857	415
245.5273	409.25	143.75	13.8359375	0.005284793	707.90857	415
49.93044	344.5	55.875	115.125	0.005284793	707.90857	415
80.00879	358.25	70.75	119.1875	0.005284793	707.90857	415
220.19162	441.0	106.5625	129.25	0.005284793	707.90857	415
352.97122	789.0	90.1875	116.1875	-0.005284793	707.90857	415
103.69055	344.25	39.25	127.25	0.005284793	707.90857	415
173.90422	292.5	117.8125	119.75	0.005284793	707.90857	415
336.96606	587.0	58.9375	174.375	0.005284793	707.90857	415
203.47775	326.75	101.5625	110.1875	0.005284793	707.90857	415
167.50407	442.75	72.5625	144.0	0.005284793	707.90857	415
239.4008	362.0	85.6875	160.75	0.005284793	707.90857	415
96.38684	441.0	25.40625	177.75	0.005284793	707.90857	415
63.5268	535.5	50.71875	86.1875	0.005284793	707.90857	415
261.71228	313.25	130.375	125.3125	0.005284793	707.90857	415
302.674	367.5	130.0	155.375	-0.005284793	707.90857	415
210.56679	367.75	128.875	156.625	0.005284793	707.90857	415
104.677414	453.25	37.46875	155.75	-0.005284793	707.90857	415
122.0556	334.5	99.125	95.0	-0.005284793	707.90857	415
366.84183	644.0	40.9375	176.0	-0.005284793	707.90857	415
102.88747	396.5	133.125	163.125	0.005284793	707.90857	415
95.17462	450.75	40.46875	152.25	0.005284793	707.90857	415
71.90184	441.25	60.625	166.125	0.005284793	707.90857	415
424.6574	579.5	30.015625	122.625	0.005284793	707.90857	415
352.39725	674.5	119.8125	207.125	0.005284793	707.90857	415
240.87096	359.0	65.1875	129.0	0.005284793	707.90857	415
200.13373	279.75	127.5	126.625	0.005284793	707.90857	415
337.36505	644.0	95.1875	281.5	0.005284793	707.90857	415
133.97537	425.0	160.5	168.5	-0.005284793	707.90857	415
412.37372	447.75	166.5	154.25	0.005284793	707.90857	415
220.26344	437.0	120.5625	132.875	-0.005284793	707.90857	415
336.73618	465.25	196.375	173.75	-0.005284793	707.90857	415
137.62488	519.0	35.09375	120.1875	0.005284793	707.90857	415
188.69221	313.5	46.78125	149.625	0.005284793	707.90857	415
59.280323	277.5	78.125	111.3125	-0.005284793	707.90857	415
75.702156	498.75	36.09375	202.875	0.005284793	707.90857	415
277.30975	319.5	76.375	159.625	0.005284793	707.90857	415
66.61787	269.75	119.375	122.5625	0.005284793	707.90857	415
187.03319	382.0	70.1875	71.875	0.005284793	707.90857	415
272.03412	380.25	137.75	169.875	0.005284793	707.90857	415
60.889957	478.75	103.25	182.875	0.005284793	707.90857	415
136.95552	286.0	40.71875	130.375	0.005284793	707.90857	415
356.4223	324.0	135.625	179.625	0.005284793	707.90857	415
87.18349	248.125	112.0	115.125	0.005284793	707.90857	415
159.13489	434.0	28.125	9.203125	0.005284793	707.90857	415
44.71333	578.5	137.875	172.0	-0.005284793	707.90857	415
101.21263	228.0	88.375	109.75	0.005284793	707.90857	415
399.73273	328.75	105.125	154.0	-0.005284793	707.90857	415
73.203224	259.0	42.96875	95.125	-0.005284793	707.90857	415
76.14319	267.0	118.875	9.953125	0.005284793	707.90857	415
333.47833	489.5	121.6875	165.375	0.005284793	707.90857	415
127.041084	369.5	125.1875	162.125	-0.005284793	707.90857	415
92.86315	458.0	56.90625	152.5	-0.005284793	707.90857	415
43.31215	463.75	97.6875	93.6875	0.005284793	707.90857	415
121.70104	273.0	61.65625	99.6875	-0.005284793	707.90857	415
118.18343	265.25	93.0	102.75	0.005284793	707.90857	415
282.72552	400.75	39.25	142.625	-0.005284793	707.90857	415
234.43755	244.125	78.375	113.25	0.005284793	707.90857	415
109.35593	465.25	109.75	141.625	0.005284793	707.90857	415
132.56754	511.0	126.375	182.875	0.005284793	707.90857	415
45.53421	603.0	89.9375	170.125	0.005284793	707.90857	415
409.61063	469.0	142.625	172.5	0.005284793	707.90857	415
107.04621	291.5	31.796875	69.0	0.005284793	707.90857	415
157.7689	391.5	185.75	164.625	0.005284793	707.90857	415
220.01463	487.75	95.3125	181.125	0.005284793	707.90857	415
192.08348	310.25	83.875	117.3125	0.005284793	707.90857	415
247.87111	362.5	80.9375	126.375	-0.005284793	707.90857	415
53.150265	239.25	39.0	79.5	0.005284793	707.90857	415
124.37514	369.5	100.5	84.625	-0.005284793	707.90857	415
163.29741	287.25	57.03125	91.8125	0.005284793	707.90857	415
557.1478	674.0	83.0625	196.25	0.005284793	707.90857	415
315.4695	398.5	146.875	152.625	0.005284793	707.90857	415
202.13213	380.75	38.3125	163.0	0.005284793	707.90857	415
133.24435	651.5	48.59375	197.125	-0.005284793	707.90857	415
45.925808	298.75	105.1875	104.25	0.005284793	707.90857	415
98.18295	292.25	141.875	116.75	0.005284793	707.90857	415
413.77072	530.0	77.3125	163.625	0.005284793	707.90857	415
445.90305	325.0	33.96875	105.125	0.005284793	707.90857	415
345.7293	504.5	107.0625	191.25	0.005284793	707.90857	415
308.8002	399.5	65.5	90.375	-0.005284793	707.90857	415
51.810238	311.0	160.875	123.625	0.005284793	707.90857	415
27.451773	212.125	108.1875	85.1875	0.005284793	707.90857	415
105.43664	471.0	153.125	162.625	0.005284793	707.90857	415
205.82315	425.0	109.5	177.875	0.005284793	707.90857	415
66.40506	291.25	73.5625	100.5	0.005284793	707.90857	415
451.06003	639.5	49.78125	91.4375	-0.005284793	707.90857	415
118.01602	343.75	124.375	175.875	0.005284793	707.90857	415
181.29109	576.0	55.4375	103.5625	0.005284793	707.90857	415
142.9853	319.5	154.625	135.25	-0.005284793	707.90857	415
179.06754	487.75	83.3125	185.625	0.005284793	707.90857	415
61.605247	482.25	113.1875	176.75	-0.005284793	707.90857	415
193.3134	287.5	97.9375	118.25	0.005284793	707.90857	415
144.87842	420.5	95.8125	179.375	0.005284793	707.90857	415
86.41381	385.0	158.25	152.5	-0.005284793	707.90857	415
337.5299	430.25	185.75	131.0	0.005284793	707.90857	415
373.2715	349.5	31.96875	119.9375	0.005284793	707.90857	415
64.17787	313.0	94.9375	127.4375	0.005284793	707.90857	415
196.00455	310.25	96.375	148.125	0.005284793	707.90857	415
395.0196	237.375	85.9375	105.8125	-0.005284793	707.90857	415
140.10808	360.5	140.0	141.625	0.005284793	707.90857	415
43.02555	503.25	172.875	166.0	-0.005284793	707.90857	415
298.03253	481.25	99.8125	173.375	-0.005284793	707.90857	415
131.80293	283.25	51.25	110.4375	-0.005284793	707.90857	415
62.566547	491.5	35.8125	112.3125	0.005284793	707.90857	415
261.8887	536.5	35.125	126.1875	0.005284793	707.90857	415
348.35162	343.25	125.5625	0.69433594	0.005284793	707.90857	415
69.78465	272.25	30.546875	89.125	0.005284793	707.90857	415
107.77916	335.75	28.859375	144.0	0.005284793	707.90857	415
418.75488	525.0	130.25	179.0	0.005284793	707.90857	415
83.4924	383.75	58.09375	115.9375	0.005284793	707.90857	415
179.40982	236.5	80.25	92.0625	0.005284793	707.90857	415
212.95065	247.375	97.1875	91.375	-0.005284793	707.90857	415
57.348186	437.75	35.125	3.9511719	0.005284793	707.90857	415
252.09056	393.5	71.875	90.3125	-0.005284793	707.90857	415
180.60895	373.25	68.75	162.25	0.005284793	707.90857	415
59.48634	404.75	141.5	130.625	0.005284793	707.90857	415
215.16261	594.0	150.75	181.25	0.005284793	707.90857	415
93.1431	254.875	107.875	109.25	-0.005284793	707.90857	415
148.1007	311.0	148.875	150.75	0.005284793	707.90857	415
262.79465	390.5	104.0625	127.4375	0.005284793	707.90857	415
437.9464	696.0	42.1875	166.75	0.005284793	707.90857	415
168.454	212.375	25.09375	92.75	0.005284793	707.90857	415
109.83347	478.5	205.25	195.375	0.005284793	707.90857	415
372.71008	409.0	98.125	174.875	0.005284793	707.90857	415
146.38211	511.5	94.75	76.4375	0.005284793	707.90857	415
68.82221	352.25	28.578125	123.5	-0.005284793	707.90857	415
66.819855	257.25	26.9375	100.0	0.005284793	707.90857	415
156.283	439.5	42.15625	80.4375	0.005284793	707.90857	415
73.670395	256.0	55.03125	91.625	0.005284793	707.90857	415
79.05332	412.25	142.375	157.375	-0.005284793	707.90857	415
39.86694	589.0	27.65625	122.0625	-0.005284793	707.90857	415
102.29769	264.5	26.484375	81.875	0.005284793	707.90857	415
695.63226	835.0	68.625	104.5	0.005284793	707.90857	415
212.11604	372.0	123.6875	136.125	0.005284793	707.90857	415
72.79584	383.5	138.375	195.625	-0.005284793	707.90857	415
148.92436	311.0	125.3125	96.0	0.005284793	707.90857	415
133.81766	373.75	132.875	136.125	0.005284793	707.90857	415
258.94427	409.75	110.8125	162.75	0.005284793	707.90857	415
147.08777	374.25	93.1875	155.875	0.005284793	707.90857	415
104.69499	331.25	58.8125	112.4375	0.005284793	707.90857	415
162.37602	393.25	121.75	174.25	0.005284793	707.90857	415
183.51807	313.25	72.5625	101.25	0.005284793	707.90857	415
161.25546	449.5	82.375	208.5	0.005284793	707.90857	415
47.346508	529.5	25.015625	93.3125	-0.005284793	707.90857	415
131.5106	244.625	32.375	99.375	0.005284793	707.90857	415
404.25333	515.5	133.75	157.375	0.005284793	707.90857	415
94.58682	482.5	134.875	188.625	-0.005284793	707.90857	415
417.2213	428.0	119.375	160.875	0.005284793	707.90857	415
210.1431	438.75	68.4375	127.25	0.005284793	707.90857	415
138.58577	389.0	126.625	179.375	0.005284793	707.90857	415
100.12146	352.5	138.125	177.5	0.005284793	707.90857	415
283.13113	712.0	59.0625	165.625	-0.005284793	707.90857	415
84.27996	413.25	206.5	177.125	0.005284793	707.90857	415
414.2729	418.0	143.0	158.25	0.005284793	707.90857	415
203.88748	459.75	176.5	213.5	0.005284793	707.90857	415
129.2887	338.5	95.25	137.125	-0.005284793	707.90857	415
168.65733	381.25	31.65625	159.75	0.005284793	707.90857	415
493.04404	480.75	38.75	175.875	0.005284793	707.90857	415
415.45386	380.25	133.875	130.125	-0.005284793	707.90857	415
539.2081	731.5	118.125	165.375	0.005284793	707.90857	415
111.57577	353.75	82.4375	121.1875	0.005284793	707.90857	415
373.53094	335.5	89.0625	82.5625	0.005284793	707.90857	415
659.3614	661.0	75.375	167.75	0.005284793	707.90857	415
53.200584	301.0	39.34375	140.875	0.005284793	707.90857	415
81.74581	349.75	37.53125	16.9375	-0.005284793	707.90857	415
51.817585	764.5	146.125	81.375	0.005284793	707.90857	415
201.79182	531.0	152.875	173.75	0.005284793	707.90857	415
110.19443	728.0	76.0625	2.4160156	0.005284793	707.90857	415
310.42743	568.0	99.875	170.875	-0.005284793	707.90857	415
168.86357	401.0	108.375	151.5	0.005284793	707.90857	415
232.31866	382.5	85.0	137.25	-0.005284793	707.90857	415
272.74512	330.25	136.25	148.875	0.005284793	707.90857	415
343.08618	524.0	48.4375	158.125	-0.005284793	707.90857	415
68.60573	610.0	87.5625	172.875	0.005284793	707.90857	415
162.79694	361.25	134.0	122.125	-0.005284793	707.90857	415
171.79945	291.75	113.4375	97.0	0.005284793	707.90857	415
124.670006	373.25	162.125	167.625	0.005284793	707.90857	415
142.77184	386.75	47.21875	68.0625	0.005284793	707.90857	415
332.27774	525.5	104.0	170.25	0.005284793	707.90857	415
239.11122	416.25	181.125	174.625	0.005284793	707.90857	415
63.03712	246.75	124.0625	66.8125	0.005284793	707.90857	415
118.76676	401.25	104.125	140.375	0.005284793	707.90857	415
281.5564	409.0	105.6875	173.25	0.005284793	707.90857	415
276.44095	272.0	97.3125	110.125	0.005284793	707.90857	415
221.4017	442.75	53.75	90.5	0.005284793	707.90857	415
153.44447	228.5	91.375	96.1875	-0.005284793	707.90857	415
241.0068	437.75	94.4375	194.375	-0.005284793	707.90857	415
50.68582	374.0	52.34375	153.125	0.005284793	707.90857	415
477.83908	427.25	65.6875	89.5625	0.005284793	707.90857	415
177.33963	485.5	141.75	195.875	0.005284793	707.90857	415
310.8298	597.0	68.375	183.25	0.005284793	707.90857	415
127.625336	373.0	101.1875	179.375	0.005284793	707.90857	415
42.19958	310.0	87.4375	3.4453125	0.005284793	707.90857	415
54.0682	212.75	96.25	81.0625	-0.005284793	707.90857	415
269.11057	328.75	110.5625	144.375	0.005284793	707.90857	415
104.27436	516.0	108.25	173.5	-0.005284793	707.90857	415
48.695858	439.5	173.25	165.0	-0.005284793	707.90857	415
156.65997	563.5	73.375	178.875	0.005284793	707.90857	415
78.43051	337.75	114.75	158.375	0.005284793	707.90857	415
107.72438	309.25	54.9375	115.0625	0.005284793	707.90857	415
382.85275	457.0	47.28125	161.125	0.005284793	707.90857	415
209.81853	545.5	57.34375	150.625	0.005284793	707.90857	415
77.69915	253.25	41.25	89.0625	0.005284793	707.90857	415
56.394875	394.25	34.9375	109.1875	0.005284793	707.90857	415
309.2004	378.5	92.0625	152.875	0.005284793	707.90857	415
363.93417	366.75	70.5625	170.75	0.005284793	707.90857	415
141.53981	366.5	162.625	150.375	0.005284793	707.90857	415
252.47116	583.5	142.625	180.5	0.005284793	707.90857	415
492.623	321.75	106.5625	69.375	-0.005284793	707.90857	415
213.37735	354.0	43.9375	143.0	0.005284793	707.90857	415
348.75064	441.0	68.5625	147.375	0.005284793	707.90857	415
153.30438	435.0	35.3125	122.5	0.005284793	707.90857	415
119.54373	384.0	133.625	171.875	-0.005284793	707.90857	415
257.88776	433.25	64.9375	132.875	0.005284793	707.90857	415
408.00415	563.5	77.0	201.25	-0.005284793	707.90857	415
332.68625	658.5	68.875	143.125	-0.005284793	707.90857	415
42.140877	369.5	167.125	165.5	0.005284793	707.90857	415
126.31101	210.25	89.875	83.5625	0.005284793	707.90857	415
701.9155	417.25	125.0	25.09375	-0.005284793	707.90857	415
53.326748	280.75	74.0	81.6875	0.005284793	707.90857	415
451.75122	977.0	79.0	193.0	0.005284793	707.90857	415
187.13853	384.0	133.5	163.5	-0.005284793	707.90857	415
41.197285	355.75	129.0	140.25	0.005284793	707.90857	415
249.60065	261.0	37.53125	83.125	0.005284793	707.90857	415
121.28548	539.0	155.75	153.375	0.005284793	707.90857	415
75.258865	317.0	93.9375	112.3125	-0.005284793	707.90857	415
228.12164	366.5	65.1875	118.6875	0.005284793	707.90857	415
107.31222	458.25	58.25	87.25	0.005284793	707.90857	415
138.991	392.5	76.875	177.0	0.005284793	707.90857	415
38.357433	243.75	40.09375	91.875	0.005284793	707.90857	415
194.5682	332.25	100.1875	167.25	0.005284793	707.90857	415
409.38623	384.5	133.625	140.75	0.005284793	707.90857	415
77.114586	512.0	155.5	191.75	-0.005284793	707.90857	415
144.81659	352.75	39.0625	93.875	0.005284793	707.90857	415
62.07924	236.5	78.625	114.1875	-0.005284793	707.90857	415
299.21503	624.5	42.5625	99.125	0.005284793	707.90857	415
50.615047	398.25	87.625	150.75	0.005284793	707.90857	415
109.83116	499.25	118.8125	116.8125	-0.005284793	707.90857	415
152.53192	272.5	58.6875	124.6875	-0.005284793	707.90857	415
268.4495	424.75	98.4375	140.5	0.005284793	707.90857	415
47.12087	520.0	53.4375	188.625	0.005284793	707.90857	415
166.18439	462.25	147.5	251.25	0.005284793	707.90857	415
264.92557	375.0	171.875	148.5	0.005284793	707.90857	415
232.65965	424.0	173.625	197.125	0.005284793	707.90857	415
248.3163	555.0	42.53125	169.5	0.005284793	707.90857	415
84.901024	301.75	87.0	109.25	-0.005284793	707.90857	415
56.80691	495.75	128.125	228.375	0.005284793	707.90857	415
159.36087	323.25	61.0	137.625	-0.005284793	707.90857	415
282.17877	290.0	87.0625	48.21875	0.005284793	707.90857	415
165.72421	384.75	129.625	152.0	0.005284793	707.90857	415
175.78685	431.0	36.625	104.4375	0.005284793	707.90857	415
87.04381	307.5	97.625	115.25	-0.005284793	707.90857	415
58.435604	470.75	63.21875	147.625	0.005284793	707.90857	415
134.41843	468.75	165.375	226.75	0.005284793	707.90857	415
221.9221	260.5	38.59375	81.875	0.005284793	707.90857	415
168.80882	399.75	90.25	154.125	0.005284793	707.90857	415
151.39949	273.25	74.1875	119.125	0.005284793	707.90857	415
303.65048	358.25	92.625	117.0625	0.005284793	707.90857	415
166.00417	291.75	115.125	151.5	0.005284793	707.90857	415
147.73471	363.0	170.625	141.375	0.005284793	707.90857	415
331.4665	521.0	101.375	160.0	0.005284793	707.90857	415
215.31293	321.0	57.90625	109.125	0.005284793	707.90857	415
115.996994	412.5	76.125	122.75	-0.005284793	707.90857	415
367.05362	413.5	128.625	155.0	0.005284793	707.90857	415
64.33663	428.0	111.875	144.625	-0.005284793	707.90857	415
125.93931	425.0	94.375	5.0546875	0.005284793	707.90857	415
78.78845	547.5	160.5	191.25	0.005284793	707.90857	415
685.6562	676.0	39.75	171.125	0.005284793	707.90857	415
407.42706	410.5	92.3125	105.5	0.005284793	707.90857	415
198.13214	348.75	124.5625	163.625	-0.005284793	707.90857	415
319.11053	429.0	59.65625	86.25	0.005284793	707.90857	415
222.06664	459.75	54.09375	188.125	0.005284793	707.90857	415
73.450096	422.0	108.125	129.25	0.005284793	707.90857	415
153.95595	821.0	67.25	162.25	0.005284793	707.90857	415
249.50409	307.5	89.5625	0.012741089	0.005284793	707.90857	415
97.08971	381.0	45.6875	101.1875	-0.005284793	707.90857	415
113.39625	388.5	64.0	184.75	0.005284793	707.90857	415
230.46912	545.5	56.21875	0.0847168	0.005284793	707.90857	415
49.977295	627.0	48.09375	1.0244141	0.005284793	707.90857	415
76.11384	400.25	32.53125	72.625	0.005284793	707.90857	415
263.83868	280.25	80.8125	110.375	0.005284793	707.90857	415
156.42892	254.125	89.5	102.1875	-0.005284793	707.90857	415
92.997604	314.75	54.5	116.5625	0.005284793	707.90857	415
363.5803	208.25	102.375	79.3125	0.005284793	707.90857	415
338.90134	491.0	145.625	178.5	0.005284793	707.90857	415
254.09625	304.0	105.5	142.75	-0.005284793	707.90857	415
286.11542	367.25	111.125	173.75	0.005284793	707.90857	415
280.81714	331.5	68.5625	116.9375	0.005284793	707.90857	415
158.54709	305.5	95.5	112.5	0.005284793	707.90857	415
288.314	624.5	106.5625	190.375	0.005284793	707.90857	415
179.41365	294.5	104.3125	85.4375	0.005284793	707.90857	415
128.14223	309.0	130.75	140.625	-0.005284793	707.90857	415
225.74107	741.0	100.6875	130.5	0.005284793	707.90857	415
258.77606	316.0	135.5	119.125	0.005284793	707.90857	415
104.63003	226.25	49.65625	3.2949219	0.005284793	707.90857	415
146.49768	473.75	186.25	208.375	0.005284793	707.90857	415
160.48691	469.25	51.875	107.875	-0.005284793	707.90857	415
117.52284	377.5	117.3125	157.0	0.005284793	707.90857	415
109.4504	351.5	74.75	139.625	0.005284793	707.90857	415
310.60376	446.25	42.96875	85.1875	-0.005284793	707.90857	415
281.77512	411.5	109.375	158.75	-0.005284793	707.90857	415
118.79648	465.5	32.6875	73.0	0.005284793	707.90857	415
149.98251	422.5	52.875	112.1875	0.005284793	707.90857	415
256.90982	394.0	85.375	140.625	-0.005284793	707.90857	415
231.41325	401.0	132.75	197.5	-0.005284793	707.90857	415
170.85274	326.75	70.9375	93.1875	0.005284793	707.90857	415
138.06688	338.0	123.4375	144.0	0.005284793	707.90857	415
285.19724	257.25	62.125	83.8125	0.005284793	707.90857	415
138.55841	776.0	104.3125	205.875	-0.005284793	707.90857	415
50.15355	565.0	48.84375	79.3125	0.005284793	707.90857	415
443.80093	593.5	144.25	214.75	0.005284793	707.90857	415
184.55556	271.25	61.8125	88.75	0.005284793	707.90857	415
165.77005	336.75	118.375	64.8125	-0.005284793	707.90857	415
380.70166	329.25	112.6875	128.75	0.005284793	707.90857	415
321.96625	270.25	109.4375	126.125	-0.005284793	707.90857	415
115.66816	296.5	85.625	82.3125	-0.005284793	707.90857	415
180.73058	385.25	52.03125	152.875	0.005284793	707.90857	415
103.737274	519.5	26.28125	181.875	0.005284793	707.90857	415
314.40063	657.0	122.5625	50.59375	-0.005284793	707.90857	415
126.19301	402.75	62.375	174.375	0.005284793	707.90857	415
242.31563	371.0	34.3125	143.75	-0.005284793	707.90857	415
96.369385	539.5	71.1875	54.53125	0.005284793	707.90857	415
103.268974	309.0	35.34375	97.625	0.005284793	707.90857	415
108.01999	246.5	60.96875	95.8125	-0.005284793	707.90857	415
87.99402	269.0	41.25	96.0	0.005284793	707.90857	415
685.9658	1144.0	73.875	122.75	0.005284793	707.90857	415
231.58713	357.25	74.5625	153.75	0.005284793	707.90857	415
83.028656	337.0	186.125	128.5	0.005284793	707.90857	415
39.420383	447.5	30.515625	100.9375	0.005284793	707.90857	415
221.88625	352.5	83.875	145.625	-0.005284793	707.90857	415
147.38219	378.75	118.0	84.6875	0.005284793	707.90857	415
57.281517	357.5	110.5625	114.25	0.005284793	707.90857	415
157.27583	260.25	58.3125	102.5	-0.005284793	707.90857	415
168.59831	285.75	71.3125	101.625	0.005284793	707.90857	415
169.548	642.5	55.59375	182.75	0.005284793	707.90857	415
59.923527	214.625	83.5	95.0625	0.005284793	707.90857	415
387.50632	563.0	46.6875	133.75	0.005284793	707.90857	415
215.03033	368.0	146.125	185.5	0.005284793	707.90857	415
528.25354	835.0	43.75	173.0	-0.005284793	707.90857	415
169.17363	423.25	29.0	178.75	0.005284793	707.90857	415
330.8788	527.0	100.3125	183.875	0.005284793	707.90857	415
107.30307	207.5	48.09375	81.5	0.005284793	707.90857	415
419.2582	641.0	205.5	119.125	0.005284793	707.90857	415
71.554054	288.75	87.5	114.375	0.005284793	707.90857	415
319.95654	439.5	91.8125	171.25	0.005284793	707.90857	415
175.50363	231.625	79.375	86.875	0.005284793	707.90857	415
85.92288	433.0	119.5625	177.625	0.005284793	707.90857	415
102.89865	393.0	149.75	173.5	-0.005284793	707.90857	415
186.55754	247.375	50.09375	108.0625	-0.005284793	707.90857	415
75.86693	467.75	56.9375	169.0	0.005284793	707.90857	415
251.64346	378.5	35.5625	141.5	-0.005284793	707.90857	415
80.06408	241.125	92.875	119.5	0.005284793	707.90857	415
50.857418	484.0	136.0	153.25	-0.005284793	707.90857	415
68.35917	365.5	47.96875	157.625	0.005284793	707.90857	415
132.0392	465.75	129.125	176.5	0.005284793	707.90857	415
366.68887	674.0	54.3125	210.125	-0.005284793	707.90857	415
109.21215	250.75	100.1875	103.6875	0.005284793	707.90857	415
146.18253	398.0	145.75	179.0	0.005284793	707.90857	415
213.34315	257.5	94.5	112.1875	0.005284793	707.90857	415
43.981056	315.0	62.90625	144.0	0.005284793	707.90857	415
185.69266	476.5	49.40625	151.0	0.005284793	707.90857	415
52.266083	310.0	85.4375	152.5	0.005284793	707.90857	415
179.85767	375.5	136.25	141.375	0.005284793	707.90857	415
246.73737	406.75	111.875	153.25	0.005284793	707.90857	415
199.57355	339.75	125.8125	171.375	0.005284793	707.90857	415
104.80154	652.0	40.5	141.375	-0.005284793	707.90857	415
97.966156	531.5	212.25	181.25	0.005284793	707.90857	415
281.9726	565.0	130.875	185.625	-0.005284793	707.90857	415
259.45673	313.75	66.6875	107.9375	0.005284793	707.90857	415
93.30804	544.0	44.65625	86.3125	0.005284793	707.90857	415
201.15414	310.5	59.40625	91.9375	0.005284793	707.90857	415
462.87982	546.5	67.8125	181.375	0.005284793	707.90857	415
124.04359	208.25	67.75	77.75	-0.005284793	707.90857	415
383.6453	456.0	43.5	115.4375	0.005284793	707.90857	415
300.77103	348.25	55.71875	55.8125	0.005284793	707.90857	415
178.94785	495.5	81.8125	159.0	0.005284793	707.90857	415
225.40404	320.5	88.25	106.375	0.005284793	707.90857	415
89.724266	644.5	41.21875	196.5	-0.005284793	707.90857	415
154.0746	247.0	109.75	104.8125	0.005284793	707.90857	415
345.22507	591.5	130.375	178.375	0.005284793	707.90857	415
39.484993	471.5	178.5	191.0	0.005284793	707.90857	415
121.740906	351.5	59.15625	85.875	0.005284793	707.90857	415
196.4604	481.0	161.625	158.125	0.005284793	707.90857	415
100.0765	328.5	58.46875	122.75	0.005284793	707.90857	415
99.5978	458.75	102.75	187.75	0.005284793	707.90857	415
248.47882	414.5	162.625	198.875	-0.005284793	707.90857	415
335.04657	391.25	103.4375	136.75	0.005284793	707.90857	415
82.96326	364.5	96.9375	168.0	0.005284793	707.90857	415
154.70016	475.75	37.5625	175.625	0.005284793	707.90857	415
89.51062	558.5	156.125	180.75	0.005284793	707.90857	415
162.96214	476.0	28.75	144.125	0.005284793	707.90857	415
42.96493	408.25	86.25	159.25	0.005284793	707.90857	415
174.94862	329.75	138.5	139.0	0.005284793	707.90857	415
203.6347	479.75	59.6875	188.0	0.005284793	707.90857	415
152.13264	301.5	76.4375	52.65625	-0.005284793	707.90857	415
145.89268	301.5	88.5	131.5	0.005284793	707.90857	415
172.889	447.75	38.65625	128.625	0.005284793	707.90857	415
135.61864	348.75	30.171875	145.125	-0.005284793	707.90857	415
71.60926	401.25	62.28125	103.75	0.005284793	707.90857	415
59.94616	437.75	141.75	166.0	0.005284793	707.90857	415
565.8809	833.5	116.125	192.625	-0.005284793	707.90857	415
119.80014	422.0	48.5625	106.9375	0.005284793	707.90857	415
47.936394	522.5	112.8125	184.875	-0.005284793	707.90857	415
84.071304	278.25	118.9375	103.0	-0.005284793	707.90857	415
238.36856	478.75	59.8125	76.5	0.005284793	707.90857	415
214.92966	396.0	84.4375	126.8125	-0.005284793	707.90857	415
191.54005	317.5	61.75	128.75	0.005284793	707.90857	415
104.032036	577.5	46.65625	153.625	0.005284793	707.90857	415
150.40746	238.375	133.0	95.0625	-0.005284793	707.90857	415
108.07468	407.5	136.125	173.25	0.005284793	707.90857	415
45.353542	287.0	79.6875	96.0625	0.005284793	707.90857	415
70.348015	434.0	103.75	174.875	0.005284793	707.90857	415
139.0783	344.0	52.0	125.6875	-0.005284793	707.90857	415
167.65495	385.75	86.5	86.375	0.005284793	707.90857	415
106.80494	463.5	69.3125	163.75	0.005284793	707.90857	415
209.40237	280.5	39.59375	98.1875	-0.005284793	707.90857	415
273.7092	353.75	36.0625	142.875	-0.005284793	707.90857	415
55.559326	345.75	50.375	154.875	0.005284793	707.90857	415
67.3396	384.0	47.96875	162.625	-0.005284793	707.90857	415
253.78053	273.5	100.9375	55.15625	0.005284793	707.90857	415
244.82558	452.5	134.875	179.125	0.005284793	707.90857	415
152.99063	352.5	106.125	114.3125	-0.005284793	707.90857	415
706.5693	867.0	48.875	82.9375	0.005284793	707.90857	415
177.01178	425.75	60.40625	157.875	-0.005284793	707.90857	415
309.41196	446.75	92.5	135.125	0.005284793	707.90857	415
215.8705	289.25	48.9375	89.375	0.005284793	707.90857	415
48.405777	459.75	107.25	0.7709961	0.005284793	707.90857	415
242.5766	451.5	121.375	195.0	0.005284793	707.90857	415
106.90428	205.0	129.75	110.3125	0.005284793	707.90857	415
377.14926	368.25	154.375	140.625	0.005284793	707.90857	415
128.42738	305.25	28.5625	112.3125	-0.005284793	707.90857	415
223.12314	307.0	111.875	118.5625	-0.005284793	707.90857	415
422.8109	493.0	72.75	167.875	0.005284793	707.90857	415
120.89094	324.0	68.9375	133.625	0.005284793	707.90857	415
181.29953	408.75	130.5	138.75	0.005284793	707.90857	415
65.622215	742.0	101.25	171.625	0.005284793	707.90857	415
56.58187	253.875	61.65625	84.3125	0.005284793	707.90857	415
88.523315	227.375	47.4375	73.875	0.005284793	707.90857	415
95.81668	220.75	78.4375	91.3125	0.005284793	707.90857	415
384.05142	580.5	96.0625	172.0	-0.005284793	707.90857	415
141.7408	312.0	86.9375	98.125	0.005284793	707.90857	415
99.70541	351.0	60.84375	98.8125	0.005284793	707.90857	415
236.09273	337.25	102.5625	132.0	0.005284793	707.90857	415
128.06664	398.75	62.09375	146.625	0.005284793	707.90857	415
98.8896	574.0	84.125	23.765625	0.005284793	707.90857	415
63.151543	570.0	40.78125	113.25	0.005284793	707.90857	415
508.7129	665.5	36.5	185.25	0.005284793	707.90857	415
306.08545	204.375	63.0	76.625	0.005284793	707.90857	415
241.00589	202.5	50.875	102.5	0.005284793	707.90857	415
93.07496	219.125	72.0	23.90625	-0.005284793	707.90857	415
145.67545	316.5	89.25	116.625	-0.005284793	707.90857	415
42.66444	325.5	64.6875	112.4375	0.005284793	707.90857	415
71.33014	376.0	89.0	166.375	0.005284793	707.90857	415
244.01758	730.0	103.9375	226.75	0.005284793	707.90857	415
232.23724	295.25	43.78125	100.5625	0.005284793	707.90857	415
155.65237	490.25	124.6875	0.10858154	0.005284793	707.90857	415
117.7935	374.75	69.0	163.5	-0.005284793	707.90857	415
271.31406	491.25	45.6875	82.8125	0.005284793	707.90857	415
163.02235	242.875	118.8125	70.375	0.005284793	707.90857	415
36.066505	453.25	57.875	185.75	0.005284793	707.90857	415
81.636215	326.75	70.0	118.125	0.005284793	707.90857	415
113.94624	232.875	38.3125	92.875	0.005284793	707.90857	415
228.29538	333.5	139.375	93.9375	-0.005284793	707.90857	415
316.28604	380.25	26.03125	73.5	-0.005284793	707.90857	415
184.56662	333.0	160.5	159.875	0.005284793	707.90857	415
107.84222	311.0	119.3125	161.25	0.005284793	707.90857	415
85.93972	454.75	30.296875	8.7578125	0.005284793	707.90857	415
146.53271	380.75	184.0	169.125	0.005284793	707.90857	415
130.714	314.5	133.5	122.1875	-0.005284793	707.90857	415
84.86869	261.5	99.625	103.9375	0.005284793	707.90857	415
110.63198	287.75	94.4375	103.6875	0.005284793	707.90857	415
311.06223	395.5	98.6875	176.25	-0.005284793	707.90857	415
46.233593	390.25	73.0625	92.5625	0.005284793	707.90857	415
152.2833	436.25	75.6875	79.8125	0.005284793	707.90857	415
494.26834	761.0	203.0	321.5	-0.005284793	707.90857	415
156.06836	336.75	123.875	171.625	0.005284793	707.90857	415
96.827896	235.625	53.4375	80.625	-0.005284793	707.90857	415
114.76528	269.75	104.875	85.5625	-0.005284793	707.90857	415
109.10709	305.0	139.5	132.375	-0.005284793	707.90857	415
161.66553	454.0	83.375	150.25	0.005284793	707.90857	415
112.81061	379.75	54.125	129.5	0.005284793	707.90857	415
126.53527	379.5	157.625	151.625	0.005284793	707.90857	415
287.26202	227.625	43.84375	101.5	0.005284793	707.90857	415
240.30388	450.25	133.5	168.875	0.005284793	707.90857	415
448.3726	447.75	25.296875	144.625	-0.005284793	707.90857	415
151.80278	222.125	90.4375	73.4375	0.005284793	707.90857	415
438.05167	867.5	39.125	252.875	0.005284793	707.90857	415
77.50436	379.5	52.46875	25.421875	0.005284793	707.90857	415
222.98892	363.75	109.4375	168.375	0.005284793	707.90857	415
137.18164	417.25	67.125	149.25	0.005284793	707.90857	415
440.58923	471.25	81.75	169.75	0.005284793	707.90857	415
307.09555	485.75	25.0625	177.5	-0.005284793	707.90857	415
93.44496	379.75	85.875	150.75	0.005284793	707.90857	415
139.63223	427.25	100.625	153.5	0.005284793	707.90857	415
568.3134	457.0	105.3125	124.75	0.005284793	707.90857	415
585.02246	633.0	46.375	190.125	-0.005284793	707.90857	415
207.51974	483.0	158.875	194.5	-0.005284793	707.90857	415
285.3825	392.75	55.625	121.625	0.005284793	707.90857	415
324.74823	408.25	124.1875	148.25	0.005284793	707.90857	415
306.2658	344.5	68.625	89.75	0.005284793	707.90857	415
130.09941	224.75	90.5625	114.5625	-0.005284793	707.90857	415
168.74602	395.0	135.25	159.875	0.005284793	707.90857	415
40.967903	241.0	132.0	5.0	0.005284793	707.90857	415
85.44389	450.0	53.84375	172.625	0.005284793	707.90857	415
596.7299	574.0	135.875	182.25	-0.005284793	707.90857	415
121.083	355.25	85.8125	80.375	0.005284793	707.90857	415
70.629616	348.75	123.8125	117.5	0.005284793	707.90857	415
62.718037	255.75	27.3125	100.1875	0.005284793	707.90857	415
622.4449	608.0	121.625	205.125	0.005284793	707.90857	415
284.0521	346.0	58.84375	103.6875	0.005284793	707.90857	415
528.64996	509.5	170.125	197.375	0.005284793	707.90857	415
110.80323	455.75	94.0	161.75	0.005284793	707.90857	415
166.62614	299.5	182.5	101.6875	-0.005284793	707.90857	415
373.83063	328.25	160.125	149.0	0.005284793	707.90857	415
130.65501	337.0	31.1875	90.25	0.005284793	707.90857	415
83.49344	292.75	34.75	122.5	0.005284793	707.90857	415
97.36497	581.5	137.75	199.125	0.005284793	707.90857	415
59.77946	355.5	98.75	141.0	0.005284793	707.90857	415
225.97888	441.5	79.125	143.5	0.005284793	707.90857	415
82.263954	441.5	82.4375	151.0	0.005284793	707.90857	415
301.8554	495.25	52.875	175.625	0.005284793	707.90857	415
420.3912	376.5	122.125	165.875	0.005284793	707.90857	415
89.5878	374.25	100.75	114.25	0.005284793	707.90857	415
112.29121	379.75	101.4375	173.875	0.005284793	707.90857	415
102.709595	313.0	128.25	112.875	0.005284793	707.90857	415
51.642902	315.25	129.625	96.375	0.005284793	707.90857	415
312.92374	259.0	62.4375	123.0625	0.005284793	707.90857	415
214.92728	334.75	130.75	137.25	0.005284793	707.90857	415
217.3073	499.5	90.5625	146.375	0.005284793	707.90857	415
289.40668	584.5	27.21875	198.75	0.005284793	707.90857	415
70.42374	365.0	45.8125	84.8125	0.005284793	707.90857	415
139.37549	442.0	88.5	147.125	0.005284793	707.90857	415
278.0817	343.0	83.9375	88.0625	-0.005284793	707.90857	415
253.63065	415.5	135.5	117.125	-0.005284793	707.90857	415
252.33995	384.25	117.9375	165.25	0.005284793	707.90857	415
230.24304	315.25	56.0	115.625	0.005284793	707.90857	415
331.82147	575.0	29.171875	132.625	0.005284793	707.90857	415
797.5081	1012.5	32.3125	161.5	0.005284793	707.90857	415
97.16121	450.25	27.25	132.5	0.005284793	707.90857	415
123.58187	379.25	39.53125	124.6875	0.005284793	707.90857	415
72.27131	454.5	168.25	196.625	-0.005284793	707.90857	415
271.3361	377.25	117.125	165.625	0.005284793	707.90857	415
372.03412	585.0	171.625	137.0	-0.005284793	707.90857	415
124.723206	212.75	30.21875	76.0	-0.005284793	707.90857	415
255.1332	446.75	107.4375	214.625	0.005284793	707.90857	415
287.21164	313.0	103.5625	106.5	-0.005284793	707.90857	415
189.03587	475.5	135.875	154.75	-0.005284793	707.90857	415
401.40512	234.0	171.75	92.0	0.005284793	707.90857	415
158.73904	218.5	52.84375	95.3125	0.005284793	707.90857	415
108.23655	413.25	120.125	149.75	0.005284793	707.90857	415
57.01985	271.0	62.5	90.25	-0.005284793	707.90857	415
277.20428	413.5	81.1875	125.25	-0.005284793	707.90857	415
417.44012	373.0	116.6875	112.875	0.005284793	707.90857	415
289.7682	481.75	79.125	188.625	-0.005284793	707.90857	415
74.55626	235.125	51.25	110.4375	0.005284793	707.90857	415
202.90843	225.5	66.3125	92.4375	0.005284793	707.90857	415
104.36486	309.25	99.375	117.4375	0.005284793	707.90857	415
116.93536	501.25	92.4375	166.25	0.005284793	707.90857	415
262.13162	479.5	124.75	167.25	0.005284793	707.90857	415
139.2248	557.5	62.53125	155.875	0.005284793	707.90857	415
491.21457	673.5	59.0	125.4375	-0.005284793	707.90857	415
106.87302	242.75	84.125	105.3125	0.005284793	707.90857	415
260.76624	370.5	79.0625	134.375	0.005284793	707.90857	415
63.098465	279.0	45.46875	101.0	0.005284793	707.90857	415
130.04462	469.25	127.9375	108.625	0.005284793	707.90857	415
180.75392	399.75	63.53125	107.625	0.005284793	707.90857	415
96.748276	252.0	63.40625	105.125	0.005284793	707.90857	415
673.11035	1602.0	26.9375	67.125	-0.005284793	707.90857	415
402.2845	513.5	198.5	217.375	0.005284793	707.90857	415
146.8033	363.5	74.125	154.75	0.005284793	707.90857	415
71.01098	244.375	91.8125	113.75	0.005284793	707.90857	415
238.83224	697.0	118.3125	199.125	0.005284793	707.90857	415
78.24898	310.25	25.921875	133.125	0.005284793	707.90857	415
128.03227	365.25	73.625	3.5253906	0.005284793	707.90857	415
375.94806	402.5	61.75	96.0625	0.005284793	707.90857	415
246.49226	542.5	126.5	152.5	0.005284793	707.90857	415
337.3715	380.75	62.40625	109.3125	-0.005284793	707.90857	415
108.89527	632.0	147.25	183.0	0.005284793	707.90857	415
290.6131	210.125	90.125	75.1875	-0.005284793	707.90857	415
92.27082	384.25	77.0	161.75	0.005284793	707.90857	415
144.19014	373.5	50.5625	152.5	0.005284793	707.90857	415
94.7665	363.75	38.25	139.5	0.005284793	707.90857	415
137.2738	460.75	134.625	236.25	0.005284793	707.90857	415
124.88639	345.0	139.75	129.625	0.005284793	707.90857	415
426.39923	532.5	135.75	165.875	0.005284793	707.90857	415
101.63264	388.5	113.3125	174.0	0.005284793	707.90857	415
91.290825	335.0	83.0	109.375	0.005284793	707.90857	415
109.19161	388.5	123.6875	181.0	0.005284793	707.90857	415
132.30101	354.0	120.3125	107.625	0.005284793	707.90857	415
271.14453	418.5	193.0	176.75	0.005284793	707.90857	415
143.93217	238.25	82.6875	91.125	0.005284793	707.90857	415
222.42842	307.75	41.78125	130.75	0.005284793	707.90857	415
187.46364	271.25	58.15625	105.25	-0.005284793	707.90857	415
124.49447	359.75	150.75	169.375	-0.005284793	707.90857	415
126.74182	342.25	101.125	118.1875	0.005284793	707.90857	415
62.485497	385.0	93.4375	38.84375	0.005284793	707.90857	415
183.99947	348.25	99.6875	139.5	-0.005284793	707.90857	415
159.32507	220.625	150.875	88.0	-0.005284793	707.90857	415
268.6284	464.5	83.1875	193.75	0.005284793	707.90857	415
100.69832	367.75	63.8125	167.25	0.005284793	707.90857	415
67.62635	330.25	133.5	149.0	-0.005284793	707.90857	415
72.1785	299.25	55.15625	115.5625	0.005284793	707.90857	415
48.671337	810.5	65.6875	110.125	0.005284793	707.90857	415
198.08182	295.25	137.25	124.4375	0.005284793	707.90857	415
292.11313	401.25	90.5625	129.25	0.005284793	707.90857	415
122.06365	305.0	53.9375	112.75	0.005284793	707.90857	415
235.69292	491.5	57.15625	92.6875	0.005284793	707.90857	415
76.69543	242.625	121.3125	102.4375	0.005284793	707.90857	415
136.83011	363.0	45.46875	89.5	0.005284793	707.90857	415
310.82733	255.875	48.84375	120.0	0.005284793	707.90857	415
122.79109	375.75	133.625	163.75	0.005284793	707.90857	415
121.41984	279.25	130.125	126.25	0.005284793	707.90857	415
219.27202	258.0	25.15625	104.9375	0.005284793	707.90857	415
100.845474	467.0	47.84375	181.125	0.005284793	707.90857	415
71.635506	222.75	26.59375	75.6875	0.005284793	707.90857	415
106.66332	385.0	115.25	147.75	0.005284793	707.90857	415
472.8967	575.0	71.5	208.5	0.005284793	707.90857	415
428.55865	322.5	77.5	82.9375	0.005284793	707.90857	415
268.19763	539.0	66.375	174.25	0.005284793	707.90857	415
340.95105	364.25	28.953125	71.5625	0.005284793	707.90857	415
190.77054	603.5	56.96875	200.625	-0.005284793	707.90857	415
54.19308	426.0	91.5	163.25	0.005284793	707.90857	415
95.693474	310.25	112.3125	78.1875	0.005284793	707.90857	415
42.853367	396.0	101.0	151.125	0.005284793	707.90857	415
144.31903	321.25	88.875	152.0	0.005284793	707.90857	415
199.27505	271.0	113.4375	97.75	0.005284793	707.90857	415
381.85425	437.75	46.09375	139.0	-0.005284793	707.90857	415
200.7254	314.0	74.625	106.5625	-0.005284793	707.90857	415
253.74126	286.75	101.3125	125.375	0.005284793	707.90857	415
382.4376	366.0	147.125	100.875	0.005284793	707.90857	415
239.49998	410.75	73.0	172.125	0.005284793	707.90857	415
51.071266	334.75	31.578125	100.0625	0.005284793	707.90857	415
120.83456	411.0	100.0	149.75	0.005284793	707.90857	415
219.856	631.0	78.25	190.0	0.005284793	707.90857	415
180.74547	337.0	62.03125	109.0	0.005284793	707.90857	415
181.21814	374.25	90.0625	171.0	0.005284793	707.90857	415
94.8601	394.5	142.25	64.875	0.005284793	707.90857	415
91.32595	338.25	25.53125	149.5	0.005284793	707.90857	415
265.8435	399.75	28.296875	148.75	0.005284793	707.90857	415
104.57678	300.5	95.1875	73.6875	0.005284793	707.90857	415
178.66383	366.75	126.625	171.25	0.005284793	707.90857	415
105.938644	409.25	123.75	174.75	0.005284793	707.90857	415
176.49037	411.25	112.3125	196.25	0.005284793	707.90857	415
199.30682	252.0	83.5	132.25	0.005284793	707.90857	415
122.36391	394.75	133.125	181.375	0.005284793	707.90857	415
70.97837	408.5	36.90625	154.375	0.005284793	707.90857	415
56.096027	323.75	106.375	108.375	0.005284793	707.90857	415
211.68137	436.25	42.9375	168.75	0.005284793	707.90857	415
77.42916	611.0	121.5	182.625	0.005284793	707.90857	415
46.544712	408.75	124.25	187.625	0.005284793	707.90857	415
93.40154	631.5	36.71875	159.625	0.005284793	707.90857	415
55.51171	356.5	52.03125	131.75	-0.005284793	707.90857	415
287.753	304.5	107.625	133.625	-0.005284793	707.90857	415
164.541	233.375	88.6875	99.9375	-0.005284793	707.90857	415
74.29762	361.5	58.6875	71.4375	0.005284793	707.90857	415
141.13264	461.75	168.375	177.5	0.005284793	707.90857	415
57.550663	402.75	103.0	180.625	0.005284793	707.90857	415
159.24382	396.5	25.828125	82.875	0.005284793	707.90857	415
193.72128	320.75	154.75	134.25	0.005284793	707.90857	415
703.5286	446.0	135.0	172.75	-0.005284793	707.90857	415
76.87616	454.75	29.796875	195.0	0.005284793	707.90857	415
185.99309	355.25	150.25	142.875	-0.005284793	707.90857	415
66.95849	368.5	115.0	145.375	0.005284793	707.90857	415
59.650032	258.75	73.375	123.9375	0.005284793	707.90857	415
64.48982	449.75	55.5625	149.625	-0.005284793	707.90857	415
115.79681	559.0	29.5	190.625	-0.005284793	707.90857	415
77.74711	215.0	63.40625	85.5	0.005284793	707.90857	415
134.55527	616.0	87.4375	161.875	0.005284793	707.90857	415
217.49004	463.75	34.15625	143.125	0.005284793	707.90857	415
99.60037	601.5	102.125	5.3125	-0.005284793	707.90857	415
99.34677	225.5	26.34375	101.875	0.005284793	707.90857	415
109.02288	446.25	60.78125	155.25	0.005284793	707.90857	415
462.43625	265.5	65.3125	98.4375	0.005284793	707.90857	415
229.71935	366.0	34.78125	177.125	0.005284793	707.90857	415
230.07872	208.25	152.0	90.625	-0.005284793	707.90857	415
242.02254	283.0	25.75	107.6875	-0.005284793	707.90857	415
160.35979	546.5	26.90625	152.625	0.005284793	707.90857	415
143.0582	278.5	93.5	146.625	-0.005284793	707.90857	415
272.69998	448.75	108.1875	166.375	0.005284793	707.90857	415
276.61432	868.0	148.5	166.875	0.005284793	707.90857	415
219.08215	254.25	122.5625	136.625	0.005284793	707.90857	415
179.93538	428.75	162.75	200.25	0.005284793	707.90857	415
71.253265	242.5	105.875	99.4375	-0.005284793	707.90857	415
212.78615	390.0	167.375	175.5	0.005284793	707.90857	415
78.74167	521.5	85.375	165.125	-0.005284793	707.90857	415
404.10037	366.75	145.5	144.875	-0.005284793	707.90857	415
353.3729	714.5	28.609375	103.875	-0.005284793	707.90857	415
357.68774	258.5	162.125	123.75	0.005284793	707.90857	415
422.87387	719.5	139.625	158.5	-0.005284793	707.90857	415
59.0015	491.25	88.1875	175.375	0.005284793	707.90857	415
270.63034	561.0	63.0625	86.625	-0.005284793	707.90857	415
342.72696	746.5	133.5	178.125	0.005284793	707.90857	415
314.05722	347.25	149.875	130.375	0.005284793	707.90857	415
224.75937	480.25	147.75	200.5	-0.005284793	707.90857	415
335.0772	438.75	81.9375	161.125	0.005284793	707.90857	415
235.8118	428.0	83.9375	220.625	0.005284793	707.90857	415
284.58932	556.5	67.0	179.125	0.005284793	707.90857	415
47.68289	737.5	155.125	0.2211914	0.005284793	707.90857	415
254.56259	427.0	45.3125	141.25	-0.005284793	707.90857	415
194.4709	380.5	39.90625	159.25	0.005284793	707.90857	415
99.05766	377.0	147.75	157.25	0.005284793	707.90857	415
119.0434	305.25	123.375	136.5	0.005284793	707.90857	415
184.9121	250.0	31.0625	108.125	0.005284793	707.90857	415
172.76108	681.0	143.375	192.75	0.005284793	707.90857	415
178.55527	268.75	102.5625	86.9375	0.005284793	707.90857	415
159.01868	361.25	30.5625	122.4375	0.005284793	707.90857	415
252.85577	459.5	276.25	174.375	-0.005284793	707.90857	415
163.97574	408.25	81.9375	158.125	0.005284793	707.90857	415
59.15955	421.25	33.40625	183.875	0.005284793	707.90857	415
166.85104	354.0	127.6875	118.0	0.005284793	707.90857	415
588.92004	505.75	193.625	189.25	-0.005284793	707.90857	415
80.84217	389.25	29.515625	148.625	0.005284793	707.90857	415
188.35141	386.5	33.6875	101.875	0.005284793	707.90857	415
159.23248	594.0	25.125	199.125	0.005284793	707.90857	415
572.62274	449.25	158.875	196.5	0.005284793	707.90857	415
129.16429	264.75	79.9375	109.0	0.005284793	707.90857	415
89.26652	346.5	139.875	135.625	0.005284793	707.90857	415
215.08249	364.75	101.0	105.0	-0.005284793	707.90857	415
166.26082	489.5	170.0	5.125	0.005284793	707.90857	415
54.06814	304.25	142.25	141.75	0.005284793	707.90857	415
79.429245	529.5	94.4375	178.375	0.005284793	707.90857	415
59.86401	371.5	103.9375	150.0	0.005284793	707.90857	415
383.8722	388.75	82.5	176.25	0.005284793	707.90857	415
220.48141	504.0	124.0	194.75	0.005284793	707.90857	415
96.815445	250.25	106.3125	91.75	-0.005284793	707.90857	415
379.24396	578.0	67.25	156.125	-0.005284793	707.90857	415
172.17926	206.25	49.375	94.375	0.005284793	707.90857	415
326.4998	407.75	35.90625	176.875	0.005284793	707.90857	415
71.33346	663.0	52.3125	87.5625	0.005284793	707.90857	415
294.85864	321.5	126.75	165.0	0.005284793	707.90857	415
60.863087	308.0	25.390625	81.25	0.005284793	707.90857	415
146.65404	357.25	100.5625	136.75	-0.005284793	707.90857	415
80.8237	239.375	27.203125	78.1875	0.005284793	707.90857	415
243.86523	332.5	86.8125	180.25	0.005284793	707.90857	415
76.17992	385.5	71.5625	106.3125	0.005284793	707.90857	415
64.67523	316.25	45.09375	124.5625	0.005284793	707.90857	415
216.20299	511.75	70.375	232.0	0.005284793	707.90857	415
177.28261	339.0	67.0625	120.75	-0.005284793	707.90857	415
136.19264	372.25	96.625	131.75	0.005284793	707.90857	415
116.50791	407.75	84.4375	145.25	-0.005284793	707.90857	415
106.795044	679.5	44.96875	174.125	0.005284793	707.90857	415
265.5528	394.75	153.25	170.25	0.005284793	707.90857	415
52.194214	381.0	149.5	114.4375	0.005284793	707.90857	415
70.20868	316.75	160.875	159.75	0.005284793	707.90857	415
390.26678	641.5	86.0	179.75	-0.005284793	707.90857	415
95.528305	385.75	113.375	147.5	0.005284793	707.90857	415
50.573742	261.0	95.9375	104.125	-0.005284793	707.90857	415
290.7196	392.25	128.125	161.5	-0.005284793	707.90857	415
209.67242	269.0	64.8125	91.6875	0.005284793	707.90857	415
137.83199	513.0	42.71875	188.5	-0.005284793	707.90857	415
251.05234	286.75	25.8125	87.8125	0.005284793	707.90857	415
184.16068	331.0	97.875	129.875	-0.005284793	707.90857	415
104.19936	216.125	81.0	92.25	0.005284793	707.90857	415
276.66006	279.75	58.28125	109.4375	0.005284793	707.90857	415
137.47475	470.25	123.375	184.25	0.005284793	707.90857	415
52.20995	410.25	126.3125	144.125	0.005284793	707.90857	415
47.122204	393.25	77.1875	72.6875	-0.005284793	707.90857	415
207.3159	353.0	107.0	147.5	0.005284793	707.90857	415
142.0982	371.75	61.09375	160.375	0.005284793	707.90857	415
523.66	686.5	56.15625	85.25	0.005284793	707.90857	415
492.42566	480.5	70.6875	120.5625	0.005284793	707.90857	415
185.56717	399.5	32.84375	151.375	-0.005284793	707.90857	415
90.48138	363.75	130.75	164.5	0.005284793	707.90857	415
72.14237	214.25	129.25	112.625	0.005284793	707.90857	415
138.01001	355.75	140.25	166.75	-0.005284793	707.90857	415
310.55392	720.5	141.0	196.5	0.005284793	707.90857	415
320.54324	305.25	90.875	109.5	0.005284793	707.90857	415
100.92295	253.625	155.875	88.0625	0.005284793	707.90857	415
94.52274	313.25	26.5	116.875	0.005284793	707.90857	415
288.5925	443.0	133.5	160.75	0.005284793	707.90857	415
357.5451	282.0	73.1875	98.0	0.005284793	707.90857	415
358.9407	490.0	27.6875	133.375	0.005284793	707.90857	415
322.2647	468.25	60.96875	171.25	0.005284793	707.90857	415
295.15854	602.5	105.0	194.375	0.005284793	707.90857	415
430.12488	445.25	121.5625	114.0	0.005284793	707.90857	415
27.260181	409.0	55.875	135.5	0.005284793	707.90857	415
67.394806	428.25	107.375	161.625	0.005284793	707.90857	415
333.06866	384.75	102.9375	169.125	0.005284793	707.90857	415
168.38292	382.75	59.03125	174.5	0.005284793	707.90857	415
292.09473	263.0	67.5625	95.125	0.005284793	707.90857	415
329.59766	717.5	95.625	189.625	0.005284793	707.90857	415
302.30865	481.5	33.125	181.625	0.005284793	707.90857	415
488.00656	646.0	76.1875	152.75	0.005284793	707.90857	415
235.40875	456.75	85.25	159.625	0.005284793	707.90857	415
336.25342	321.25	78.25	115.25	-0.005284793	707.90857	415
222.49664	461.75	142.375	186.75	0.005284793	707.90857	415
183.98735	330.25	40.90625	143.625	-0.005284793	707.90857	415
129.90128	461.75	81.25	175.0	0.005284793	707.90857	415
182.83578	237.0	84.625	94.75	0.005284793	707.90857	415
271.06726	447.5	98.25	161.5	0.005284793	707.90857	415
80.72917	214.875	80.8125	86.0625	0.005284793	707.90857	415
218.34972	500.25	128.25	211.0	-0.005284793	707.90857	415
124.34362	262.25	28.515625	108.5	-0.005284793	707.90857	415
170.91632	327.25	134.0	157.5	0.005284793	707.90857	415
221.33803	260.5	34.28125	103.8125	-0.005284793	707.90857	415
51.498165	541.5	125.375	173.625	0.005284793	707.90857	415
158.31046	470.0	51.1875	89.25	0.005284793	707.90857	415
396.2044	438.5	119.5625	165.0	-0.005284793	707.90857	415
154.96967	330.0	95.3125	135.625	-0.005284793	707.90857	415
461.06146	451.25	133.125	167.375	0.005284793	707.90857	415
195.06578	288.0	39.875	100.375	0.005284793	707.90857	415
92.00394	469.0	113.375	179.25	0.005284793	707.90857	415
62.276367	621.5	28.234375	139.5	0.005284793	707.90857	415
236.99275	761.5	90.5	115.875	0.005284793	707.90857	415
229.15738	498.0	104.5	187.25	0.005284793	707.90857	415
98.093956	243.625	93.5	107.4375	0.005284793	707.90857	415
58.751217	226.625	38.15625	73.9375	0.005284793	707.90857	415
20.245642	530.0	136.0	161.0	0.005284793	707.90857	415
61.079487	249.25	90.9375	119.5	0.005284793	707.90857	415
135.60469	327.0	96.4375	120.5	-0.005284793	707.90857	415
136.35786	328.0	114.0625	137.375	0.005284793	707.90857	415
359.59268	433.25	147.875	210.75	0.005284793	707.90857	415
115.2714	422.25	107.4375	103.3125	0.005284793	707.90857	415
265.6994	352.25	126.25	135.875	-0.005284793	707.90857	415
331.2381	428.75	91.6875	133.625	0.005284793	707.90857	415
417.2747	503.25	46.0	82.75	0.005284793	707.90857	415
290.77838	415.75	77.5	122.9375	0.005284793	707.90857	415
158.79277	346.25	124.6875	148.0	0.005284793	707.90857	415
60.453106	365.0	119.3125	131.25	0.005284793	707.90857	415
196.8147	234.625	31.34375	76.0	0.005284793	707.90857	415
86.96538	711.5	44.03125	172.0	0.005284793	707.90857	415
470.3336	387.75	91.5625	145.25	0.005284793	707.90857	415
398.12537	418.0	111.3125	166.0	-0.005284793	707.90857	415
260.24377	258.25	68.75	117.875	0.005284793	707.90857	415
379.96933	332.25	143.75	130.625	-0.005284793	707.90857	415
386.5081	639.5	76.875	136.125	-0.005284793	707.90857	415
146.51889	467.25	82.875	160.25	0.005284793	707.90857	415
234.4339	247.5	58.34375	86.875	-0.005284793	707.90857	415
83.29345	205.625	163.75	85.6875	0.005284793	707.90857	415
202.03844	285.75	102.3125	115.0625	0.005284793	707.90857	415
65.67097	287.0	39.46875	96.8125	0.005284793	707.90857	415
57.720867	485.0	105.0625	185.75	0.005284793	707.90857	415
205.81125	369.25	125.625	189.125	0.005284793	707.90857	415
84.18504	284.5	109.875	114.875	0.005284793	707.90857	415
69.44069	604.0	164.0	29.90625	0.005284793	707.90857	415
429.74707	554.0	64.9375	155.0	0.005284793	707.90857	415
82.80638	575.5	96.875	186.75	0.005284793	707.90857	415
61.540207	426.25	152.625	193.0	0.005284793	707.90857	415
357.4486	393.75	78.1875	166.75	0.005284793	707.90857	415
239.2667	455.25	151.25	177.875	0.005284793	707.90857	415
103.240685	321.25	157.125	140.375	0.005284793	707.90857	415
391.7205	291.75	53.84375	98.8125	0.005284793	707.90857	415
174.3243	469.0	134.125	153.625	0.005284793	707.90857	415
164.31625	321.25	114.875	123.8125	0.005284793	707.90857	415
93.0462	268.25	27.21875	77.75	0.005284793	707.90857	415
247.08595	328.25	28.734375	121.0	0.005284793	707.90857	415
68.46028	389.5	98.125	168.25	0.005284793	707.90857	415
98.86573	327.5	69.6875	135.5	-0.005284793	707.90857	415
102.76657	347.0	113.6875	160.125	0.005284793	707.90857	415
161.60777	477.5	69.9375	128.125	0.005284793	707.90857	415
49.086937	421.75	156.0	189.625	0.005284793	707.90857	415
329.60275	424.0	79.875	154.875	0.005284793	707.90857	415
154.27065	249.875	66.0	79.8125	-0.005284793	707.90857	415
167.14557	240.0	34.5625	79.75	0.005284793	707.90857	415
418.21365	572.5	142.25	177.375	0.005284793	707.90857	415
127.74528	359.75	53.59375	174.125	-0.005284793	707.90857	415
56.590797	675.0	45.21875	84.125	0.005284793	707.90857	415
324.2537	379.5	47.34375	143.625	0.005284793	707.90857	415
326.386	695.0	27.859375	64.6875	0.005284793	707.90857	415
315.74435	377.0	30.578125	102.75	0.005284793	707.90857	415
118.933945	328.5	101.25	167.75	0.005284793	707.90857	415
233.08752	245.25	46.4375	79.0	0.005284793	707.90857	415
577.4951	441.0	56.71875	139.75	0.005284793	707.90857	415
156.73839	275.25	142.75	121.25	0.005284793	707.90857	415
86.92599	400.0	25.046875	100.3125	0.005284793	707.90857	415
457.18307	785.0	64.5625	139.0	0.005284793	707.90857	415
82.614624	326.5	138.875	129.75	0.005284793	707.90857	415
169.67465	336.5	118.375	164.375	-0.005284793	707.90857	415
244.71828	325.5	52.71875	100.875	0.005284793	707.90857	415
579.67737	825.0	62.75	180.625	0.005284793	707.90857	415
267.5954	265.25	37.625	101.5	0.005284793	707.90857	415
142.31279	490.0	118.5	175.625	0.005284793	707.90857	415
286.07776	296.25	84.375	138.0	-0.005284793	707.90857	415
116.78043	644.5	139.25	173.25	-0.005284793	707.90857	415
250.38219	372.0	73.5	181.0	-0.005284793	707.90857	415
180.13377	359.0	103.9375	121.4375	0.005284793	707.90857	415
60.906574	384.25	113.5625	130.625	0.005284793	707.90857	415
254.52002	253.25	99.875	116.1875	-0.005284793	707.90857	415
142.05896	817.5	52.46875	137.25	0.005284793	707.90857	415
503.46	633.5	48.15625	157.875	0.005284793	707.90857	415
70.21329	332.5	25.140625	123.6875	0.005284793	707.90857	415
108.076836	400.0	85.0625	131.5	0.005284793	707.90857	415
57.83083	450.5	94.25	113.9375	0.005284793	707.90857	415
92.51898	390.5	95.9375	153.25	0.005284793	707.90857	415
425.89267	445.5	85.625	92.8125	0.005284793	707.90857	415
175.8713	257.0	73.5625	80.0	0.005284793	707.90857	415
191.2803	325.5	80.875	102.1875	0.005284793	707.90857	415
470.0841	496.5	50.5625	14.765625	-0.005284793	707.90857	415
137.75214	359.25	57.0	130.25	0.005284793	707.90857	415
609.3996	574.5	82.5	175.0	-0.005284793	707.90857	415
187.43515	509.25	60.96875	86.5	-0.005284793	707.90857	415
131.2646	462.25	144.625	185.125	0.005284793	707.90857	415
90.62836	379.25	120.5625	152.0	0.005284793	707.90857	415
292.32983	511.5	66.4375	147.75	0.005284793	707.90857	415
407.71378	561.0	98.625	187.0	0.005284793	707.90857	415
87.039345	254.25	34.09375	74.6875	0.005284793	707.90857	415
303.95206	575.5	79.625	159.0	-0.005284793	707.90857	415
365.28735	553.0	159.25	208.875	0.005284793	707.90857	415
323.93985	342.75	32.5	131.875	0.005284793	707.90857	415
161.49309	456.5	113.875	168.375	0.005284793	707.90857	415
241.02428	319.0	132.75	164.125	0.005284793	707.90857	415
107.28113	310.5	110.6875	114.1875	0.005284793	707.90857	415
353.41873	303.75	92.75	91.8125	0.005284793	707.90857	415
261.3864	381.75	93.3125	146.5	0.005284793	707.90857	415
254.63857	420.0	28.3125	129.375	0.005284793	707.90857	415
154.91171	302.0	45.375	130.5	0.005284793	707.90857	415
224.92918	474.25	43.09375	182.125	0.005284793	707.90857	415
349.6881	242.125	132.75	113.75	0.005284793	707.90857	415
61.65361	337.25	67.0625	140.5	0.005284793	707.90857	415
156.91458	370.75	25.546875	84.0	0.005284793	707.90857	415
308.40997	386.25	85.25	148.0	-0.005284793	707.90857	415
150.48288	419.0	120.625	168.875	0.005284793	707.90857	415
377.67523	649.5	87.5625	109.1875	0.005284793	707.90857	415
156.49141	534.0	163.5	130.625	-0.005284793	707.90857	415
203.93039	324.0	35.46875	117.75	-0.005284793	707.90857	415
281.03632	532.0	81.9375	180.375	0.005284793	707.90857	415
164.86784	591.0	51.375	220.375	-0.005284793	707.90857	415
206.42804	618.5	33.09375	175.625	0.005284793	707.90857	415
247.40483	329.5	153.0	135.875	0.005284793	707.90857	415
214.49184	392.75	92.4375	183.625	-0.005284793	707.90857	415
32.264297	501.75	121.25	111.375	0.005284793	707.90857	415
65.00035	1200.0	88.625	87.625	0.005284793	707.90857	415
104.34409	238.5	115.6875	81.1875	0.005284793	707.90857	415
102.35379	531.0	59.3125	170.625	0.005284793	707.90857	415
181.576	295.0	36.71875	96.1875	0.005284793	707.90857	415
148.87297	303.0	93.0625	101.125	0.005284793	707.90857	415
73.37673	292.0	40.96875	131.875	0.005284793	707.90857	415
198.29877	369.5	46.0	137.25	0.005284793	707.90857	415
60.654804	398.75	34.65625	151.375	0.005284793	707.90857	415
375.57834	329.5	48.0625	124.5625	0.005284793	707.90857	415
193.25745	292.0	82.3125	100.3125	0.005284793	707.90857	415
191.95363	515.0	101.125	170.375	0.005284793	707.90857	415
241.69756	361.75	128.125	150.625	0.005284793	707.90857	415
101.69406	408.5	145.0	158.125	-0.005284793	707.90857	415
81.93179	333.0	83.625	146.125	0.005284793	707.90857	415
383.6805	455.25	36.40625	110.125	0.005284793	707.90857	415
310.5568	489.75	101.8125	158.25	-0.005284793	707.90857	415
308.47482	413.5	149.0	185.75	0.005284793	707.90857	415
394.35672	542.5	222.0	233.25	-0.005284793	707.90857	415
166.06094	272.0	31.859375	92.25	0.005284793	707.90857	415
76.95998	447.0	137.25	180.5	0.005284793	707.90857	415
94.52434	348.0	122.0	135.875	0.005284793	707.90857	415
83.29918	800.0	48.59375	150.75	0.005284793	707.90857	415
107.621605	221.125	118.75	103.0	0.005284793	707.90857	415
467.03427	376.5	100.3125	108.3125	0.005284793	707.90857	415
67.70484	225.875	129.875	58.5	0.005284793	707.90857	415
61.841278	251.125	60.4375	1.1933594	0.005284793	707.90857	415
52.46867	646.5	146.375	196.75	-0.005284793	707.90857	415
270.62274	548.5	67.9375	183.75	0.005284793	707.90857	415
63.224007	429.0	46.6875	119.0	0.005284793	707.90857	415
295.99115	504.0	90.1875	192.625	0.005284793	707.90857	415
97.75358	334.0	71.125	141.125	0.005284793	707.90857	415
103.345146	322.5	130.25	132.625	0.005284793	707.90857	415
70.02903	530.0	84.9375	159.125	0.005284793	707.90857	415
65.67715	303.0	32.21875	94.6875	0.005284793	707.90857	415
295.19244	367.5	59.75	111.125	0.005284793	707.90857	415
54.311512	476.25	107.625	177.625	0.005284793	707.90857	415
196.7974	395.0	118.1875	176.625	-0.005284793	707.90857	415
267.117	502.5	40.1875	166.875	0.005284793	707.90857	415
374.85815	628.5	116.75	266.0	-0.005284793	707.90857	415
135.35321	374.0	137.625	161.625	0.005284793	707.90857	415
328.2245	418.25	157.75	164.25	0.005284793	707.90857	415
413.44373	523.0	57.28125	96.125	0.005284793	707.90857	415
179.93275	332.25	68.1875	117.6875	0.005284793	707.90857	415
89.2903	298.75	27.03125	115.9375	0.005284793	707.90857	415
261.2977	250.125	92.375	97.0	0.005284793	707.90857	415
127.83096	298.0	130.375	130.5	0.005284793	707.90857	415
206.66812	240.25	51.6875	95.3125	0.005284793	707.90857	415
130.91437	452.25	28.890625	138.75	0.005284793	707.90857	415
192.93433	258.5	88.3125	112.375	0.005284793	707.90857	415
39.73478	446.0	144.25	174.875	0.005284793	707.90857	415
196.36438	362.0	75.8125	144.5	0.005284793	707.90857	415
216.44608	386.25	166.875	128.125	0.005284793	707.90857	415
209.31534	589.0	40.0625	169.25	0.005284793	707.90857	415
253.36041	420.25	114.1875	188.25	0.005284793	707.90857	415
58.036915	429.0	49.625	92.0	0.005284793	707.90857	415
454.72052	485.25	113.0625	190.375	0.005284793	707.90857	415
171.54433	215.625	63.3125	77.0625	0.005284793	707.90857	415
102.02037	561.0	115.5625	183.0	0.005284793	707.90857	415
124.0119	248.375	71.0	89.375	0.005284793	707.90857	415
303.85242	416.75	125.3125	139.75	0.005284793	707.90857	415
188.84071	754.5	81.875	193.0	0.005284793	707.90857	415
317.61563	393.0	59.625	99.75	0.005284793	707.90857	415
364.3321	550.5	59.375	91.125	0.005284793	707.90857	415
277.5365	362.5	78.3125	146.625	-0.005284793	707.90857	415
113.59536	313.25	114.75	28.65625	-0.005284793	707.90857	415
296.43497	380.0	142.625	187.25	0.005284793	707.90857	415
91.4637	348.5	113.4375	146.875	-0.005284793	707.90857	415
124.53789	246.125	50.21875	90.3125	-0.005284793	707.90857	415
156.46014	474.5	138.875	142.875	0.005284793	707.90857	415
191.3425	427.5	95.125	140.625	0.005284793	707.90857	415
86.17265	375.25	121.0625	152.0	0.005284793	707.90857	415
126.67838	242.5	62.78125	115.625	0.005284793	707.90857	415
221.33807	607.5	61.09375	147.75	0.005284793	707.90857	415
59.26796	372.0	93.875	120.5	-0.005284793	707.90857	415
42.598484	254.375	27.28125	100.25	0.005284793	707.90857	415
172.43904	298.25	89.0	108.5625	0.005284793	707.90857	415
72.93904	365.5	94.5625	140.0	0.005284793	707.90857	415
57.63539	320.0	89.9375	110.75	0.005284793	707.90857	415
58.223095	532.0	59.46875	116.0	-0.005284793	707.90857	415
170.46756	483.75	100.6875	172.0	0.005284793	707.90857	415
124.123375	437.5	58.59375	95.25	0.005284793	707.90857	415
72.247795	308.75	139.0	128.625	0.005284793	707.90857	415
468.16275	350.25	98.125	122.5625	-0.005284793	707.90857	415
151.3727	320.25	150.875	100.9375	-0.005284793	707.90857	415
241.1142	468.25	66.0	159.5	0.005284793	707.90857	415
288.8693	677.0	74.5625	168.375	0.005284793	707.90857	415
140.30092	359.0	51.71875	124.25	-0.005284793	707.90857	415
789.04443	506.5	73.1875	195.0	0.005284793	707.90857	415
51.776455	217.25	93.5625	6.7929688	0.005284793	707.90857	415
74.58633	208.5	33.1875	78.3125	0.005284793	707.90857	415
482.72906	997.5	28.796875	155.25	0.005284793	707.90857	415
287.5494	356.5	126.4375	114.5	-0.005284793	707.90857	415
90.946075	453.0	141.75	181.875	0.005284793	707.90857	415
249.76056	503.25	116.875	195.125	0.005284793	707.90857	415
412.71014	711.0	68.3125	174.875	0.005284793	707.90857	415
75.83712	230.75	55.625	65.25	-0.005284793	707.90857	415
180.95296	213.25	40.25	82.75	0.005284793	707.90857	415
42.039948	282.75	203.75	95.375	0.005284793	707.90857	415
329.1437	519.5	128.75	190.125	0.005284793	707.90857	415
180.24953	365.5	80.0625	101.875	-0.005284793	707.90857	415
206.99846	378.0	69.875	90.0625	0.005284793	707.90857	415
58.493526	238.75	75.1875	84.625	0.005284793	707.90857	415
59.72742	379.25	157.0	95.9375	0.005284793	707.90857	415
220.86	443.5	133.875	121.5	0.005284793	707.90857	415
141.7157	385.0	88.6875	159.875	-0.005284793	707.90857	415
571.51196	641.5	166.625	186.75	-0.005284793	707.90857	415
490.88718	517.0	172.125	195.125	0.005284793	707.90857	415
149.36641	356.5	131.75	121.3125	0.005284793	707.90857	415
255.29556	267.25	44.5	102.5	0.005284793	707.90857	415
137.4461	452.0	140.75	155.125	0.005284793	707.90857	415
365.87012	308.0	71.125	99.4375	-0.005284793	707.90857	415
391.93365	321.25	56.4375	112.6875	-0.005284793	707.90857	415
90.07855	352.75	144.75	149.875	0.005284793	707.90857	415
179.3949	319.0	78.5	133.125	-0.005284793	707.90857	415
83.09447	238.625	74.3125	91.875	-0.005284793	707.90857	415
173.47662	245.0	34.90625	64.6875	0.005284793	707.90857	415
140.43724	440.5	95.5	188.375	0.005284793	707.90857	415
162.99579	341.25	90.9375	142.125	0.005284793	707.90857	415
39.34698	352.5	99.5625	163.0	0.005284793	707.90857	415
142.05333	637.0	125.875	169.25	0.005284793	707.90857	415
99.749626	330.5	27.546875	126.625	0.005284793	707.90857	415
433.02673	279.75	34.28125	121.6875	-0.005284793	707.90857	415
79.11974	261.5	60.34375	92.125	0.005284793	707.90857	415
204.88116	358.25	100.75	181.5	-0.005284793	707.90857	415
