lep_pt	AK8_pt	genWeights	sumWeight	N_exp
286.74374	223.875	-2.8689086	225952.33	29118
56.516747	207.125	2.8689086	225952.33	29118
39.450264	252.375	-2.8689086	225952.33	29118
62.083908	234.125	2.8689086	225952.33	29118
65.39749	365.5	-2.8689086	225952.33	29118
105.21256	544.0	2.8689086	225952.33	29118
70.94549	242.125	-2.8689086	225952.33	29118
48.678795	233.625	-2.8689086	225952.33	29118
112.34047	346.0	-2.8689086	225952.33	29118
140.84102	222.5	2.8689086	225952.33	29118
61.38282	201.375	2.8689086	225952.33	29118
100.78794	458.25	-2.8689086	225952.33	29118
203.37794	587.0	2.8689086	225952.33	29118
74.46189	361.0	2.8689086	225952.33	29118
102.05505	223.5	2.8689086	225952.33	29118
85.75455	455.5	2.8689086	225952.33	29118
67.354515	215.375	-2.8689086	225952.33	29118
48.517845	210.625	2.8689086	225952.33	29118
32.30741	322.25	2.8689086	225952.33	29118
73.093636	340.0	-2.8689086	225952.33	29118
80.458565	207.5	2.8689086	225952.33	29118
57.74155	244.5	2.8689086	225952.33	29118
130.0221	211.875	2.8689086	225952.33	29118
87.11943	274.25	2.8689086	225952.33	29118
50.775978	213.625	-2.8689086	225952.33	29118
16.166084	233.75	-2.8689086	225952.33	29118
122.984245	682.0	2.8689086	225952.33	29118
94.297005	247.875	2.8689086	225952.33	29118
223.50696	616.5	2.8689086	225952.33	29118
95.044914	240.0	2.8689086	225952.33	29118
272.4729	320.0	-2.8689086	225952.33	29118
73.08359	228.875	2.8689086	225952.33	29118
100.90436	603.0	-2.8689086	225952.33	29118
76.84524	295.0	2.8689086	225952.33	29118
41.729546	284.75	2.8689086	225952.33	29118
197.95683	691.5	2.8689086	225952.33	29118
44.3731	293.0	2.8689086	225952.33	29118
163.00807	255.0	2.8689086	225952.33	29118
116.54268	436.25	2.8689086	225952.33	29118
84.601845	225.625	2.8689086	225952.33	29118
82.65816	226.875	2.8689086	225952.33	29118
59.212692	212.0	-2.8689086	225952.33	29118
102.72002	218.625	2.8689086	225952.33	29118
18.14039	261.25	2.8689086	225952.33	29118
68.027245	314.5	2.8689086	225952.33	29118
74.1471	217.625	-2.8689086	225952.33	29118
68.2555	245.625	-2.8689086	225952.33	29118
200.50198	359.5	2.8689086	225952.33	29118
109.896225	232.75	2.8689086	225952.33	29118
68.05978	225.0	2.8689086	225952.33	29118
32.24673	260.75	2.8689086	225952.33	29118
101.00492	247.5	-2.8689086	225952.33	29118
79.36258	440.0	2.8689086	225952.33	29118
103.883705	283.75	2.8689086	225952.33	29118
117.55482	303.5	2.8689086	225952.33	29118
38.609512	358.75	-2.8689086	225952.33	29118
103.53562	210.875	2.8689086	225952.33	29118
149.12231	318.25	-2.8689086	225952.33	29118
65.15743	342.25	2.8689086	225952.33	29118
27.12773	371.75	2.8689086	225952.33	29118
122.33613	258.5	-2.8689086	225952.33	29118
377.5755	200.125	2.8689086	225952.33	29118
101.426956	377.5	2.8689086	225952.33	29118
71.22504	222.375	-2.8689086	225952.33	29118
100.06167	226.375	2.8689086	225952.33	29118
47.570305	291.75	2.8689086	225952.33	29118
31.251526	252.0	2.8689086	225952.33	29118
96.73969	243.125	2.8689086	225952.33	29118
145.7378	202.75	-2.8689086	225952.33	29118
92.19765	255.125	-2.8689086	225952.33	29118
20.95037	201.875	-2.8689086	225952.33	29118
41.697994	223.0	-2.8689086	225952.33	29118
280.56192	493.75	2.8689086	225952.33	29118
197.80048	395.5	-2.8689086	225952.33	29118
132.66812	457.5	-2.8689086	225952.33	29118
59.783375	212.625	2.8689086	225952.33	29118
74.404015	216.0	2.8689086	225952.33	29118
54.947243	202.875	2.8689086	225952.33	29118
39.887535	255.5	2.8689086	225952.33	29118
75.82754	253.5	2.8689086	225952.33	29118
100.661064	298.0	2.8689086	225952.33	29118
227.37962	636.0	2.8689086	225952.33	29118
101.91732	247.5	-2.8689086	225952.33	29118
34.68117	343.75	2.8689086	225952.33	29118
65.68295	204.75	2.8689086	225952.33	29118
49.727924	263.0	-2.8689086	225952.33	29118
80.49351	236.75	2.8689086	225952.33	29118
44.174305	292.5	2.8689086	225952.33	29118
24.928001	232.875	-2.8689086	225952.33	29118
44.913967	213.625	-2.8689086	225952.33	29118
143.62772	284.5	2.8689086	225952.33	29118
48.31017	285.75	-2.8689086	225952.33	29118
21.533092	220.75	2.8689086	225952.33	29118
33.922367	200.5	2.8689086	225952.33	29118
20.702927	211.0	-2.8689086	225952.33	29118
82.97648	330.0	2.8689086	225952.33	29118
50.827923	321.25	-2.8689086	225952.33	29118
61.20382	387.25	-2.8689086	225952.33	29118
24.152433	392.75	-2.8689086	225952.33	29118
27.17383	242.375	2.8689086	225952.33	29118
137.75148	364.5	2.8689086	225952.33	29118
92.05913	304.5	2.8689086	225952.33	29118
100.0915	212.625	-2.8689086	225952.33	29118
442.93723	508.5	2.8689086	225952.33	29118
38.884262	218.625	2.8689086	225952.33	29118
160.32448	328.25	2.8689086	225952.33	29118
72.11975	362.75	2.8689086	225952.33	29118
70.23278	488.5	2.8689086	225952.33	29118
42.487743	254.25	2.8689086	225952.33	29118
161.45961	544.5	-2.8689086	225952.33	29118
203.44843	206.25	2.8689086	225952.33	29118
28.953	345.5	2.8689086	225952.33	29118
54.365486	276.75	-2.8689086	225952.33	29118
122.4975	231.375	2.8689086	225952.33	29118
70.368385	271.25	2.8689086	225952.33	29118
221.79366	288.5	-2.8689086	225952.33	29118
113.92313	226.375	2.8689086	225952.33	29118
135.72081	276.0	2.8689086	225952.33	29118
175.35165	599.5	2.8689086	225952.33	29118
61.50024	251.5	2.8689086	225952.33	29118
109.05416	653.5	2.8689086	225952.33	29118
66.37079	294.0	2.8689086	225952.33	29118
66.975525	209.5	2.8689086	225952.33	29118
168.04039	229.5	2.8689086	225952.33	29118
119.94876	217.625	2.8689086	225952.33	29118
69.74874	221.125	-2.8689086	225952.33	29118
208.74352	246.0	-2.8689086	225952.33	29118
136.34204	348.0	-2.8689086	225952.33	29118
44.8012	224.375	2.8689086	225952.33	29118
73.1426	249.125	2.8689086	225952.33	29118
244.78789	414.25	2.8689086	225952.33	29118
71.20598	345.5	2.8689086	225952.33	29118
78.27889	338.25	2.8689086	225952.33	29118
64.73194	536.5	-2.8689086	225952.33	29118
331.14917	881.5	2.8689086	225952.33	29118
93.88229	383.5	2.8689086	225952.33	29118
46.2063	240.25	-2.8689086	225952.33	29118
82.82807	271.75	2.8689086	225952.33	29118
57.848625	521.5	2.8689086	225952.33	29118
44.16225	440.0	2.8689086	225952.33	29118
88.00835	629.5	2.8689086	225952.33	29118
83.37756	473.5	2.8689086	225952.33	29118
108.403275	316.5	-2.8689086	225952.33	29118
92.631485	471.5	2.8689086	225952.33	29118
25.875206	220.125	-2.8689086	225952.33	29118
84.907715	219.375	-2.8689086	225952.33	29118
53.820797	221.625	2.8689086	225952.33	29118
16.049982	609.0	2.8689086	225952.33	29118
89.31808	313.5	2.8689086	225952.33	29118
59.964405	265.75	-2.8689086	225952.33	29118
25.391209	210.25	-2.8689086	225952.33	29118
40.192776	283.25	2.8689086	225952.33	29118
111.174736	210.0	2.8689086	225952.33	29118
195.0009	243.375	-2.8689086	225952.33	29118
109.489845	216.625	2.8689086	225952.33	29118
80.90391	431.5	2.8689086	225952.33	29118
122.56384	575.0	2.8689086	225952.33	29118
92.82481	236.125	-2.8689086	225952.33	29118
105.94101	218.25	-2.8689086	225952.33	29118
190.79776	526.5	2.8689086	225952.33	29118
49.056213	416.5	2.8689086	225952.33	29118
62.130367	290.75	2.8689086	225952.33	29118
140.63875	542.0	2.8689086	225952.33	29118
54.311886	282.5	2.8689086	225952.33	29118
30.022318	209.625	2.8689086	225952.33	29118
90.53751	326.5	2.8689086	225952.33	29118
43.897823	281.25	2.8689086	225952.33	29118
92.9923	225.125	2.8689086	225952.33	29118
87.07668	204.75	2.8689086	225952.33	29118
49.33977	300.5	2.8689086	225952.33	29118
205.33566	384.25	2.8689086	225952.33	29118
62.845642	262.5	2.8689086	225952.33	29118
115.79399	449.5	2.8689086	225952.33	29118
124.35884	254.0	2.8689086	225952.33	29118
194.11972	237.0	-2.8689086	225952.33	29118
159.12816	342.25	2.8689086	225952.33	29118
96.392006	211.125	2.8689086	225952.33	29118
75.08721	202.625	-2.8689086	225952.33	29118
184.93874	367.5	-2.8689086	225952.33	29118
20.227154	268.5	-2.8689086	225952.33	29118
89.61077	215.625	-2.8689086	225952.33	29118
76.54859	274.25	-2.8689086	225952.33	29118
118.446365	358.5	-2.8689086	225952.33	29118
153.46805	206.5	2.8689086	225952.33	29118
31.78944	379.75	2.8689086	225952.33	29118
122.69743	300.0	2.8689086	225952.33	29118
17.241241	367.5	2.8689086	225952.33	29118
55.738262	227.75	-2.8689086	225952.33	29118
73.291885	333.75	2.8689086	225952.33	29118
37.853874	230.0	-2.8689086	225952.33	29118
215.14296	399.75	2.8689086	225952.33	29118
79.45678	205.25	-2.8689086	225952.33	29118
108.78417	219.75	-2.8689086	225952.33	29118
24.02969	234.875	-2.8689086	225952.33	29118
81.18028	200.75	2.8689086	225952.33	29118
63.68468	207.375	2.8689086	225952.33	29118
40.165253	208.625	2.8689086	225952.33	29118
55.18245	390.0	-2.8689086	225952.33	29118
27.41671	275.0	2.8689086	225952.33	29118
29.720404	237.125	-2.8689086	225952.33	29118
155.1591	530.0	2.8689086	225952.33	29118
230.96956	336.75	2.8689086	225952.33	29118
101.13048	225.75	-2.8689086	225952.33	29118
61.79847	209.75	-2.8689086	225952.33	29118
192.66525	333.75	-2.8689086	225952.33	29118
156.42793	245.875	2.8689086	225952.33	29118
163.77823	233.5	-2.8689086	225952.33	29118
52.721222	203.5	2.8689086	225952.33	29118
56.633472	723.5	2.8689086	225952.33	29118
58.610477	212.25	2.8689086	225952.33	29118
51.03707	333.75	2.8689086	225952.33	29118
183.39217	354.75	-2.8689086	225952.33	29118
52.677998	200.125	2.8689086	225952.33	29118
45.45727	230.625	2.8689086	225952.33	29118
86.205345	532.5	2.8689086	225952.33	29118
40.89038	515.5	2.8689086	225952.33	29118
204.13087	525.5	2.8689086	225952.33	29118
100.930435	239.625	2.8689086	225952.33	29118
60.46306	315.75	2.8689086	225952.33	29118
116.75975	326.75	2.8689086	225952.33	29118
33.79008	252.875	2.8689086	225952.33	29118
45.088696	252.75	-2.8689086	225952.33	29118
127.66577	433.5	2.8689086	225952.33	29118
123.914925	377.75	-2.8689086	225952.33	29118
66.20966	235.5	2.8689086	225952.33	29118
22.546354	228.25	2.8689086	225952.33	29118
40.011177	208.375	2.8689086	225952.33	29118
56.50976	236.375	2.8689086	225952.33	29118
140.89087	315.75	2.8689086	225952.33	29118
55.148983	391.25	2.8689086	225952.33	29118
43.726906	217.5	2.8689086	225952.33	29118
92.42636	203.875	2.8689086	225952.33	29118
52.292263	241.25	2.8689086	225952.33	29118
78.76	282.0	-2.8689086	225952.33	29118
89.621925	437.75	2.8689086	225952.33	29118
142.35812	656.0	2.8689086	225952.33	29118
172.62642	261.0	2.8689086	225952.33	29118
75.37532	214.5	2.8689086	225952.33	29118
100.18194	314.0	-2.8689086	225952.33	29118
176.333	445.5	2.8689086	225952.33	29118
41.458828	452.0	2.8689086	225952.33	29118
78.330414	238.25	2.8689086	225952.33	29118
34.515423	250.375	2.8689086	225952.33	29118
72.491234	208.75	-2.8689086	225952.33	29118
53.280647	240.875	-2.8689086	225952.33	29118
21.825327	246.875	2.8689086	225952.33	29118
87.23529	229.25	-2.8689086	225952.33	29118
32.371475	281.5	2.8689086	225952.33	29118
109.47458	238.5	2.8689086	225952.33	29118
160.49756	342.25	2.8689086	225952.33	29118
89.58031	226.375	-2.8689086	225952.33	29118
45.95851	344.75	2.8689086	225952.33	29118
147.72893	291.5	-2.8689086	225952.33	29118
46.785007	219.5	2.8689086	225952.33	29118
225.95917	236.25	2.8689086	225952.33	29118
72.41273	241.5	-2.8689086	225952.33	29118
54.51016	222.125	2.8689086	225952.33	29118
144.49521	231.75	2.8689086	225952.33	29118
145.71701	256.5	2.8689086	225952.33	29118
48.444733	459.0	-2.8689086	225952.33	29118
48.09764	255.75	2.8689086	225952.33	29118
68.41422	221.75	2.8689086	225952.33	29118
42.01445	242.625	2.8689086	225952.33	29118
98.550804	301.25	2.8689086	225952.33	29118
108.79685	219.0	2.8689086	225952.33	29118
87.68243	368.5	2.8689086	225952.33	29118
87.98295	513.0	2.8689086	225952.33	29118
79.366425	462.25	2.8689086	225952.33	29118
36.712246	308.5	2.8689086	225952.33	29118
26.98172	336.5	-2.8689086	225952.33	29118
44.071213	302.75	-2.8689086	225952.33	29118
32.160553	231.375	-2.8689086	225952.33	29118
223.31993	378.0	-2.8689086	225952.33	29118
53.26383	261.0	-2.8689086	225952.33	29118
58.294613	279.25	2.8689086	225952.33	29118
246.93729	422.5	2.8689086	225952.33	29118
36.539562	200.125	2.8689086	225952.33	29118
22.971771	288.25	-2.8689086	225952.33	29118
61.17944	231.125	-2.8689086	225952.33	29118
108.298904	480.75	-2.8689086	225952.33	29118
77.89901	373.5	2.8689086	225952.33	29118
70.0112	264.25	2.8689086	225952.33	29118
26.464075	209.625	2.8689086	225952.33	29118
128.53162	471.75	-2.8689086	225952.33	29118
98.91771	301.25	2.8689086	225952.33	29118
87.8954	246.5	2.8689086	225952.33	29118
86.0214	322.75	2.8689086	225952.33	29118
33.989933	316.75	2.8689086	225952.33	29118
43.139694	310.5	-2.8689086	225952.33	29118
69.22557	201.5	-2.8689086	225952.33	29118
59.77442	291.0	-2.8689086	225952.33	29118
85.535645	204.375	-2.8689086	225952.33	29118
84.55169	211.875	2.8689086	225952.33	29118
55.290657	281.75	2.8689086	225952.33	29118
128.60394	264.25	-2.8689086	225952.33	29118
74.64614	247.75	2.8689086	225952.33	29118
88.08366	234.875	-2.8689086	225952.33	29118
18.532263	293.5	2.8689086	225952.33	29118
48.54314	214.625	2.8689086	225952.33	29118
140.20738	357.5	2.8689086	225952.33	29118
163.8651	375.25	2.8689086	225952.33	29118
163.45236	366.5	2.8689086	225952.33	29118
82.51526	425.75	2.8689086	225952.33	29118
161.42705	309.75	2.8689086	225952.33	29118
140.40936	205.875	2.8689086	225952.33	29118
29.054655	321.0	-2.8689086	225952.33	29118
122.555336	226.25	2.8689086	225952.33	29118
82.54786	365.25	2.8689086	225952.33	29118
90.831825	262.25	2.8689086	225952.33	29118
32.093384	329.75	-2.8689086	225952.33	29118
72.5307	419.5	-2.8689086	225952.33	29118
183.01654	206.875	2.8689086	225952.33	29118
201.03413	312.75	2.8689086	225952.33	29118
335.65945	625.0	-2.8689086	225952.33	29118
59.283993	243.75	2.8689086	225952.33	29118
53.5929	239.125	2.8689086	225952.33	29118
67.76932	325.0	2.8689086	225952.33	29118
360.92114	365.5	2.8689086	225952.33	29118
61.972305	805.0	2.8689086	225952.33	29118
443.291	522.0	-2.8689086	225952.33	29118
306.85593	623.5	2.8689086	225952.33	29118
159.51569	308.75	-2.8689086	225952.33	29118
103.17413	321.5	2.8689086	225952.33	29118
157.11311	505.5	2.8689086	225952.33	29118
69.9208	203.0	-2.8689086	225952.33	29118
80.94637	352.75	2.8689086	225952.33	29118
105.66847	374.5	-2.8689086	225952.33	29118
106.5403	346.75	2.8689086	225952.33	29118
69.57299	247.125	2.8689086	225952.33	29118
17.486015	292.5	-2.8689086	225952.33	29118
36.061615	239.875	2.8689086	225952.33	29118
135.46939	244.25	-2.8689086	225952.33	29118
64.355064	292.25	2.8689086	225952.33	29118
52.26248	313.75	2.8689086	225952.33	29118
47.87494	238.25	2.8689086	225952.33	29118
58.818146	349.0	-2.8689086	225952.33	29118
58.763435	214.25	-2.8689086	225952.33	29118
53.13665	330.0	-2.8689086	225952.33	29118
45.63441	388.25	-2.8689086	225952.33	29118
48.569553	223.125	2.8689086	225952.33	29118
85.4507	222.125	2.8689086	225952.33	29118
81.87852	314.0	-2.8689086	225952.33	29118
52.537434	489.75	-2.8689086	225952.33	29118
67.30854	207.0	-2.8689086	225952.33	29118
103.92059	330.0	-2.8689086	225952.33	29118
57.374424	313.75	2.8689086	225952.33	29118
82.85134	215.125	2.8689086	225952.33	29118
121.735115	420.5	2.8689086	225952.33	29118
58.284607	305.75	2.8689086	225952.33	29118
93.877144	206.375	2.8689086	225952.33	29118
83.22663	635.0	2.8689086	225952.33	29118
22.737438	234.0	2.8689086	225952.33	29118
183.81367	472.5	2.8689086	225952.33	29118
28.416258	258.0	2.8689086	225952.33	29118
148.39764	391.5	-2.8689086	225952.33	29118
523.9825	835.5	2.8689086	225952.33	29118
143.09868	318.0	2.8689086	225952.33	29118
182.48651	201.625	2.8689086	225952.33	29118
22.368668	281.75	2.8689086	225952.33	29118
231.51865	259.75	-2.8689086	225952.33	29118
81.83758	581.5	2.8689086	225952.33	29118
70.83113	288.0	2.8689086	225952.33	29118
146.9826	478.5	-2.8689086	225952.33	29118
135.10608	633.5	2.8689086	225952.33	29118
50.750214	269.75	2.8689086	225952.33	29118
43.988983	205.0	-2.8689086	225952.33	29118
44.023674	230.75	2.8689086	225952.33	29118
150.6583	233.125	-2.8689086	225952.33	29118
102.14515	260.0	-2.8689086	225952.33	29118
205.6778	349.5	2.8689086	225952.33	29118
72.4401	440.0	-2.8689086	225952.33	29118
44.66975	430.25	-2.8689086	225952.33	29118
56.203667	223.375	2.8689086	225952.33	29118
36.374763	278.25	-2.8689086	225952.33	29118
157.90129	300.25	-2.8689086	225952.33	29118
27.42659	200.625	2.8689086	225952.33	29118
23.211159	289.75	-2.8689086	225952.33	29118
68.59781	213.625	2.8689086	225952.33	29118
57.187813	222.625	2.8689086	225952.33	29118
52.122086	312.5	2.8689086	225952.33	29118
37.951416	385.75	2.8689086	225952.33	29118
349.355	201.125	2.8689086	225952.33	29118
20.988207	383.25	-2.8689086	225952.33	29118
156.92566	699.5	2.8689086	225952.33	29118
100.05819	402.25	-2.8689086	225952.33	29118
86.25867	335.5	2.8689086	225952.33	29118
103.82968	558.5	-2.8689086	225952.33	29118
106.82409	252.875	2.8689086	225952.33	29118
30.38449	209.125	2.8689086	225952.33	29118
189.85008	364.25	2.8689086	225952.33	29118
38.25743	285.5	2.8689086	225952.33	29118
109.04986	285.75	2.8689086	225952.33	29118
39.994255	224.25	2.8689086	225952.33	29118
56.454727	1026.0	-2.8689086	225952.33	29118
180.30246	216.125	-2.8689086	225952.33	29118
80.08773	270.5	-2.8689086	225952.33	29118
101.705635	299.5	-2.8689086	225952.33	29118
95.38472	334.0	-2.8689086	225952.33	29118
41.560432	228.25	-2.8689086	225952.33	29118
100.164	259.25	2.8689086	225952.33	29118
43.532288	341.25	2.8689086	225952.33	29118
110.13822	217.5	2.8689086	225952.33	29118
47.290306	340.75	2.8689086	225952.33	29118
40.099007	220.25	-2.8689086	225952.33	29118
23.939554	372.5	2.8689086	225952.33	29118
90.5866	418.75	2.8689086	225952.33	29118
80.42164	329.75	2.8689086	225952.33	29118
25.506596	413.25	2.8689086	225952.33	29118
145.05385	490.5	2.8689086	225952.33	29118
145.15477	314.5	2.8689086	225952.33	29118
58.423683	216.0	2.8689086	225952.33	29118
46.215157	548.0	2.8689086	225952.33	29118
33.837254	316.0	2.8689086	225952.33	29118
65.85577	546.5	2.8689086	225952.33	29118
27.392452	258.5	2.8689086	225952.33	29118
61.00286	309.75	-2.8689086	225952.33	29118
47.960728	247.375	2.8689086	225952.33	29118
182.7432	479.25	2.8689086	225952.33	29118
60.424706	249.875	-2.8689086	225952.33	29118
113.51841	378.5	2.8689086	225952.33	29118
51.31922	218.625	-2.8689086	225952.33	29118
295.17004	446.0	-2.8689086	225952.33	29118
47.14155	242.25	2.8689086	225952.33	29118
35.264942	204.125	2.8689086	225952.33	29118
62.95046	213.25	2.8689086	225952.33	29118
157.55867	689.5	2.8689086	225952.33	29118
134.7942	219.25	2.8689086	225952.33	29118
166.1255	459.25	-2.8689086	225952.33	29118
64.394905	210.5	-2.8689086	225952.33	29118
99.91281	355.5	2.8689086	225952.33	29118
40.07161	219.0	-2.8689086	225952.33	29118
31.977465	219.875	-2.8689086	225952.33	29118
40.219837	343.5	2.8689086	225952.33	29118
107.5014	393.75	-2.8689086	225952.33	29118
247.03519	686.5	-2.8689086	225952.33	29118
75.638855	210.125	2.8689086	225952.33	29118
83.80513	559.5	2.8689086	225952.33	29118
26.415272	312.0	2.8689086	225952.33	29118
102.54047	558.5	-2.8689086	225952.33	29118
53.35579	201.375	-2.8689086	225952.33	29118
58.77838	289.25	2.8689086	225952.33	29118
76.327446	220.625	-2.8689086	225952.33	29118
75.99193	303.75	-2.8689086	225952.33	29118
118.54357	201.25	2.8689086	225952.33	29118
120.995476	348.5	2.8689086	225952.33	29118
71.60859	296.25	2.8689086	225952.33	29118
84.673195	267.25	-2.8689086	225952.33	29118
90.5188	291.5	2.8689086	225952.33	29118
53.26401	248.375	-2.8689086	225952.33	29118
202.72227	473.0	-2.8689086	225952.33	29118
36.401886	220.75	2.8689086	225952.33	29118
44.914043	299.5	-2.8689086	225952.33	29118
39.713688	349.75	2.8689086	225952.33	29118
59.96846	297.0	-2.8689086	225952.33	29118
60.796005	640.5	2.8689086	225952.33	29118
105.3747	338.25	2.8689086	225952.33	29118
84.65628	525.5	-2.8689086	225952.33	29118
178.11568	366.0	-2.8689086	225952.33	29118
100.53945	232.625	2.8689086	225952.33	29118
67.127304	209.875	2.8689086	225952.33	29118
88.51062	294.5	2.8689086	225952.33	29118
125.464775	336.5	-2.8689086	225952.33	29118
38.337112	205.375	2.8689086	225952.33	29118
44.148487	218.25	2.8689086	225952.33	29118
30.997686	236.75	-2.8689086	225952.33	29118
60.591587	233.25	2.8689086	225952.33	29118
36.127796	253.75	-2.8689086	225952.33	29118
42.88811	349.75	2.8689086	225952.33	29118
59.733994	225.25	2.8689086	225952.33	29118
58.171654	286.0	2.8689086	225952.33	29118
142.48767	216.125	2.8689086	225952.33	29118
140.38934	217.0	2.8689086	225952.33	29118
163.46114	406.5	-2.8689086	225952.33	29118
54.713978	251.75	2.8689086	225952.33	29118
143.47105	269.25	2.8689086	225952.33	29118
110.201454	264.75	2.8689086	225952.33	29118
103.38808	338.5	2.8689086	225952.33	29118
57.45532	394.0	-2.8689086	225952.33	29118
201.09526	360.25	2.8689086	225952.33	29118
196.51558	478.75	2.8689086	225952.33	29118
45.621616	483.25	2.8689086	225952.33	29118
83.35274	379.5	2.8689086	225952.33	29118
36.72033	276.75	2.8689086	225952.33	29118
31.104445	262.0	2.8689086	225952.33	29118
24.599163	249.75	-2.8689086	225952.33	29118
57.567055	269.25	2.8689086	225952.33	29118
51.556004	346.0	2.8689086	225952.33	29118
87.46247	706.5	2.8689086	225952.33	29118
21.800491	254.875	2.8689086	225952.33	29118
108.44854	642.5	2.8689086	225952.33	29118
85.551384	215.875	2.8689086	225952.33	29118
52.395912	342.0	2.8689086	225952.33	29118
71.12179	338.0	2.8689086	225952.33	29118
203.90936	519.5	-2.8689086	225952.33	29118
48.11047	428.0	2.8689086	225952.33	29118
98.77559	348.75	2.8689086	225952.33	29118
45.74048	244.5	2.8689086	225952.33	29118
75.81845	259.75	2.8689086	225952.33	29118
240.61494	764.5	-2.8689086	225952.33	29118
95.75986	377.0	2.8689086	225952.33	29118
82.374626	217.75	2.8689086	225952.33	29118
64.92965	272.0	2.8689086	225952.33	29118
178.28107	327.75	2.8689086	225952.33	29118
134.88074	233.875	-2.8689086	225952.33	29118
51.551212	624.0	2.8689086	225952.33	29118
83.61481	270.75	-2.8689086	225952.33	29118
42.781017	218.5	-2.8689086	225952.33	29118
68.49421	295.0	2.8689086	225952.33	29118
18.242714	211.625	-2.8689086	225952.33	29118
68.52877	242.75	2.8689086	225952.33	29118
27.3269	293.75	-2.8689086	225952.33	29118
74.94949	281.25	2.8689086	225952.33	29118
124.858696	354.5	2.8689086	225952.33	29118
46.870144	486.75	2.8689086	225952.33	29118
58.659904	271.0	2.8689086	225952.33	29118
78.61932	237.75	-2.8689086	225952.33	29118
134.8866	231.25	2.8689086	225952.33	29118
116.59042	277.0	2.8689086	225952.33	29118
41.103367	214.625	-2.8689086	225952.33	29118
305.3414	634.5	-2.8689086	225952.33	29118
115.04206	213.0	-2.8689086	225952.33	29118
92.2664	217.25	-2.8689086	225952.33	29118
66.64828	352.25	-2.8689086	225952.33	29118
97.672806	215.125	2.8689086	225952.33	29118
97.233154	367.25	2.8689086	225952.33	29118
244.80852	309.25	2.8689086	225952.33	29118
36.958916	215.5	2.8689086	225952.33	29118
144.0812	356.75	2.8689086	225952.33	29118
53.48336	353.75	2.8689086	225952.33	29118
151.0775	202.125	2.8689086	225952.33	29118
146.78062	552.5	2.8689086	225952.33	29118
58.575806	356.75	2.8689086	225952.33	29118
91.13073	253.0	2.8689086	225952.33	29118
239.10655	273.5	-2.8689086	225952.33	29118
206.61281	590.0	2.8689086	225952.33	29118
77.55137	268.25	2.8689086	225952.33	29118
31.85101	317.0	-2.8689086	225952.33	29118
57.025726	207.125	2.8689086	225952.33	29118
46.38019	219.875	2.8689086	225952.33	29118
24.802696	201.5	-2.8689086	225952.33	29118
28.306555	348.25	2.8689086	225952.33	29118
146.7852	211.25	2.8689086	225952.33	29118
52.728733	288.0	2.8689086	225952.33	29118
89.84093	443.0	-2.8689086	225952.33	29118
244.72018	632.0	-2.8689086	225952.33	29118
23.087757	507.0	2.8689086	225952.33	29118
25.468739	478.75	2.8689086	225952.33	29118
75.01736	308.0	2.8689086	225952.33	29118
30.411312	213.375	2.8689086	225952.33	29118
113.008	294.5	2.8689086	225952.33	29118
64.14775	222.5	2.8689086	225952.33	29118
30.63063	367.25	-2.8689086	225952.33	29118
53.510998	312.0	2.8689086	225952.33	29118
67.3686	217.0	-2.8689086	225952.33	29118
86.77354	334.5	2.8689086	225952.33	29118
26.917381	309.0	2.8689086	225952.33	29118
345.7384	347.5	-2.8689086	225952.33	29118
178.83505	217.0	-2.8689086	225952.33	29118
67.63812	247.125	2.8689086	225952.33	29118
138.92607	322.0	2.8689086	225952.33	29118
65.55667	363.25	2.8689086	225952.33	29118
65.54439	300.25	-2.8689086	225952.33	29118
46.116352	236.375	2.8689086	225952.33	29118
251.4072	441.5	2.8689086	225952.33	29118
73.41472	290.25	2.8689086	225952.33	29118
108.43897	353.5	2.8689086	225952.33	29118
82.95055	314.0	2.8689086	225952.33	29118
92.57339	327.0	2.8689086	225952.33	29118
90.15993	205.25	2.8689086	225952.33	29118
55.669292	294.0	2.8689086	225952.33	29118
33.975426	234.25	2.8689086	225952.33	29118
23.013748	207.375	2.8689086	225952.33	29118
45.54539	282.0	-2.8689086	225952.33	29118
99.400215	347.75	2.8689086	225952.33	29118
57.787743	437.25	2.8689086	225952.33	29118
69.60963	329.75	2.8689086	225952.33	29118
77.263885	344.0	-2.8689086	225952.33	29118
71.643036	281.75	2.8689086	225952.33	29118
180.58461	282.5	2.8689086	225952.33	29118
140.97942	224.625	2.8689086	225952.33	29118
43.363056	677.5	-2.8689086	225952.33	29118
94.6261	208.0	2.8689086	225952.33	29118
116.71253	220.375	-2.8689086	225952.33	29118
96.86178	217.625	-2.8689086	225952.33	29118
122.339935	429.0	2.8689086	225952.33	29118
127.50243	417.5	2.8689086	225952.33	29118
125.14489	218.25	2.8689086	225952.33	29118
93.08758	349.0	2.8689086	225952.33	29118
29.054031	203.875	2.8689086	225952.33	29118
46.977077	456.25	2.8689086	225952.33	29118
29.975456	269.25	-2.8689086	225952.33	29118
161.71954	284.0	2.8689086	225952.33	29118
97.02675	525.0	-2.8689086	225952.33	29118
211.09938	619.0	-2.8689086	225952.33	29118
143.21295	369.0	-2.8689086	225952.33	29118
293.7833	305.0	2.8689086	225952.33	29118
242.95671	381.75	2.8689086	225952.33	29118
32.218525	291.0	-2.8689086	225952.33	29118
55.62959	447.0	-2.8689086	225952.33	29118
118.1642	485.25	2.8689086	225952.33	29118
112.64965	570.5	2.8689086	225952.33	29118
44.6444	287.5	2.8689086	225952.33	29118
23.21851	206.25	2.8689086	225952.33	29118
26.933556	362.25	-2.8689086	225952.33	29118
310.28464	255.5	2.8689086	225952.33	29118
110.58983	366.25	-2.8689086	225952.33	29118
60.29204	306.0	2.8689086	225952.33	29118
70.29055	215.75	2.8689086	225952.33	29118
97.32953	397.0	-2.8689086	225952.33	29118
71.14265	308.0	-2.8689086	225952.33	29118
20.05018	313.5	2.8689086	225952.33	29118
39.423786	261.75	2.8689086	225952.33	29118
215.64955	276.25	2.8689086	225952.33	29118
36.67394	355.25	2.8689086	225952.33	29118
62.812054	418.5	2.8689086	225952.33	29118
53.569656	238.5	2.8689086	225952.33	29118
33.112743	225.875	-2.8689086	225952.33	29118
81.732925	238.25	2.8689086	225952.33	29118
189.12914	274.5	-2.8689086	225952.33	29118
77.439476	234.625	2.8689086	225952.33	29118
77.65745	215.375	-2.8689086	225952.33	29118
104.96743	228.625	2.8689086	225952.33	29118
51.022488	295.75	-2.8689086	225952.33	29118
59.676125	301.5	-2.8689086	225952.33	29118
67.61668	211.875	-2.8689086	225952.33	29118
96.24253	217.125	2.8689086	225952.33	29118
30.337008	243.375	2.8689086	225952.33	29118
39.7171	214.0	2.8689086	225952.33	29118
69.89122	302.75	2.8689086	225952.33	29118
23.054056	210.5	-2.8689086	225952.33	29118
81.64644	258.25	2.8689086	225952.33	29118
314.48242	349.25	2.8689086	225952.33	29118
49.87499	409.25	2.8689086	225952.33	29118
113.481415	427.5	2.8689086	225952.33	29118
46.91404	281.0	-2.8689086	225952.33	29118
31.609823	227.375	-2.8689086	225952.33	29118
131.48488	255.625	2.8689086	225952.33	29118
22.559217	208.625	2.8689086	225952.33	29118
85.54073	294.25	2.8689086	225952.33	29118
197.88376	337.0	2.8689086	225952.33	29118
53.753693	262.25	2.8689086	225952.33	29118
85.23515	372.25	2.8689086	225952.33	29118
78.68351	277.5	2.8689086	225952.33	29118
37.622204	228.25	-2.8689086	225952.33	29118
50.412544	243.25	2.8689086	225952.33	29118
53.779484	412.25	-2.8689086	225952.33	29118
59.111954	201.0	2.8689086	225952.33	29118
16.585276	204.875	2.8689086	225952.33	29118
59.784748	519.5	2.8689086	225952.33	29118
152.46605	261.5	-2.8689086	225952.33	29118
37.10681	238.5	-2.8689086	225952.33	29118
54.30461	286.0	2.8689086	225952.33	29118
92.5689	207.0	-2.8689086	225952.33	29118
228.54881	454.0	-2.8689086	225952.33	29118
64.60966	210.0	-2.8689086	225952.33	29118
121.78644	226.5	2.8689086	225952.33	29118
57.1506	277.25	2.8689086	225952.33	29118
75.21616	293.0	-2.8689086	225952.33	29118
115.52172	328.75	-2.8689086	225952.33	29118
158.9156	337.5	2.8689086	225952.33	29118
20.686953	360.75	-2.8689086	225952.33	29118
275.49472	237.25	2.8689086	225952.33	29118
115.70742	603.5	2.8689086	225952.33	29118
80.397766	251.75	-2.8689086	225952.33	29118
45.734535	328.25	2.8689086	225952.33	29118
126.66104	287.75	2.8689086	225952.33	29118
95.60005	249.375	-2.8689086	225952.33	29118
97.90021	231.375	2.8689086	225952.33	29118
157.43922	329.25	-2.8689086	225952.33	29118
67.53426	261.75	-2.8689086	225952.33	29118
52.689137	407.5	2.8689086	225952.33	29118
82.494194	407.75	-2.8689086	225952.33	29118
114.12207	203.625	2.8689086	225952.33	29118
36.643436	432.5	2.8689086	225952.33	29118
62.720905	353.75	-2.8689086	225952.33	29118
58.596684	297.0	-2.8689086	225952.33	29118
70.9741	213.0	2.8689086	225952.33	29118
29.862082	304.75	2.8689086	225952.33	29118
40.918755	245.25	-2.8689086	225952.33	29118
80.13294	368.25	2.8689086	225952.33	29118
119.6233	226.625	2.8689086	225952.33	29118
62.57934	234.5	2.8689086	225952.33	29118
59.65253	303.0	2.8689086	225952.33	29118
38.51961	281.0	2.8689086	225952.33	29118
20.020573	261.5	2.8689086	225952.33	29118
39.80701	233.375	-2.8689086	225952.33	29118
64.42976	205.0	2.8689086	225952.33	29118
238.41806	728.0	-2.8689086	225952.33	29118
64.03894	216.375	2.8689086	225952.33	29118
46.296284	406.5	2.8689086	225952.33	29118
42.945415	254.375	-2.8689086	225952.33	29118
56.318623	279.75	2.8689086	225952.33	29118
59.695896	260.0	-2.8689086	225952.33	29118
63.615406	452.25	2.8689086	225952.33	29118
35.61555	262.75	-2.8689086	225952.33	29118
85.72863	262.5	2.8689086	225952.33	29118
100.5715	215.5	2.8689086	225952.33	29118
81.65084	324.75	-2.8689086	225952.33	29118
156.76779	352.25	2.8689086	225952.33	29118
51.61992	204.125	2.8689086	225952.33	29118
86.41589	284.5	-2.8689086	225952.33	29118
57.904053	313.75	2.8689086	225952.33	29118
49.46838	250.75	2.8689086	225952.33	29118
143.15944	672.5	2.8689086	225952.33	29118
73.39269	253.75	2.8689086	225952.33	29118
40.68892	265.25	-2.8689086	225952.33	29118
78.54404	349.0	-2.8689086	225952.33	29118
94.054306	218.75	2.8689086	225952.33	29118
44.6506	221.5	2.8689086	225952.33	29118
20.971586	212.5	2.8689086	225952.33	29118
127.6073	344.5	2.8689086	225952.33	29118
48.85398	252.625	-2.8689086	225952.33	29118
60.596836	468.25	2.8689086	225952.33	29118
57.084503	212.125	2.8689086	225952.33	29118
28.245134	231.25	2.8689086	225952.33	29118
53.279305	281.0	2.8689086	225952.33	29118
106.96178	298.5	-2.8689086	225952.33	29118
27.165352	207.5	2.8689086	225952.33	29118
23.72169	219.5	-2.8689086	225952.33	29118
139.32993	384.0	-2.8689086	225952.33	29118
35.41516	205.25	-2.8689086	225952.33	29118
97.988686	214.125	2.8689086	225952.33	29118
51.287487	264.25	2.8689086	225952.33	29118
75.72702	227.0	2.8689086	225952.33	29118
30.619383	351.75	-2.8689086	225952.33	29118
108.37089	256.25	-2.8689086	225952.33	29118
56.03255	214.25	-2.8689086	225952.33	29118
101.4639	232.5	-2.8689086	225952.33	29118
116.61012	494.25	2.8689086	225952.33	29118
51.633213	280.5	-2.8689086	225952.33	29118
186.72447	269.5	2.8689086	225952.33	29118
23.976284	218.5	-2.8689086	225952.33	29118
39.13789	272.0	2.8689086	225952.33	29118
65.38648	428.0	-2.8689086	225952.33	29118
67.50685	274.5	2.8689086	225952.33	29118
89.74234	208.75	2.8689086	225952.33	29118
130.96129	540.5	-2.8689086	225952.33	29118
55.09125	475.75	2.8689086	225952.33	29118
224.45409	275.75	2.8689086	225952.33	29118
31.34103	287.0	2.8689086	225952.33	29118
78.435074	276.75	2.8689086	225952.33	29118
249.31764	510.75	2.8689086	225952.33	29118
17.907536	245.75	2.8689086	225952.33	29118
200.2656	542.5	2.8689086	225952.33	29118
36.537113	229.25	2.8689086	225952.33	29118
47.63139	243.25	2.8689086	225952.33	29118
50.654926	361.0	2.8689086	225952.33	29118
101.938705	211.0	-2.8689086	225952.33	29118
76.89004	477.25	2.8689086	225952.33	29118
46.879658	214.25	2.8689086	225952.33	29118
35.54568	262.5	2.8689086	225952.33	29118
133.57965	410.5	-2.8689086	225952.33	29118
43.349987	269.75	2.8689086	225952.33	29118
98.44312	319.5	2.8689086	225952.33	29118
81.7976	352.75	-2.8689086	225952.33	29118
34.63296	238.375	-2.8689086	225952.33	29118
148.79092	309.75	2.8689086	225952.33	29118
67.92418	287.0	2.8689086	225952.33	29118
171.38612	214.5	2.8689086	225952.33	29118
231.50972	206.5	2.8689086	225952.33	29118
54.15556	263.5	-2.8689086	225952.33	29118
71.54871	231.875	2.8689086	225952.33	29118
165.24995	362.75	2.8689086	225952.33	29118
59.49581	252.375	2.8689086	225952.33	29118
57.82655	214.25	2.8689086	225952.33	29118
61.82161	216.0	2.8689086	225952.33	29118
188.95059	224.5	2.8689086	225952.33	29118
40.73256	209.625	-2.8689086	225952.33	29118
110.032135	252.5	2.8689086	225952.33	29118
76.2544	258.25	2.8689086	225952.33	29118
27.493397	243.0	2.8689086	225952.33	29118
31.348345	433.25	2.8689086	225952.33	29118
48.336212	209.125	2.8689086	225952.33	29118
52.880478	227.25	2.8689086	225952.33	29118
122.63453	229.375	2.8689086	225952.33	29118
64.78122	337.5	-2.8689086	225952.33	29118
65.27055	317.25	2.8689086	225952.33	29118
183.2441	284.0	-2.8689086	225952.33	29118
118.89297	859.5	-2.8689086	225952.33	29118
154.78789	813.0	-2.8689086	225952.33	29118
35.91499	251.5	2.8689086	225952.33	29118
102.27386	281.25	2.8689086	225952.33	29118
85.55212	228.25	-2.8689086	225952.33	29118
34.16289	254.625	-2.8689086	225952.33	29118
16.708767	237.0	-2.8689086	225952.33	29118
168.04303	219.5	2.8689086	225952.33	29118
176.73627	214.625	2.8689086	225952.33	29118
61.750866	212.125	-2.8689086	225952.33	29118
81.26956	320.25	2.8689086	225952.33	29118
56.51889	368.25	2.8689086	225952.33	29118
19.113667	312.75	2.8689086	225952.33	29118
200.32173	490.25	2.8689086	225952.33	29118
40.956646	290.25	2.8689086	225952.33	29118
241.85396	438.25	2.8689086	225952.33	29118
56.68903	255.0	2.8689086	225952.33	29118
132.98381	282.75	2.8689086	225952.33	29118
62.585175	440.0	2.8689086	225952.33	29118
95.85407	318.0	2.8689086	225952.33	29118
161.40652	221.875	2.8689086	225952.33	29118
59.94954	245.125	2.8689086	225952.33	29118
51.215824	255.125	-2.8689086	225952.33	29118
106.11559	334.0	-2.8689086	225952.33	29118
110.37477	286.5	2.8689086	225952.33	29118
84.32046	392.25	2.8689086	225952.33	29118
93.975586	244.875	-2.8689086	225952.33	29118
31.779108	369.5	-2.8689086	225952.33	29118
66.68599	354.75	2.8689086	225952.33	29118
17.29489	217.625	-2.8689086	225952.33	29118
266.18018	352.5	2.8689086	225952.33	29118
169.6848	253.375	-2.8689086	225952.33	29118
107.522644	215.25	-2.8689086	225952.33	29118
42.13406	204.875	2.8689086	225952.33	29118
28.862331	261.75	2.8689086	225952.33	29118
60.62276	417.75	-2.8689086	225952.33	29118
56.539036	309.0	-2.8689086	225952.33	29118
39.577568	436.5	2.8689086	225952.33	29118
89.80858	379.75	2.8689086	225952.33	29118
165.80035	304.25	-2.8689086	225952.33	29118
21.601192	282.75	-2.8689086	225952.33	29118
31.037384	299.75	2.8689086	225952.33	29118
62.83106	302.75	2.8689086	225952.33	29118
37.082283	313.0	-2.8689086	225952.33	29118
22.01481	279.75	2.8689086	225952.33	29118
218.44121	221.75	2.8689086	225952.33	29118
41.220955	252.375	2.8689086	225952.33	29118
178.51215	378.5	2.8689086	225952.33	29118
34.852104	272.25	-2.8689086	225952.33	29118
136.56169	334.25	-2.8689086	225952.33	29118
43.469143	243.625	2.8689086	225952.33	29118
51.496407	224.625	-2.8689086	225952.33	29118
42.22724	214.0	2.8689086	225952.33	29118
35.990334	261.75	-2.8689086	225952.33	29118
58.65446	209.0	2.8689086	225952.33	29118
75.61501	234.5	2.8689086	225952.33	29118
125.09453	237.875	2.8689086	225952.33	29118
16.535934	354.75	2.8689086	225952.33	29118
108.31819	289.0	2.8689086	225952.33	29118
26.583168	208.625	-2.8689086	225952.33	29118
53.11923	229.125	2.8689086	225952.33	29118
58.702522	454.25	-2.8689086	225952.33	29118
54.349075	204.25	-2.8689086	225952.33	29118
20.599386	246.625	2.8689086	225952.33	29118
113.92838	414.5	2.8689086	225952.33	29118
143.91257	288.75	2.8689086	225952.33	29118
57.920166	271.0	-2.8689086	225952.33	29118
118.7302	212.0	2.8689086	225952.33	29118
68.24704	559.0	-2.8689086	225952.33	29118
50.465782	328.75	-2.8689086	225952.33	29118
396.9943	242.625	-2.8689086	225952.33	29118
15.778394	201.125	2.8689086	225952.33	29118
53.28774	487.25	-2.8689086	225952.33	29118
68.19323	299.75	-2.8689086	225952.33	29118
42.78071	281.0	2.8689086	225952.33	29118
238.91742	249.875	-2.8689086	225952.33	29118
32.911854	321.5	-2.8689086	225952.33	29118
47.717213	387.75	2.8689086	225952.33	29118
74.20357	330.5	2.8689086	225952.33	29118
50.173042	337.25	-2.8689086	225952.33	29118
23.046711	415.5	-2.8689086	225952.33	29118
26.91869	294.5	2.8689086	225952.33	29118
122.19134	394.0	2.8689086	225952.33	29118
78.65963	204.0	-2.8689086	225952.33	29118
41.345776	256.25	2.8689086	225952.33	29118
85.40927	203.625	2.8689086	225952.33	29118
28.059021	367.0	-2.8689086	225952.33	29118
27.424217	246.75	-2.8689086	225952.33	29118
98.37791	228.625	-2.8689086	225952.33	29118
150.00648	221.625	-2.8689086	225952.33	29118
74.4574	223.875	2.8689086	225952.33	29118
43.676376	428.0	-2.8689086	225952.33	29118
107.751465	226.875	2.8689086	225952.33	29118
30.699173	224.625	-2.8689086	225952.33	29118
29.677439	202.5	2.8689086	225952.33	29118
84.82097	305.5	2.8689086	225952.33	29118
39.807808	204.0	2.8689086	225952.33	29118
118.7011	273.25	-2.8689086	225952.33	29118
27.604479	305.5	2.8689086	225952.33	29118
38.05569	205.5	2.8689086	225952.33	29118
79.69938	296.75	-2.8689086	225952.33	29118
46.497177	228.5	2.8689086	225952.33	29118
86.55973	338.0	2.8689086	225952.33	29118
77.70964	217.5	2.8689086	225952.33	29118
70.97544	201.5	-2.8689086	225952.33	29118
120.50901	505.0	2.8689086	225952.33	29118
44.861027	298.25	-2.8689086	225952.33	29118
229.15916	217.625	2.8689086	225952.33	29118
98.69981	439.25	2.8689086	225952.33	29118
113.36857	219.25	-2.8689086	225952.33	29118
166.43668	432.5	2.8689086	225952.33	29118
40.309017	269.5	2.8689086	225952.33	29118
47.31481	255.75	2.8689086	225952.33	29118
96.419785	253.25	-2.8689086	225952.33	29118
31.499714	243.25	2.8689086	225952.33	29118
50.390724	245.0	-2.8689086	225952.33	29118
65.87641	226.75	2.8689086	225952.33	29118
91.951195	305.25	2.8689086	225952.33	29118
24.314323	436.5	-2.8689086	225952.33	29118
64.48799	442.5	2.8689086	225952.33	29118
114.6413	282.25	2.8689086	225952.33	29118
31.75116	259.75	2.8689086	225952.33	29118
98.24995	213.875	2.8689086	225952.33	29118
97.96858	307.5	-2.8689086	225952.33	29118
111.114876	216.25	2.8689086	225952.33	29118
145.61702	341.0	2.8689086	225952.33	29118
84.89748	211.75	-2.8689086	225952.33	29118
63.343018	206.25	2.8689086	225952.33	29118
60.905357	265.25	-2.8689086	225952.33	29118
168.47093	239.5	-2.8689086	225952.33	29118
52.581707	226.625	-2.8689086	225952.33	29118
105.70124	229.375	2.8689086	225952.33	29118
22.438967	638.5	-2.8689086	225952.33	29118
251.02084	507.75	2.8689086	225952.33	29118
85.67672	427.75	2.8689086	225952.33	29118
170.0775	710.0	2.8689086	225952.33	29118
56.790043	234.0	2.8689086	225952.33	29118
81.51507	304.25	2.8689086	225952.33	29118
34.564594	444.25	2.8689086	225952.33	29118
64.92152	289.5	-2.8689086	225952.33	29118
287.6781	268.5	-2.8689086	225952.33	29118
103.75052	562.0	2.8689086	225952.33	29118
276.24704	482.75	2.8689086	225952.33	29118
50.67024	489.25	2.8689086	225952.33	29118
65.4074	389.0	2.8689086	225952.33	29118
24.285652	275.5	-2.8689086	225952.33	29118
109.7629	216.125	2.8689086	225952.33	29118
149.14867	282.25	2.8689086	225952.33	29118
76.685036	667.5	2.8689086	225952.33	29118
106.79798	271.0	2.8689086	225952.33	29118
30.001768	266.25	-2.8689086	225952.33	29118
72.70616	324.0	-2.8689086	225952.33	29118
136.86214	307.75	2.8689086	225952.33	29118
117.15708	342.5	-2.8689086	225952.33	29118
182.2091	374.5	2.8689086	225952.33	29118
102.735374	263.75	-2.8689086	225952.33	29118
75.81405	221.25	2.8689086	225952.33	29118
46.68333	251.375	-2.8689086	225952.33	29118
27.25543	542.0	2.8689086	225952.33	29118
163.62984	340.75	2.8689086	225952.33	29118
239.25551	541.0	2.8689086	225952.33	29118
84.98324	228.625	-2.8689086	225952.33	29118
58.083393	201.75	-2.8689086	225952.33	29118
94.9073	312.0	-2.8689086	225952.33	29118
76.139496	326.5	2.8689086	225952.33	29118
141.51552	354.0	2.8689086	225952.33	29118
77.46802	339.75	2.8689086	225952.33	29118
60.739223	508.25	2.8689086	225952.33	29118
48.956062	386.5	2.8689086	225952.33	29118
86.617065	271.5	-2.8689086	225952.33	29118
22.786448	354.0	2.8689086	225952.33	29118
103.794136	229.0	2.8689086	225952.33	29118
35.33006	215.375	2.8689086	225952.33	29118
97.30542	415.25	-2.8689086	225952.33	29118
92.78482	265.5	2.8689086	225952.33	29118
36.935024	500.0	2.8689086	225952.33	29118
207.48137	376.25	2.8689086	225952.33	29118
88.09419	228.25	2.8689086	225952.33	29118
97.416046	474.5	-2.8689086	225952.33	29118
129.68121	410.0	-2.8689086	225952.33	29118
193.80347	276.0	-2.8689086	225952.33	29118
51.74781	230.375	2.8689086	225952.33	29118
81.76495	242.25	2.8689086	225952.33	29118
58.903755	317.5	-2.8689086	225952.33	29118
47.46848	235.875	2.8689086	225952.33	29118
94.04757	210.375	2.8689086	225952.33	29118
107.69195	258.5	-2.8689086	225952.33	29118
105.26371	315.5	2.8689086	225952.33	29118
63.425587	255.875	-2.8689086	225952.33	29118
109.56957	202.375	-2.8689086	225952.33	29118
52.075306	397.25	2.8689086	225952.33	29118
54.41773	291.0	-2.8689086	225952.33	29118
70.18797	218.75	-2.8689086	225952.33	29118
126.653	286.25	-2.8689086	225952.33	29118
56.977596	309.25	-2.8689086	225952.33	29118
86.70323	280.25	-2.8689086	225952.33	29118
26.276093	594.0	2.8689086	225952.33	29118
52.919647	257.5	-2.8689086	225952.33	29118
82.670166	221.0	2.8689086	225952.33	29118
30.42255	231.375	-2.8689086	225952.33	29118
93.49556	549.0	2.8689086	225952.33	29118
37.361057	563.0	2.8689086	225952.33	29118
68.40081	291.75	-2.8689086	225952.33	29118
78.780754	349.25	2.8689086	225952.33	29118
69.99001	290.25	2.8689086	225952.33	29118
138.57422	206.125	2.8689086	225952.33	29118
98.1823	340.0	2.8689086	225952.33	29118
83.36173	349.25	2.8689086	225952.33	29118
57.855988	561.5	2.8689086	225952.33	29118
111.868164	529.0	2.8689086	225952.33	29118
182.06946	707.5	2.8689086	225952.33	29118
98.93235	387.5	-2.8689086	225952.33	29118
30.003418	209.5	-2.8689086	225952.33	29118
22.737812	266.0	2.8689086	225952.33	29118
74.88642	239.875	2.8689086	225952.33	29118
97.71442	769.5	2.8689086	225952.33	29118
23.259916	365.5	-2.8689086	225952.33	29118
125.811516	379.75	2.8689086	225952.33	29118
57.858562	268.75	2.8689086	225952.33	29118
136.71309	407.75	2.8689086	225952.33	29118
127.70711	390.75	2.8689086	225952.33	29118
132.31033	239.25	-2.8689086	225952.33	29118
128.77954	240.875	-2.8689086	225952.33	29118
78.602	233.0	2.8689086	225952.33	29118
94.91857	319.5	-2.8689086	225952.33	29118
95.27647	266.5	-2.8689086	225952.33	29118
127.59794	288.0	-2.8689086	225952.33	29118
128.81824	519.0	2.8689086	225952.33	29118
60.26238	286.25	2.8689086	225952.33	29118
130.83566	223.0	-2.8689086	225952.33	29118
109.50013	226.75	2.8689086	225952.33	29118
306.1984	419.5	-2.8689086	225952.33	29118
112.10289	342.0	2.8689086	225952.33	29118
168.78073	245.625	2.8689086	225952.33	29118
43.57708	213.25	-2.8689086	225952.33	29118
39.40133	361.25	2.8689086	225952.33	29118
118.00236	241.875	-2.8689086	225952.33	29118
69.916695	340.75	-2.8689086	225952.33	29118
45.401154	585.5	2.8689086	225952.33	29118
140.10735	442.5	2.8689086	225952.33	29118
67.80375	359.25	2.8689086	225952.33	29118
118.44727	523.5	2.8689086	225952.33	29118
39.41973	351.75	2.8689086	225952.33	29118
72.296364	353.75	2.8689086	225952.33	29118
349.99017	248.625	2.8689086	225952.33	29118
300.34787	455.0	2.8689086	225952.33	29118
103.73638	431.0	2.8689086	225952.33	29118
59.376087	201.625	-2.8689086	225952.33	29118
347.30478	731.0	-2.8689086	225952.33	29118
68.4255	349.25	2.8689086	225952.33	29118
38.648746	434.0	2.8689086	225952.33	29118
114.24644	253.5	2.8689086	225952.33	29118
127.3845	310.25	2.8689086	225952.33	29118
51.672966	286.5	2.8689086	225952.33	29118
92.14801	302.5	2.8689086	225952.33	29118
64.96183	259.5	-2.8689086	225952.33	29118
35.87258	278.25	-2.8689086	225952.33	29118
30.434204	217.375	-2.8689086	225952.33	29118
82.51042	297.75	2.8689086	225952.33	29118
56.28447	263.5	2.8689086	225952.33	29118
157.45435	200.25	-2.8689086	225952.33	29118
60.56352	214.625	-2.8689086	225952.33	29118
29.306566	211.875	2.8689086	225952.33	29118
49.895515	285.5	2.8689086	225952.33	29118
26.318413	241.0	2.8689086	225952.33	29118
156.16217	350.5	-2.8689086	225952.33	29118
174.35553	326.75	2.8689086	225952.33	29118
94.33933	437.25	-2.8689086	225952.33	29118
87.14346	241.625	-2.8689086	225952.33	29118
46.692913	272.0	2.8689086	225952.33	29118
175.45532	226.5	2.8689086	225952.33	29118
31.57997	258.0	2.8689086	225952.33	29118
97.068535	327.25	2.8689086	225952.33	29118
69.34423	414.5	-2.8689086	225952.33	29118
79.85743	360.75	2.8689086	225952.33	29118
47.443985	228.25	2.8689086	225952.33	29118
160.16698	320.0	2.8689086	225952.33	29118
46.52698	220.75	-2.8689086	225952.33	29118
120.50257	260.0	2.8689086	225952.33	29118
15.615839	247.0	-2.8689086	225952.33	29118
49.02476	233.375	2.8689086	225952.33	29118
105.30078	218.125	2.8689086	225952.33	29118
18.754429	205.875	2.8689086	225952.33	29118
51.14859	304.25	2.8689086	225952.33	29118
60.13292	213.375	2.8689086	225952.33	29118
21.685173	287.5	2.8689086	225952.33	29118
79.08509	245.375	2.8689086	225952.33	29118
79.498665	436.0	2.8689086	225952.33	29118
98.47916	570.0	2.8689086	225952.33	29118
35.052963	259.25	-2.8689086	225952.33	29118
69.64495	251.25	2.8689086	225952.33	29118
104.970764	311.5	-2.8689086	225952.33	29118
66.84458	223.75	2.8689086	225952.33	29118
72.16104	237.25	2.8689086	225952.33	29118
33.74783	229.5	-2.8689086	225952.33	29118
63.40681	286.5	2.8689086	225952.33	29118
54.123066	397.5	-2.8689086	225952.33	29118
136.2473	230.25	2.8689086	225952.33	29118
64.62342	614.0	-2.8689086	225952.33	29118
74.79876	312.0	-2.8689086	225952.33	29118
81.59122	410.5	-2.8689086	225952.33	29118
61.328087	327.25	2.8689086	225952.33	29118
187.28027	244.75	-2.8689086	225952.33	29118
130.12021	338.0	2.8689086	225952.33	29118
101.05697	467.0	-2.8689086	225952.33	29118
29.435555	297.25	-2.8689086	225952.33	29118
25.851143	280.75	-2.8689086	225952.33	29118
55.400684	273.0	2.8689086	225952.33	29118
147.33391	201.875	-2.8689086	225952.33	29118
42.672955	217.375	-2.8689086	225952.33	29118
46.015404	272.75	2.8689086	225952.33	29118
34.251514	209.25	2.8689086	225952.33	29118
88.78574	272.75	2.8689086	225952.33	29118
56.62232	248.625	-2.8689086	225952.33	29118
58.87532	208.0	-2.8689086	225952.33	29118
120.49631	390.75	2.8689086	225952.33	29118
42.021393	322.0	-2.8689086	225952.33	29118
151.3252	219.0	2.8689086	225952.33	29118
146.53299	251.0	2.8689086	225952.33	29118
39.70448	209.25	2.8689086	225952.33	29118
94.71786	304.5	-2.8689086	225952.33	29118
64.57129	234.75	2.8689086	225952.33	29118
144.32593	659.5	2.8689086	225952.33	29118
81.7381	213.75	-2.8689086	225952.33	29118
63.613777	268.25	2.8689086	225952.33	29118
41.218273	297.0	2.8689086	225952.33	29118
45.193726	231.75	-2.8689086	225952.33	29118
84.266266	539.0	2.8689086	225952.33	29118
99.592606	240.0	2.8689086	225952.33	29118
76.7916	259.25	-2.8689086	225952.33	29118
55.914333	396.25	2.8689086	225952.33	29118
161.69572	273.75	-2.8689086	225952.33	29118
28.140123	239.25	-2.8689086	225952.33	29118
115.61386	230.75	-2.8689086	225952.33	29118
42.103725	379.0	-2.8689086	225952.33	29118
93.56576	225.25	2.8689086	225952.33	29118
27.951656	207.0	2.8689086	225952.33	29118
51.432827	282.75	2.8689086	225952.33	29118
84.05363	507.0	2.8689086	225952.33	29118
38.72182	275.5	2.8689086	225952.33	29118
78.155334	200.875	2.8689086	225952.33	29118
123.84951	424.5	2.8689086	225952.33	29118
50.00885	204.25	2.8689086	225952.33	29118
64.70343	214.75	-2.8689086	225952.33	29118
68.00853	271.75	2.8689086	225952.33	29118
23.657814	219.875	2.8689086	225952.33	29118
97.1406	350.75	2.8689086	225952.33	29118
49.903374	201.625	-2.8689086	225952.33	29118
60.327164	227.25	-2.8689086	225952.33	29118
71.27205	393.25	2.8689086	225952.33	29118
106.54717	201.25	2.8689086	225952.33	29118
88.57684	253.25	2.8689086	225952.33	29118
51.65388	252.5	2.8689086	225952.33	29118
35.429565	206.75	-2.8689086	225952.33	29118
32.94561	240.0	2.8689086	225952.33	29118
81.50639	352.75	2.8689086	225952.33	29118
60.581604	240.875	2.8689086	225952.33	29118
64.4033	265.75	2.8689086	225952.33	29118
79.71385	278.75	-2.8689086	225952.33	29118
246.68959	372.25	2.8689086	225952.33	29118
211.0599	267.0	-2.8689086	225952.33	29118
101.290054	412.0	2.8689086	225952.33	29118
103.97241	211.125	-2.8689086	225952.33	29118
63.954914	321.0	-2.8689086	225952.33	29118
70.51108	217.25	2.8689086	225952.33	29118
41.546494	283.0	2.8689086	225952.33	29118
41.923214	268.75	-2.8689086	225952.33	29118
95.662125	212.625	-2.8689086	225952.33	29118
110.714264	203.25	-2.8689086	225952.33	29118
96.1124	357.0	-2.8689086	225952.33	29118
213.99214	700.5	2.8689086	225952.33	29118
70.32345	429.0	2.8689086	225952.33	29118
78.76817	275.5	2.8689086	225952.33	29118
66.79525	287.5	2.8689086	225952.33	29118
61.815155	236.25	2.8689086	225952.33	29118
34.341763	260.75	2.8689086	225952.33	29118
136.06964	293.5	-2.8689086	225952.33	29118
111.50143	513.5	2.8689086	225952.33	29118
55.236362	268.5	-2.8689086	225952.33	29118
38.683167	229.25	-2.8689086	225952.33	29118
168.47601	557.0	2.8689086	225952.33	29118
61.13158	312.25	-2.8689086	225952.33	29118
57.30219	243.625	2.8689086	225952.33	29118
98.1442	237.0	-2.8689086	225952.33	29118
33.294044	359.25	2.8689086	225952.33	29118
87.34023	254.75	2.8689086	225952.33	29118
115.7031	226.625	2.8689086	225952.33	29118
29.00571	219.125	-2.8689086	225952.33	29118
77.44878	377.5	-2.8689086	225952.33	29118
103.11666	247.625	2.8689086	225952.33	29118
173.4847	214.25	-2.8689086	225952.33	29118
175.46448	238.625	2.8689086	225952.33	29118
40.297844	252.5	2.8689086	225952.33	29118
56.82738	207.125	2.8689086	225952.33	29118
53.45737	251.625	2.8689086	225952.33	29118
115.01647	454.0	2.8689086	225952.33	29118
99.49482	226.875	-2.8689086	225952.33	29118
158.08786	326.25	2.8689086	225952.33	29118
103.21368	344.25	2.8689086	225952.33	29118
20.879345	337.5	-2.8689086	225952.33	29118
133.6317	324.75	-2.8689086	225952.33	29118
93.76816	203.0	2.8689086	225952.33	29118
79.08239	382.5	2.8689086	225952.33	29118
34.773655	328.0	-2.8689086	225952.33	29118
80.33338	262.25	2.8689086	225952.33	29118
21.15143	210.5	-2.8689086	225952.33	29118
45.557354	293.5	2.8689086	225952.33	29118
76.13409	200.125	2.8689086	225952.33	29118
81.67463	200.25	2.8689086	225952.33	29118
105.49148	217.625	-2.8689086	225952.33	29118
85.77611	211.5	2.8689086	225952.33	29118
80.034035	220.125	2.8689086	225952.33	29118
109.58183	310.25	2.8689086	225952.33	29118
57.78702	215.5	-2.8689086	225952.33	29118
67.812096	329.75	2.8689086	225952.33	29118
34.964798	404.5	2.8689086	225952.33	29118
58.6128	476.0	2.8689086	225952.33	29118
96.06994	217.625	-2.8689086	225952.33	29118
220.68674	373.25	2.8689086	225952.33	29118
50.584095	324.25	2.8689086	225952.33	29118
92.2068	239.875	2.8689086	225952.33	29118
212.9104	481.75	2.8689086	225952.33	29118
28.035807	265.75	2.8689086	225952.33	29118
98.0735	219.5	2.8689086	225952.33	29118
33.604908	216.0	2.8689086	225952.33	29118
27.868692	372.5	-2.8689086	225952.33	29118
129.09789	363.75	2.8689086	225952.33	29118
108.13103	212.125	2.8689086	225952.33	29118
72.20521	264.75	-2.8689086	225952.33	29118
47.358356	298.25	2.8689086	225952.33	29118
41.396362	336.5	2.8689086	225952.33	29118
125.16477	284.0	-2.8689086	225952.33	29118
137.93393	316.5	2.8689086	225952.33	29118
107.69775	201.875	2.8689086	225952.33	29118
25.395039	219.75	2.8689086	225952.33	29118
95.22505	207.375	-2.8689086	225952.33	29118
54.98351	248.375	2.8689086	225952.33	29118
55.137527	557.0	2.8689086	225952.33	29118
68.95403	242.625	2.8689086	225952.33	29118
73.993355	264.5	-2.8689086	225952.33	29118
89.11426	319.0	2.8689086	225952.33	29118
38.357693	309.75	2.8689086	225952.33	29118
160.31277	223.5	2.8689086	225952.33	29118
105.312294	413.5	2.8689086	225952.33	29118
109.76416	265.25	-2.8689086	225952.33	29118
73.623375	201.75	2.8689086	225952.33	29118
71.63372	253.875	2.8689086	225952.33	29118
106.03167	298.75	2.8689086	225952.33	29118
83.5224	682.5	-2.8689086	225952.33	29118
154.24644	227.25	2.8689086	225952.33	29118
203.37025	256.5	2.8689086	225952.33	29118
36.772617	350.75	-2.8689086	225952.33	29118
198.96193	218.625	-2.8689086	225952.33	29118
84.24526	241.125	2.8689086	225952.33	29118
107.00243	342.75	2.8689086	225952.33	29118
51.491787	310.75	-2.8689086	225952.33	29118
63.096275	262.5	2.8689086	225952.33	29118
30.907232	410.0	2.8689086	225952.33	29118
38.533714	225.5	2.8689086	225952.33	29118
98.77009	209.25	2.8689086	225952.33	29118
110.06314	256.25	2.8689086	225952.33	29118
32.064228	405.75	2.8689086	225952.33	29118
71.30945	339.75	2.8689086	225952.33	29118
141.36432	480.25	2.8689086	225952.33	29118
38.52546	234.125	2.8689086	225952.33	29118
142.58943	241.0	2.8689086	225952.33	29118
41.396732	217.375	2.8689086	225952.33	29118
21.03427	237.875	2.8689086	225952.33	29118
31.109026	201.875	2.8689086	225952.33	29118
15.323737	207.125	2.8689086	225952.33	29118
42.997784	421.25	2.8689086	225952.33	29118
93.36393	310.25	2.8689086	225952.33	29118
135.685	267.0	2.8689086	225952.33	29118
232.26884	260.0	-2.8689086	225952.33	29118
104.64616	260.25	2.8689086	225952.33	29118
52.21226	272.5	2.8689086	225952.33	29118
35.390903	283.0	2.8689086	225952.33	29118
92.48024	302.5	2.8689086	225952.33	29118
110.61236	367.0	-2.8689086	225952.33	29118
25.504251	308.25	2.8689086	225952.33	29118
136.3553	398.75	2.8689086	225952.33	29118
49.453114	202.75	-2.8689086	225952.33	29118
167.82513	395.0	-2.8689086	225952.33	29118
31.59629	481.0	-2.8689086	225952.33	29118
54.01849	273.0	2.8689086	225952.33	29118
61.4061	220.125	2.8689086	225952.33	29118
49.152416	305.75	2.8689086	225952.33	29118
42.194515	214.125	2.8689086	225952.33	29118
144.90573	274.0	2.8689086	225952.33	29118
62.625057	421.25	2.8689086	225952.33	29118
58.01297	370.0	2.8689086	225952.33	29118
206.3839	305.25	2.8689086	225952.33	29118
51.423916	204.625	2.8689086	225952.33	29118
28.682709	211.25	2.8689086	225952.33	29118
95.65402	234.5	2.8689086	225952.33	29118
57.612133	240.75	-2.8689086	225952.33	29118
78.34491	239.75	-2.8689086	225952.33	29118
64.53019	292.0	2.8689086	225952.33	29118
103.70488	272.0	2.8689086	225952.33	29118
159.71114	265.25	2.8689086	225952.33	29118
256.49863	560.5	2.8689086	225952.33	29118
97.40932	310.5	-2.8689086	225952.33	29118
112.624664	497.5	2.8689086	225952.33	29118
163.35474	433.25	2.8689086	225952.33	29118
53.760063	388.0	2.8689086	225952.33	29118
80.792046	214.0	2.8689086	225952.33	29118
44.11499	221.125	2.8689086	225952.33	29118
136.56787	377.25	-2.8689086	225952.33	29118
78.2193	538.0	-2.8689086	225952.33	29118
32.781647	282.5	-2.8689086	225952.33	29118
48.74307	220.0	2.8689086	225952.33	29118
89.30111	222.375	2.8689086	225952.33	29118
29.701273	228.375	2.8689086	225952.33	29118
125.41422	310.5	2.8689086	225952.33	29118
31.314909	201.125	2.8689086	225952.33	29118
