lep_pt	LHE_dd	LHES_dd	LHE_dm	LHES_dm	LHE_md	LHES_md	LHE_um	LHES_um	LHE_mu	LHES_mu	LHE_uu	LHES_uu	genWeights	sumWeight	N_exp
175.9716	1.6420898	1.099055528640747	1.4261475	1.0906776189804077	1.1514282	1.0179998874664307	0.87667847	0.9864540696144104	0.7225342	0.9015312194824219	0.63345337	0.8838139772415161	0.61813426	36514.426	33941
250.75009	1.5357056	1.099055528640747	1.3643188	1.0906776189804077	1.1256104	1.0179998874664307	0.8953247	0.9864540696144104	0.7501221	0.9015312194824219	0.67160034	0.8838139772415161	-0.61813426	36514.426	33941
97.300385	1.555542	1.099055528640747	1.4630737	1.0906776189804077	1.0632324	1.0179998874664307	0.94314575	0.9864540696144104	0.70739746	0.9015312194824219	0.6671753	0.8838139772415161	-0.61813426	36514.426	33941
95.15608	1.1504517	1.099055528640747	1.295166	1.0906776189804077	0.90563965	1.0179998874664307	1.0778198	0.9864540696144104	0.78881836	0.9015312194824219	0.8404236	0.8838139772415161	0.61813426	36514.426	33941
112.35334	1.7026367	1.099055528640747	1.4089966	1.0906776189804077	1.208374	1.0179998874664307	0.83984375	0.9864540696144104	0.7298889	0.9015312194824219	0.6130066	0.8838139772415161	-0.61813426	36514.426	33941
245.46184	1.3816528	1.099055528640747	1.2989502	1.0906776189804077	1.0637207	1.0179998874664307	0.94259644	0.9864540696144104	0.7868042	0.9015312194824219	0.7416382	0.8838139772415161	-0.61813426	36514.426	33941
20.555208	1.1401367	1.099055528640747	1.3592529	1.0906776189804077	0.8572998	1.0179998874664307	1.1234131	0.9864540696144104	0.7576904	0.9015312194824219	0.84072876	0.8838139772415161	0.61813426	36514.426	33941
111.65068	1.041687	1.099055528640747	0.19369507	1.0906776189804077	1.7133179	1.0179998874664307	0.45690918	0.9864540696144104	1.3311768	0.9015312194824219	0.87008667	0.8838139772415161	0.61813426	36514.426	33941
144.16809	1.1699829	1.099055528640747	1.0994873	1.0906776189804077	1.0649414	1.0179998874664307	0.94073486	0.9864540696144104	0.888916	0.9015312194824219	0.83584595	0.8838139772415161	0.61813426	36514.426	33941
28.372211	1.0567627	1.099055528640747	1.1940308	1.0906776189804077	0.89663696	1.0179998874664307	1.1015625	0.9864540696144104	0.8503113	0.9015312194824219	0.9283447	0.8838139772415161	0.61813426	36514.426	33941
187.38391	1.4541626	1.099055528640747	1.2557983	1.0906776189804077	1.1581421	1.0179998874664307	0.8734741	0.9864540696144104	0.8088989	0.9015312194824219	0.7064514	0.8838139772415161	0.61813426	36514.426	33941
235.85922	1.585083	1.099055528640747	1.461731	1.0906776189804077	1.0843506	1.0179998874664307	0.92611694	0.9864540696144104	0.70791626	0.9015312194824219	0.65563965	0.8838139772415161	-0.61813426	36514.426	33941
104.18009	1.3809814	1.099055528640747	1.3624268	1.0906776189804077	1.0275269	1.0179998874664307	0.9616394	0.9864540696144104	0.7555237	0.9015312194824219	0.72042847	0.8838139772415161	0.61813426	36514.426	33941
85.24423	1.6481323	1.099055528640747	1.449646	1.0906776189804077	1.1369019	1.0179998874664307	0.8872986	0.9864540696144104	0.71276855	0.9015312194824219	0.6324463	0.8838139772415161	0.61813426	36514.426	33941
123.57806	1.3329468	1.099055528640747	1.1569824	1.0906776189804077	1.1420288	1.0179998874664307	0.90441895	0.9864540696144104	0.8731079	0.9015312194824219	0.79330444	0.8838139772415161	0.61813426	36514.426	33941
122.10201	1.5784302	1.099055528640747	1.4590454	1.0906776189804077	1.0817871	1.0179998874664307	0.9288635	0.9864540696144104	0.7090149	0.9015312194824219	0.65856934	0.8838139772415161	0.61813426	36514.426	33941
153.58722	1.1638794	1.099055528640747	1.0880127	1.0906776189804077	1.0690308	1.0179998874664307	0.9381714	0.9864540696144104	0.9163513	0.9015312194824219	0.86013794	0.8838139772415161	0.61813426	36514.426	33941
79.2338	1.8440552	1.099055528640747	1.2246704	1.0906776189804077	1.4488525	1.0179998874664307	0.653656	0.9864540696144104	0.82302856	0.9015312194824219	0.5635376	0.8838139772415161	0.61813426	36514.426	33941
67.68394	1.6698608	1.099055528640747	1.446167	1.0906776189804077	1.1546631	1.0179998874664307	0.87405396	0.9864540696144104	0.7142029	0.9015312194824219	0.62423706	0.8838139772415161	-0.61813426	36514.426	33941
59.744644	1.1444092	1.099055528640747	1.2255249	1.0906776189804077	0.9397583	1.0179998874664307	1.0580444	0.9864540696144104	0.8310852	0.9015312194824219	0.87509155	0.8838139772415161	0.61813426	36514.426	33941
144.72578	1.5415039	1.099055528640747	1.434082	1.0906776189804077	1.0748901	1.0179998874664307	0.9328003	0.9864540696144104	0.7192383	0.9015312194824219	0.67089844	0.8838139772415161	-0.61813426	36514.426	33941
179.86371	1.5244141	1.099055528640747	1.4126587	1.0906776189804077	1.0791626	1.0179998874664307	0.9302063	0.9864540696144104	0.7283325	0.9015312194824219	0.67749023	0.8838139772415161	0.61813426	36514.426	33941
206.31767	1.2714233	1.099055528640747	1.1289673	1.0906776189804077	1.1262207	1.0179998874664307	0.894989	0.9864540696144104	0.8735657	0.9015312194824219	0.7817688	0.8838139772415161	0.61813426	36514.426	33941
84.12976	1.4031372	1.099055528640747	1.3549805	1.0906776189804077	1.0407104	1.0179998874664307	0.9609375	0.9864540696144104	0.7578125	0.9015312194824219	0.7255249	0.8838139772415161	0.61813426	36514.426	33941
72.347664	1.5560303	1.099055528640747	1.4483032	1.0906776189804077	1.0744019	1.0179998874664307	0.934021	0.9864540696144104	0.7133179	0.9015312194824219	0.66625977	0.8838139772415161	-0.61813426	36514.426	33941
141.41786	1.3632812	1.099055528640747	1.2166748	1.0906776189804077	1.1205444	1.0179998874664307	0.8981018	0.9864540696144104	0.8305054	0.9015312194824219	0.7458191	0.8838139772415161	0.61813426	36514.426	33941
86.4399	1.4298096	1.099055528640747	1.4093628	1.0906776189804077	1.0145264	1.0179998874664307	0.97961426	0.9864540696144104	0.7297363	0.9015312194824219	0.71487427	0.8838139772415161	-0.61813426	36514.426	33941
324.386	1.0529785	1.099055528640747	0.9945984	1.0906776189804077	1.0569458	1.0179998874664307	0.94766235	0.9864540696144104	0.9737854	0.9015312194824219	0.9237976	0.8838139772415161	0.61813426	36514.426	33941
113.12697	1.267334	1.099055528640747	1.1481323	1.0906776189804077	1.1043701	1.0179998874664307	0.9111023	0.9864540696144104	0.8642273	0.9015312194824219	0.7871399	0.8838139772415161	0.61813426	36514.426	33941
550.52637	1.6925659	1.099055528640747	1.0361938	1.0906776189804077	1.5037231	1.0179998874664307	0.605011	0.9864540696144104	0.92456055	0.9015312194824219	0.6134949	0.8838139772415161	0.61813426	36514.426	33941
195.76111	1.6968994	1.099055528640747	1.6332397	1.0906776189804077	1.0386963	1.0179998874664307	0.960907	0.9864540696144104	0.6261902	0.9015312194824219	0.6018677	0.8838139772415161	-0.61813426	36514.426	33941
350.4502	1.6116333	1.099055528640747	1.4127808	1.0906776189804077	1.1407471	1.0179998874664307	0.8838806	0.9864540696144104	0.7282715	0.9015312194824219	0.64367676	0.8838139772415161	-0.61813426	36514.426	33941
31.118155	1.088623	1.099055528640747	1.0650024	1.0906776189804077	1.0234375	1.0179998874664307	0.96777344	0.9864540696144104	0.89730835	0.9015312194824219	0.86776733	0.8838139772415161	0.61813426	36514.426	33941
212.9927	1.3878784	1.099055528640747	1.2861328	1.0906776189804077	1.0791016	1.0179998874664307	0.93029785	0.9864540696144104	0.7933655	0.9015312194824219	0.7380676	0.8838139772415161	0.61813426	36514.426	33941
203.4557	1.1854248	1.099055528640747	1.0903931	1.0906776189804077	1.0879517	1.0179998874664307	0.9221802	0.9864540696144104	0.8939514	0.9015312194824219	0.8239746	0.8838139772415161	0.61813426	36514.426	33941
198.69398	1.0975952	1.099055528640747	0.9649658	1.0906776189804077	1.1392212	1.0179998874664307	0.8858032	0.9864540696144104	0.9623108	0.9015312194824219	0.8517151	0.8838139772415161	0.61813426	36514.426	33941
354.7427	-0.08024216	1.099055528640747	-0.04207611	1.0906776189804077	1.1184082	1.0179998874664307	0.9015503	0.9864540696144104	1.4884033	0.9015312194824219	1.3291016	0.8838139772415161	0.61813426	36514.426	33941
254.79102	1.1031494	1.099055528640747	1.1221313	1.0906776189804077	0.9924011	1.0179998874664307	1.0164185	0.9864540696144104	0.8943176	0.9015312194824219	0.9021301	0.8838139772415161	0.61813426	36514.426	33941
74.53376	1.3798828	1.099055528640747	1.4069824	1.0906776189804077	0.98269653	1.0179998874664307	1.0180054	0.9864540696144104	0.73361206	0.9015312194824219	0.7455139	0.8838139772415161	0.61813426	36514.426	33941
68.91867	1.5145874	1.099055528640747	1.376709	1.0906776189804077	1.1000366	1.0179998874664307	0.91430664	0.9864540696144104	0.7392273	0.9015312194824219	0.67593384	0.8838139772415161	-0.61813426	36514.426	33941
500.21365	1.1228027	1.099055528640747	1.1495972	1.0906776189804077	0.9869385	1.0179998874664307	1.0159912	0.9864540696144104	0.8779297	0.9015312194824219	0.88513184	0.8838139772415161	0.61813426	36514.426	33941
386.58542	1.2380981	1.099055528640747	1.3301392	1.0906776189804077	0.94000244	1.0179998874664307	1.0595093	0.9864540696144104	0.77127075	0.9015312194824219	0.81134033	0.8838139772415161	0.61813426	36514.426	33941
52.11403	1.234375	1.099055528640747	1.0707397	1.0906776189804077	1.1540527	1.0179998874664307	0.8753357	0.9864540696144104	0.89819336	0.9015312194824219	0.7857361	0.8838139772415161	0.61813426	36514.426	33941
91.25117	1.0847778	1.099055528640747	0.96209717	1.0906776189804077	1.116272	1.0179998874664307	0.9017029	0.9864540696144104	0.9958191	0.9015312194824219	0.9031372	0.8838139772415161	0.61813426	36514.426	33941
163.21762	1.574707	1.099055528640747	1.4660645	1.0906776189804077	1.0740967	1.0179998874664307	0.9343872	0.9864540696144104	0.70233154	0.9015312194824219	0.65625	0.8838139772415161	-0.61813426	36514.426	33941
25.208136	1.0652466	1.099055528640747	1.0194092	1.0906776189804077	1.043335	1.0179998874664307	0.95874023	0.9864540696144104	0.9561157	0.9015312194824219	0.917572	0.8838139772415161	0.61813426	36514.426	33941
368.9727	1.1659546	1.099055528640747	1.0380249	1.0906776189804077	1.1189575	1.0179998874664307	0.89923096	0.9864540696144104	0.92471313	0.9015312194824219	0.833374	0.8838139772415161	0.61813426	36514.426	33941
100.85106	1.5200806	1.099055528640747	1.3705444	1.0906776189804077	1.1090088	1.0179998874664307	0.9076538	0.9864540696144104	0.7446594	0.9015312194824219	0.67593384	0.8838139772415161	-0.61813426	36514.426	33941
79.60204	0.7196655	1.099055528640747	0.6170044	1.0906776189804077	1.1030884	1.0179998874664307	0.9097595	0.9864540696144104	1.1311646	0.9015312194824219	1.0453491	0.8838139772415161	0.61813426	36514.426	33941
75.46181	1.52948	1.099055528640747	1.3862305	1.0906776189804077	1.104248	1.0179998874664307	0.9128113	0.9864540696144104	0.7416687	0.9015312194824219	0.6765442	0.8838139772415161	0.61813426	36514.426	33941
85.38148	1.6463623	1.099055528640747	1.4059448	1.0906776189804077	1.1710205	1.0179998874664307	0.8639221	0.9864540696144104	0.7312622	0.9015312194824219	0.6317444	0.8838139772415161	-0.61813426	36514.426	33941
90.854034	1.3763428	1.099055528640747	1.2904053	1.0906776189804077	1.0665894	1.0179998874664307	0.940155	0.9864540696144104	0.7911377	0.9015312194824219	0.7437744	0.8838139772415161	0.61813426	36514.426	33941
49.047546	1.533081	1.099055528640747	1.4031372	1.0906776189804077	1.0925903	1.0179998874664307	0.9187927	0.9864540696144104	0.7324829	0.9015312194824219	0.67297363	0.8838139772415161	-0.61813426	36514.426	33941
113.32105	1.5493164	1.099055528640747	1.2907715	1.0906776189804077	1.1994629	1.0179998874664307	0.8447876	0.9864540696144104	0.79293823	0.9015312194824219	0.67019653	0.8838139772415161	0.61813426	36514.426	33941
43.21601	1.3737793	1.099055528640747	1.3224487	1.0906776189804077	1.0390625	1.0179998874664307	0.9600525	0.9864540696144104	0.7729492	0.9015312194824219	0.7418518	0.8838139772415161	-0.61813426	36514.426	33941
239.90273	1.53125	1.099055528640747	1.4110718	1.0906776189804077	1.085144	1.0179998874664307	0.92526245	0.9864540696144104	0.7290039	0.9015312194824219	0.67453	0.8838139772415161	0.61813426	36514.426	33941
208.86726	1.4038086	1.099055528640747	1.2839966	1.0906776189804077	1.0928955	1.0179998874664307	0.91989136	0.9864540696144104	0.79452515	0.9015312194824219	0.7310791	0.8838139772415161	0.61813426	36514.426	33941
250.98677	1.6321411	1.099055528640747	1.4320679	1.0906776189804077	1.1397095	1.0179998874664307	0.8845215	0.9864540696144104	0.72006226	0.9015312194824219	0.63690186	0.8838139772415161	-0.61813426	36514.426	33941
50.516685	3.2164307	1.099055528640747	2.9143066	1.0906776189804077	1.1096191	1.0179998874664307	0.90515137	0.9864540696144104	0.0040655136	0.9015312194824219	-0.0033859015	0.8838139772415161	-0.61813426	36514.426	33941
21.589413	1.3328857	1.099055528640747	1.3604736	1.0906776189804077	0.9825134	1.0179998874664307	1.0140991	0.9864540696144104	0.75424194	0.9015312194824219	0.76312256	0.8838139772415161	0.61813426	36514.426	33941
43.77352	1.6868896	1.099055528640747	1.4160156	1.0906776189804077	1.1912842	1.0179998874664307	0.8510742	0.9864540696144104	0.7268677	0.9015312194824219	0.6186218	0.8838139772415161	0.61813426	36514.426	33941
229.76938	1.5083618	1.099055528640747	1.406311	1.0906776189804077	1.0725708	1.0179998874664307	0.9356384	0.9864540696144104	0.7310791	0.9015312194824219	0.684021	0.8838139772415161	0.61813426	36514.426	33941
522.3586	1.2093506	1.099055528640747	1.1068115	1.0906776189804077	1.0918579	1.0179998874664307	0.91967773	0.9864540696144104	0.9048157	0.9015312194824219	0.83258057	0.8838139772415161	0.61813426	36514.426	33941
74.29224	1.553894	1.099055528640747	1.4510498	1.0906776189804077	1.0708618	1.0179998874664307	0.93640137	0.9864540696144104	0.71221924	0.9015312194824219	0.66690063	0.8838139772415161	-0.61813426	36514.426	33941
47.097935	1.5817871	1.099055528640747	1.4197998	1.0906776189804077	1.1140747	1.0179998874664307	0.90393066	0.9864540696144104	0.72525024	0.9015312194824219	0.6555786	0.8838139772415161	-0.61813426	36514.426	33941
53.557693	1.4741211	1.099055528640747	1.3161011	1.0906776189804077	1.1201172	1.0179998874664307	0.8984375	0.9864540696144104	0.77804565	0.9015312194824219	0.6989746	0.8838139772415161	0.61813426	36514.426	33941
208.16794	1.392456	1.099055528640747	1.3834229	1.0906776189804077	1.010498	1.0179998874664307	0.9885254	0.9864540696144104	0.7445984	0.9015312194824219	0.73379517	0.8838139772415161	0.61813426	36514.426	33941
145.95949	1.4111938	1.099055528640747	1.4096069	1.0906776189804077	1.00354	1.0179998874664307	0.997406	0.9864540696144104	0.7321167	0.9015312194824219	0.72875977	0.8838139772415161	0.61813426	36514.426	33941
60.808918	0.6329651	1.099055528640747	1.232544	1.0906776189804077	0.60391235	1.0179998874664307	1.3519897	0.9864540696144104	0.81903076	0.9015312194824219	1.0594482	0.8838139772415161	0.61813426	36514.426	33941
84.58211	1.6022339	1.099055528640747	1.4214478	1.0906776189804077	1.1271973	1.0179998874664307	0.8937683	0.9864540696144104	0.72454834	0.9015312194824219	0.647583	0.8838139772415161	-0.61813426	36514.426	33941
49.62025	0.84835815	1.099055528640747	0.7819214	1.0906776189804077	1.0910034	1.0179998874664307	0.9213257	0.9864540696144104	1.0397949	0.9015312194824219	0.9560852	0.8838139772415161	0.61813426	36514.426	33941
34.16664	1.7564087	1.099055528640747	1.5785522	1.0906776189804077	1.112793	1.0179998874664307	0.90423584	0.9864540696144104	0.6503296	0.9015312194824219	0.5879822	0.8838139772415161	-0.61813426	36514.426	33941
171.31392	1.1947632	1.099055528640747	1.3024902	1.0906776189804077	0.9375	1.0179998874664307	1.0462036	0.9864540696144104	0.7850647	0.9015312194824219	0.81100464	0.8838139772415161	0.61813426	36514.426	33941
64.85892	1.6334229	1.099055528640747	1.4191284	1.0906776189804077	1.151001	1.0179998874664307	0.87734985	0.9864540696144104	0.7255554	0.9015312194824219	0.63656616	0.8838139772415161	-0.61813426	36514.426	33941
316.97696	1.0424805	1.099055528640747	0.96209717	1.0906776189804077	1.0812988	1.0179998874664307	0.9278259	0.9864540696144104	0.994751	0.9015312194824219	0.9241333	0.8838139772415161	0.61813426	36514.426	33941
810.7106	1.163208	1.099055528640747	1.2018433	1.0906776189804077	0.9740906	1.0179998874664307	1.0217896	0.9864540696144104	0.844574	0.9015312194824219	0.8588562	0.8838139772415161	0.61813426	36514.426	33941
109.87776	1.4279175	1.099055528640747	1.3709106	1.0906776189804077	1.0443726	1.0179998874664307	0.9586487	0.9864540696144104	0.74954224	0.9015312194824219	0.7170105	0.8838139772415161	0.61813426	36514.426	33941
139.20876	1.6751709	1.099055528640747	1.4318848	1.0906776189804077	1.1699219	1.0179998874664307	0.8654785	0.9864540696144104	0.7201233	0.9015312194824219	0.6232605	0.8838139772415161	0.61813426	36514.426	33941
408.25308	1.2060547	1.099055528640747	1.0582275	1.0906776189804077	1.140686	1.0179998874664307	0.88500977	0.9864540696144104	0.9121399	0.9015312194824219	0.80682373	0.8838139772415161	0.61813426	36514.426	33941
294.3063	1.3572998	1.099055528640747	1.2751465	1.0906776189804077	1.0643921	1.0179998874664307	0.9420471	0.9864540696144104	0.7991638	0.9015312194824219	0.75283813	0.8838139772415161	0.61813426	36514.426	33941
81.00115	1.385437	1.099055528640747	1.3731079	1.0906776189804077	1.0133057	1.0179998874664307	0.9847717	0.9864540696144104	0.7493286	0.9015312194824219	0.73550415	0.8838139772415161	0.61813426	36514.426	33941
163.1401	1.673645	1.099055528640747	1.4041748	1.0906776189804077	1.1921997	1.0179998874664307	0.8516846	0.9864540696144104	0.7331238	0.9015312194824219	0.6242676	0.8838139772415161	0.61813426	36514.426	33941
220.00626	1.6207275	1.099055528640747	1.3815918	1.0906776189804077	1.1730957	1.0179998874664307	0.86239624	0.9864540696144104	0.74212646	0.9015312194824219	0.63998413	0.8838139772415161	-0.61813426	36514.426	33941
55.1779	1.4788208	1.099055528640747	1.3093262	1.0906776189804077	1.1300659	1.0179998874664307	0.89334106	0.9864540696144104	0.78152466	0.9015312194824219	0.697876	0.8838139772415161	0.61813426	36514.426	33941
115.74056	0.9893799	1.099055528640747	0.9234314	1.0906776189804077	1.0670776	1.0179998874664307	0.93927	0.9864540696144104	0.9739075	0.9015312194824219	0.9165039	0.8838139772415161	0.61813426	36514.426	33941
57.72043	1.3076782	1.099055528640747	1.3953857	1.0906776189804077	0.9425354	1.0179998874664307	1.0546875	0.9864540696144104	0.74017334	0.9015312194824219	0.7772522	0.8838139772415161	0.61813426	36514.426	33941
111.03659	1.7323608	1.099055528640747	1.444397	1.0906776189804077	1.1994019	1.0179998874664307	0.8459778	0.9864540696144104	0.7149353	0.9015312194824219	0.6048279	0.8838139772415161	0.61813426	36514.426	33941
162.13304	1.4696655	1.099055528640747	1.3850098	1.0906776189804077	1.064331	1.0179998874664307	0.94454956	0.9864540696144104	0.74386597	0.9015312194824219	0.7008972	0.8838139772415161	0.61813426	36514.426	33941
134.79576	1.4442139	1.099055528640747	1.3632812	1.0906776189804077	1.0606079	1.0179998874664307	0.94970703	0.9864540696144104	0.75323486	0.9015312194824219	0.7145996	0.8838139772415161	0.61813426	36514.426	33941
415.07895	1.6413574	1.099055528640747	1.3943481	1.0906776189804077	1.177124	1.0179998874664307	0.8595581	0.9864540696144104	0.73635864	0.9015312194824219	0.6329346	0.8838139772415161	-0.61813426	36514.426	33941
50.153336	1.1918335	1.099055528640747	1.050415	1.0906776189804077	1.1358032	1.0179998874664307	0.888031	0.9864540696144104	0.91412354	0.9015312194824219	0.8112793	0.8838139772415161	0.61813426	36514.426	33941
118.37744	1.045105	1.099055528640747	0.9323425	1.0906776189804077	1.1168213	1.0179998874664307	0.9020691	0.9864540696144104	0.96939087	0.9015312194824219	0.8760376	0.8838139772415161	0.61813426	36514.426	33941
143.91426	1.62677	1.099055528640747	1.4247437	1.0906776189804077	1.1417847	1.0179998874664307	0.88391113	0.9864540696144104	0.72314453	0.9015312194824219	0.6391907	0.8838139772415161	0.61813426	36514.426	33941
308.90698	1.3352661	1.099055528640747	1.3195801	1.0906776189804077	1.0184326	1.0179998874664307	0.9792175	0.9864540696144104	0.7755432	0.9015312194824219	0.7558594	0.8838139772415161	0.61813426	36514.426	33941
140.69693	1.5210571	1.099055528640747	1.4234009	1.0906776189804077	1.0686035	1.0179998874664307	0.9383545	0.9864540696144104	0.7256775	0.9015312194824219	0.6809387	0.8838139772415161	0.61813426	36514.426	33941
79.299164	1.5390015	1.099055528640747	1.4005127	1.0906776189804077	1.098877	1.0179998874664307	0.91534424	0.9864540696144104	0.7336426	0.9015312194824219	0.6715393	0.8838139772415161	0.61813426	36514.426	33941
74.00262	1.5757446	1.099055528640747	1.4812012	1.0906776189804077	1.0638428	1.0179998874664307	0.9389343	0.9864540696144104	0.70028687	0.9015312194824219	0.65753174	0.8838139772415161	-0.61813426	36514.426	33941
159.58296	1.4069824	1.099055528640747	1.3049316	1.0906776189804077	1.0779419	1.0179998874664307	0.9310913	0.9864540696144104	0.78408813	0.9015312194824219	0.7301941	0.8838139772415161	0.61813426	36514.426	33941
233.67146	1.5435791	1.099055528640747	1.4221191	1.0906776189804077	1.0854492	1.0179998874664307	0.92437744	0.9864540696144104	0.7242737	0.9015312194824219	0.6694946	0.8838139772415161	0.61813426	36514.426	33941
48.000072	1.1173706	1.099055528640747	1.0988159	1.0906776189804077	1.0150146	1.0179998874664307	0.9802551	0.9864540696144104	0.8791809	0.9015312194824219	0.86273193	0.8838139772415161	0.61813426	36514.426	33941
38.894848	1.5895386	1.099055528640747	1.4433594	1.0906776189804077	1.1012573	1.0179998874664307	0.91189575	0.9864540696144104	0.71536255	0.9015312194824219	0.65234375	0.8838139772415161	0.61813426	36514.426	33941
154.51088	1.506958	1.099055528640747	1.3720703	1.0906776189804077	1.0983276	1.0179998874664307	0.9154968	0.9864540696144104	0.746521	0.9015312194824219	0.68341064	0.8838139772415161	0.61813426	36514.426	33941
71.71213	1.421875	1.099055528640747	1.3827515	1.0906776189804077	1.0302734	1.0179998874664307	0.97268677	0.9864540696144104	0.7440491	0.9015312194824219	0.7225647	0.8838139772415161	0.61813426	36514.426	33941
158.25565	1.2119141	1.099055528640747	1.3676758	1.0906776189804077	0.8986511	1.0179998874664307	1.0927734	0.9864540696144104	0.75375366	0.9015312194824219	0.8161011	0.8838139772415161	0.61813426	36514.426	33941
58.24578	1.3794556	1.099055528640747	1.3901367	1.0906776189804077	0.99313354	1.0179998874664307	1.0027466	0.9864540696144104	0.7402344	0.9015312194824219	0.7416992	0.8838139772415161	0.61813426	36514.426	33941
32.735355	0.9612427	1.099055528640747	1.1221313	1.0906776189804077	0.88049316	1.0179998874664307	1.1165161	0.9864540696144104	0.89434814	0.9015312194824219	0.982666	0.8838139772415161	0.61813426	36514.426	33941
147.40706	1.5565186	1.099055528640747	1.4996948	1.0906776189804077	1.0378418	1.0179998874664307	0.96377563	0.9864540696144104	0.69021606	0.9015312194824219	0.66522217	0.8838139772415161	-0.61813426	36514.426	33941
60.47749	1.5256958	1.099055528640747	1.4540405	1.0906776189804077	1.0491943	1.0179998874664307	0.95410156	0.9864540696144104	0.710907	0.9015312194824219	0.6783142	0.8838139772415161	-0.61813426	36514.426	33941
89.78799	1.7719116	1.099055528640747	1.1448364	1.0906776189804077	1.4447021	1.0179998874664307	0.638031	0.9864540696144104	0.86102295	0.9015312194824219	0.5947876	0.8838139772415161	0.61813426	36514.426	33941
336.9985	1.1636963	1.099055528640747	1.2110596	1.0906776189804077	0.9664612	1.0179998874664307	1.0332642	0.9864540696144104	0.83966064	0.9015312194824219	0.863678	0.8838139772415161	0.61813426	36514.426	33941
306.95624	1.3588867	1.099055528640747	1.3031006	1.0906776189804077	1.0427856	1.0179998874664307	0.95944214	0.9864540696144104	0.78466797	0.9015312194824219	0.75283813	0.8838139772415161	0.61813426	36514.426	33941
37.974953	1.564331	1.099055528640747	1.4433594	1.0906776189804077	1.0838013	1.0179998874664307	0.9260864	0.9864540696144104	0.71536255	0.9015312194824219	0.6625061	0.8838139772415161	0.61813426	36514.426	33941
151.70792	1.4576416	1.099055528640747	1.3549194	1.0906776189804077	1.0757446	1.0179998874664307	0.9326172	0.9864540696144104	0.75219727	0.9015312194824219	0.7015686	0.8838139772415161	-0.61813426	36514.426	33941
159.51329	1.7129517	1.099055528640747	1.5081177	1.0906776189804077	1.1359253	1.0179998874664307	0.8881836	0.9864540696144104	0.67697144	0.9015312194824219	0.6012268	0.8838139772415161	-0.61813426	36514.426	33941
233.8486	1.0405884	1.099055528640747	0.997345	1.0906776189804077	1.041565	1.0179998874664307	0.95770264	0.9864540696144104	0.97094727	0.9015312194824219	0.9308777	0.8838139772415161	0.61813426	36514.426	33941
112.61936	1.1567993	1.099055528640747	1.2331543	1.0906776189804077	0.9432678	1.0179998874664307	1.0541992	0.9864540696144104	0.8265381	0.9015312194824219	0.86764526	0.8838139772415161	0.61813426	36514.426	33941
126.27156	1.0809326	1.099055528640747	1.3413086	1.0906776189804077	0.8267517	1.0179998874664307	1.1505737	0.9864540696144104	0.7659302	0.9015312194824219	0.8692322	0.8838139772415161	0.61813426	36514.426	33941
249.90985	1.5761108	1.099055528640747	1.4296265	1.0906776189804077	1.102417	1.0179998874664307	0.91259766	0.9864540696144104	0.7210388	0.9015312194824219	0.65802	0.8838139772415161	-0.61813426	36514.426	33941
43.56909	1.203125	1.099055528640747	1.0903931	1.0906776189804077	1.1043091	1.0179998874664307	0.91049194	0.9864540696144104	0.8915405	0.9015312194824219	0.8113098	0.8838139772415161	0.61813426	36514.426	33941
275.38406	1.5397339	1.099055528640747	1.4017334	1.0906776189804077	1.0984497	1.0179998874664307	0.91574097	0.9864540696144104	0.73309326	0.9015312194824219	0.6713257	0.8838139772415161	0.61813426	36514.426	33941
292.4178	1.6773682	1.099055528640747	1.4277344	1.0906776189804077	1.1748657	1.0179998874664307	0.8612366	0.9864540696144104	0.7218628	0.9015312194824219	0.6216736	0.8838139772415161	0.61813426	36514.426	33941
42.525444	1.2739868	1.099055528640747	1.0723267	1.0906776189804077	1.1756592	1.0179998874664307	0.85775757	0.9864540696144104	0.9073181	0.9015312194824219	0.7836304	0.8838139772415161	0.61813426	36514.426	33941
31.491545	1.256958	1.099055528640747	1.1366577	1.0906776189804077	1.1063232	1.0179998874664307	0.9096985	0.9864540696144104	0.8703003	0.9015312194824219	0.7914734	0.8838139772415161	0.61813426	36514.426	33941
82.07728	1.574585	1.099055528640747	1.4591064	1.0906776189804077	1.0791626	1.0179998874664307	0.9298706	0.9864540696144104	0.7089844	0.9015312194824219	0.6592407	0.8838139772415161	-0.61813426	36514.426	33941
87.6554	1.6033325	1.099055528640747	1.4086914	1.0906776189804077	1.1381226	1.0179998874664307	0.8866577	0.9864540696144104	0.730011	0.9015312194824219	0.64727783	0.8838139772415161	0.61813426	36514.426	33941
27.737856	1.7625122	1.099055528640747	1.466919	1.0906776189804077	1.201477	1.0179998874664307	0.84506226	0.9864540696144104	0.70513916	0.9015312194824219	0.59588623	0.8838139772415161	-0.61813426	36514.426	33941
50.71726	1.5043335	1.099055528640747	1.423584	1.0906776189804077	1.057312	1.0179998874664307	0.95007324	0.9864540696144104	0.72506714	0.9015312194824219	0.6885376	0.8838139772415161	0.61813426	36514.426	33941
229.30008	1.5839233	1.099055528640747	1.3977051	1.0906776189804077	1.1333618	1.0179998874664307	0.89019775	0.9864540696144104	0.7347107	0.9015312194824219	0.6539612	0.8838139772415161	-0.61813426	36514.426	33941
152.6147	1.6010132	1.099055528640747	1.5576782	1.0906776189804077	1.0177002	1.0179998874664307	0.9824219	0.9864540696144104	0.65444946	0.9015312194824219	0.64938354	0.8838139772415161	-0.61813426	36514.426	33941
57.419044	1.2202148	1.099055528640747	1.0796509	1.0906776189804077	1.1313477	1.0179998874664307	0.88986206	0.9864540696144104	0.89352417	0.9015312194824219	0.7946472	0.8838139772415161	0.61813426	36514.426	33941
248.55058	1.605957	1.099055528640747	1.3376465	1.0906776189804077	1.2005615	1.0179998874664307	0.84542847	0.9864540696144104	0.76297	0.9015312194824219	0.64505005	0.8838139772415161	0.61813426	36514.426	33941
161.26486	1.5031128	1.099055528640747	1.3705444	1.0906776189804077	1.0942383	1.0179998874664307	0.92337036	0.9864540696144104	0.7519531	0.9015312194824219	0.69537354	0.8838139772415161	0.61813426	36514.426	33941
77.3974	1.4435425	1.099055528640747	1.2996826	1.0906776189804077	1.1107178	1.0179998874664307	0.9066162	0.9864540696144104	0.786438	0.9015312194824219	0.7129822	0.8838139772415161	0.61813426	36514.426	33941
109.73941	1.5941162	1.099055528640747	1.4766235	1.0906776189804077	1.0795898	1.0179998874664307	0.92977905	0.9864540696144104	0.7020569	0.9015312194824219	0.6527405	0.8838139772415161	-0.61813426	36514.426	33941
49.403748	1.1330566	1.099055528640747	1.0947266	1.0906776189804077	1.0342407	1.0179998874664307	0.9663391	0.9864540696144104	0.91085815	0.9015312194824219	0.88067627	0.8838139772415161	0.61813426	36514.426	33941
368.13437	1.7389526	1.099055528640747	1.5518799	1.0906776189804077	1.1243286	1.0179998874664307	0.8765869	0.9864540696144104	0.6607971	0.9015312194824219	0.57592773	0.8838139772415161	-0.61813426	36514.426	33941
52.36134	1.0424194	1.099055528640747	0.9791565	1.0906776189804077	1.062561	1.0179998874664307	0.942688	0.9864540696144104	0.9824524	0.9015312194824219	0.9272766	0.8838139772415161	0.61813426	36514.426	33941
221.62474	1.3063965	1.099055528640747	1.2689819	1.0906776189804077	1.0298462	1.0179998874664307	0.9736328	0.9864540696144104	0.8048401	0.9015312194824219	0.7833252	0.8838139772415161	0.61813426	36514.426	33941
64.93004	1.7417603	1.099055528640747	1.5782471	1.0906776189804077	1.1036987	1.0179998874664307	0.90997314	0.9864540696144104	0.6508484	0.9015312194824219	0.5921936	0.8838139772415161	-0.61813426	36514.426	33941
55.299793	1.2822876	1.099055528640747	1.1364746	1.0906776189804077	1.1289062	1.0179998874664307	0.8941345	0.9864540696144104	0.86727905	0.9015312194824219	0.7752075	0.8838139772415161	0.61813426	36514.426	33941
185.32358	1.6934814	1.099055528640747	1.4110107	1.0906776189804077	1.2001953	1.0179998874664307	0.84506226	0.9864540696144104	0.7290344	0.9015312194824219	0.61605835	0.8838139772415161	-0.61813426	36514.426	33941
138.08852	1.0358887	1.099055528640747	0.98132324	1.0906776189804077	1.0533447	1.0179998874664307	0.9503479	0.9864540696144104	0.98117065	0.9015312194824219	0.9336853	0.8838139772415161	0.61813426	36514.426	33941
55.81567	1.5654297	1.099055528640747	1.4033203	1.0906776189804077	1.1155396	1.0179998874664307	0.9006958	0.9864540696144104	0.7324219	0.9015312194824219	0.65966797	0.8838139772415161	-0.61813426	36514.426	33941
416.2569	1.0734253	1.099055528640747	1.0015869	1.0906776189804077	1.0700073	1.0179998874664307	0.93685913	0.9864540696144104	0.9694214	0.9015312194824219	0.90911865	0.8838139772415161	0.61813426	36514.426	33941
68.97819	1.0737915	1.099055528640747	1.0050659	1.0906776189804077	1.0656738	1.0179998874664307	0.9397278	0.9864540696144104	0.9646301	0.9015312194824219	0.90789795	0.8838139772415161	0.61813426	36514.426	33941
112.84099	1.583374	1.099055528640747	1.4578247	1.0906776189804077	1.0861206	1.0179998874664307	0.92349243	0.9864540696144104	0.7095032	0.9015312194824219	0.6552124	0.8838139772415161	-0.61813426	36514.426	33941
159.54362	1.5350342	1.099055528640747	1.4714966	1.0906776189804077	1.0431519	1.0179998874664307	0.95788574	0.9864540696144104	0.7034912	0.9015312194824219	0.67385864	0.8838139772415161	-0.61813426	36514.426	33941
119.29155	0.941864	1.099055528640747	1.1152954	1.0906776189804077	0.87002563	1.0179998874664307	1.1315308	0.9864540696144104	0.89746094	0.9015312194824219	0.9981384	0.8838139772415161	0.61813426	36514.426	33941
237.73999	1.116272	1.099055528640747	1.0249634	1.0906776189804077	1.0904541	1.0179998874664307	0.92193604	0.9864540696144104	0.92401123	0.9015312194824219	0.85128784	0.8838139772415161	0.61813426	36514.426	33941
95.02969	1.8008423	1.099055528640747	1.6367188	1.0906776189804077	1.0976562	1.0179998874664307	0.9151001	0.9864540696144104	0.6149597	0.9015312194824219	0.56427	0.8838139772415161	-0.61813426	36514.426	33941
197.23422	0.9015503	1.099055528640747	1.1176758	1.0906776189804077	0.8411865	1.0179998874664307	1.135437	0.9864540696144104	0.897522	0.9015312194824219	0.99832153	0.8838139772415161	0.61813426	36514.426	33941
183.78291	1.5870972	1.099055528640747	1.4610596	1.0906776189804077	1.0863037	1.0179998874664307	0.9229431	0.9864540696144104	0.70822144	0.9015312194824219	0.6536255	0.8838139772415161	0.61813426	36514.426	33941
191.44815	1.1154785	1.099055528640747	1.0209961	1.0906776189804077	1.0909424	1.0179998874664307	0.9203186	0.9864540696144104	0.9559021	0.9015312194824219	0.8805542	0.8838139772415161	0.61813426	36514.426	33941
56.69079	1.3946533	1.099055528640747	1.2189331	1.0906776189804077	1.1394653	1.0179998874664307	0.8852234	0.9864540696144104	0.8260498	0.9015312194824219	0.7330017	0.8838139772415161	0.61813426	36514.426	33941
61.359043	1.4577637	1.099055528640747	1.3826904	1.0906776189804077	1.0548096	1.0179998874664307	0.9536133	0.9864540696144104	0.7431946	0.9015312194824219	0.70840454	0.8838139772415161	0.61813426	36514.426	33941
89.86793	1.5505371	1.099055528640747	1.3811646	1.0906776189804077	1.1226807	1.0179998874664307	0.89715576	0.9864540696144104	0.7423401	0.9015312194824219	0.6659851	0.8838139772415161	-0.61813426	36514.426	33941
21.21023	1.6501465	1.099055528640747	1.4228516	1.0906776189804077	1.159729	1.0179998874664307	0.870697	0.9864540696144104	0.723938	0.9015312194824219	0.6303406	0.8838139772415161	0.61813426	36514.426	33941
130.49292	1.2316895	1.099055528640747	1.0015869	1.0906776189804077	1.1870117	1.0179998874664307	0.83636475	0.9864540696144104	0.9682007	0.9015312194824219	0.83218384	0.8838139772415161	0.61813426	36514.426	33941
87.47734	1.1758423	1.099055528640747	1.055603	1.0906776189804077	1.1151123	1.0179998874664307	0.90319824	0.9864540696144104	0.90737915	0.9015312194824219	0.81903076	0.8838139772415161	0.61813426	36514.426	33941
185.4753	1.7758789	1.099055528640747	1.50531	1.0906776189804077	1.1815796	1.0179998874664307	0.8569336	0.9864540696144104	0.6886902	0.9015312194824219	0.58935547	0.8838139772415161	-0.61813426	36514.426	33941
139.42523	1.0651245	1.099055528640747	1.0311279	1.0906776189804077	1.0307007	1.0179998874664307	0.9683533	0.9864540696144104	0.9473572	0.9015312194824219	0.91864014	0.8838139772415161	0.61813426	36514.426	33941
83.94956	1.3536987	1.099055528640747	0.93252563	1.0906776189804077	1.33844	1.0179998874664307	0.7070923	0.9864540696144104	1.0093384	0.9015312194824219	0.76849365	0.8838139772415161	0.61813426	36514.426	33941
167.70311	1.4874878	1.099055528640747	1.3676147	1.0906776189804077	1.0894165	1.0179998874664307	0.922699	0.9864540696144104	0.7506714	0.9015312194824219	0.6917114	0.8838139772415161	0.61813426	36514.426	33941
155.83693	0.6831665	1.099055528640747	0.63513184	1.0906776189804077	1.0610962	1.0179998874664307	0.94317627	0.9864540696144104	1.1920166	0.9015312194824219	1.1294556	0.8838139772415161	0.61813426	36514.426	33941
85.2074	1.0375366	1.099055528640747	0.97213745	1.0906776189804077	1.0645142	1.0179998874664307	0.9414673	0.9864540696144104	0.9582825	0.9015312194824219	0.9034424	0.8838139772415161	0.61813426	36514.426	33941
110.07722	1.1984253	1.099055528640747	1.132019	1.0906776189804077	1.0581055	1.0179998874664307	0.9468994	0.9864540696144104	0.8886719	0.9015312194824219	0.8418274	0.8838139772415161	0.61813426	36514.426	33941
329.19708	1.3287354	1.099055528640747	1.1956787	1.0906776189804077	1.1106567	1.0179998874664307	0.9058838	0.9864540696144104	0.841156	0.9015312194824219	0.7622986	0.8838139772415161	0.61813426	36514.426	33941
236.82346	0.977417	1.099055528640747	0.9260864	1.0906776189804077	1.0512085	1.0179998874664307	0.9517822	0.9864540696144104	0.96969604	0.9015312194824219	0.92471313	0.8838139772415161	0.61813426	36514.426	33941
137.50314	1.3284912	1.099055528640747	1.1849976	1.0906776189804077	1.1216431	1.0179998874664307	0.89868164	0.9864540696144104	0.8456116	0.9015312194824219	0.7596741	0.8838139772415161	0.61813426	36514.426	33941
228.65807	1.6235352	1.099055528640747	1.4105835	1.0906776189804077	1.151001	1.0179998874664307	0.8779297	0.9864540696144104	0.7292175	0.9015312194824219	0.64019775	0.8838139772415161	-0.61813426	36514.426	33941
226.05887	1.1784668	1.099055528640747	1.1074829	1.0906776189804077	1.062561	1.0179998874664307	0.9425659	0.9864540696144104	0.8798523	0.9015312194824219	0.83010864	0.8838139772415161	0.61813426	36514.426	33941
74.952095	1.5341187	1.099055528640747	1.4078369	1.0906776189804077	1.0896606	1.0179998874664307	0.92041016	0.9864540696144104	0.7303772	0.9015312194824219	0.6722412	0.8838139772415161	-0.61813426	36514.426	33941
168.38875	1.8449707	1.099055528640747	1.7175903	1.0906776189804077	1.0748901	1.0179998874664307	0.9338684	0.9864540696144104	0.5729675	0.9015312194824219	0.5345764	0.8838139772415161	-0.61813426	36514.426	33941
70.56236	1.7349854	1.099055528640747	1.6561279	1.0906776189804077	1.0471191	1.0179998874664307	0.95599365	0.9864540696144104	0.60305786	0.9015312194824219	0.5769043	0.8838139772415161	-0.61813426	36514.426	33941
54.545147	1.12323	1.099055528640747	1.2757568	1.0906776189804077	0.9002991	1.0179998874664307	1.102356	0.9864540696144104	0.79855347	0.9015312194824219	0.8678589	0.8838139772415161	0.61813426	36514.426	33941
368.96756	1.0529175	1.099055528640747	1.1672974	1.0906776189804077	0.91552734	1.0179998874664307	1.079773	0.9864540696144104	0.8666687	0.9015312194824219	0.92663574	0.8838139772415161	0.61813426	36514.426	33941
42.94417	1.2420044	1.099055528640747	1.123352	1.0906776189804077	1.1043701	1.0179998874664307	0.910614	0.9864540696144104	0.8756714	0.9015312194824219	0.79800415	0.8838139772415161	0.61813426	36514.426	33941
23.230427	1.3588257	1.099055528640747	1.2892456	1.0906776189804077	1.0539551	1.0179998874664307	0.95025635	0.9864540696144104	0.79174805	0.9015312194824219	0.7523804	0.8838139772415161	-0.61813426	36514.426	33941
149.53741	1.3751831	1.099055528640747	1.1958008	1.0906776189804077	1.1506348	1.0179998874664307	0.8780823	0.9864540696144104	0.8399658	0.9015312194824219	0.73727417	0.8838139772415161	0.61813426	36514.426	33941
109.26195	1.6395264	1.099055528640747	1.461792	1.0906776189804077	1.121582	1.0179998874664307	0.8981018	0.9864540696144104	0.7026062	0.9015312194824219	0.63101196	0.8838139772415161	-0.61813426	36514.426	33941
232.26318	1.5408936	1.099055528640747	1.414856	1.0906776189804077	1.0890503	1.0179998874664307	0.92263794	0.9864540696144104	0.7273865	0.9015312194824219	0.67111206	0.8838139772415161	-0.61813426	36514.426	33941
26.983885	1.1002197	1.099055528640747	1.2606812	1.0906776189804077	0.89282227	1.0179998874664307	1.0891113	0.9864540696144104	0.80700684	0.9015312194824219	0.8674927	0.8838139772415161	0.61813426	36514.426	33941
105.57753	1.227417	1.099055528640747	1.1642456	1.0906776189804077	1.0531006	1.0179998874664307	0.948761	0.9864540696144104	0.8500061	0.9015312194824219	0.80703735	0.8838139772415161	0.61813426	36514.426	33941
168.74188	1.6757202	1.099055528640747	1.4856567	1.0906776189804077	1.1307983	1.0179998874664307	0.8788452	0.9864540696144104	0.69210815	0.9015312194824219	0.6062317	0.8838139772415161	-0.61813426	36514.426	33941
427.00613	1.8222656	1.099055528640747	1.6283569	1.0906776189804077	1.1193848	1.0179998874664307	0.89923096	0.9864540696144104	0.61782837	0.9015312194824219	0.5553589	0.8838139772415161	-0.61813426	36514.426	33941
140.69719	1.6176147	1.099055528640747	1.4385986	1.0906776189804077	1.1243896	1.0179998874664307	0.8963928	0.9864540696144104	0.7171631	0.9015312194824219	0.6428528	0.8838139772415161	-0.61813426	36514.426	33941
53.9802	1.6033936	1.099055528640747	1.442749	1.0906776189804077	1.1115112	1.0179998874664307	0.9081726	0.9864540696144104	0.71643066	0.9015312194824219	0.6505432	0.8838139772415161	0.61813426	36514.426	33941
110.18282	1.4240723	1.099055528640747	1.2619019	1.0906776189804077	1.1286621	1.0179998874664307	0.8930664	0.9864540696144104	0.80651855	0.9015312194824219	0.7201843	0.8838139772415161	0.61813426	36514.426	33941
40.244057	1.53125	1.099055528640747	1.4061279	1.0906776189804077	1.0880737	1.0179998874664307	0.92526245	0.9864540696144104	0.7344971	0.9015312194824219	0.67993164	0.8838139772415161	0.61813426	36514.426	33941
268.75574	1.5700684	1.099055528640747	1.3657227	1.0906776189804077	1.1496582	1.0179998874664307	0.8774109	0.9864540696144104	0.7494812	0.9015312194824219	0.6575928	0.8838139772415161	0.61813426	36514.426	33941
380.478	1.3790894	1.099055528640747	1.2872314	1.0906776189804077	1.0713501	1.0179998874664307	0.93670654	0.9864540696144104	0.79278564	0.9015312194824219	0.74261475	0.8838139772415161	-0.61813426	36514.426	33941
81.307724	1.3717651	1.099055528640747	1.3465576	1.0906776189804077	1.0219727	1.0179998874664307	0.986969	0.9864540696144104	0.7628174	0.9015312194824219	0.75064087	0.8838139772415161	0.61813426	36514.426	33941
349.27432	1.642273	1.099055528640747	1.1756592	1.0906776189804077	1.3529663	1.0179998874664307	0.7215271	0.9864540696144104	0.8503418	0.9015312194824219	0.63397217	0.8838139772415161	0.61813426	36514.426	33941
106.23989	1.1937256	1.099055528640747	1.1377563	1.0906776189804077	1.0483398	1.0179998874664307	0.9544983	0.9864540696144104	0.8845215	0.9015312194824219	0.8447876	0.8838139772415161	0.61813426	36514.426	33941
62.699005	1.7971191	1.099055528640747	1.4614868	1.0906776189804077	1.2297974	1.0179998874664307	0.8288574	0.9864540696144104	0.7087097	0.9015312194824219	0.5873718	0.8838139772415161	0.61813426	36514.426	33941
50.766426	1.2684326	1.099055528640747	1.4021606	1.0906776189804077	0.9126892	1.0179998874664307	1.0795898	0.9864540696144104	0.73779297	0.9015312194824219	0.7914429	0.8838139772415161	0.61813426	36514.426	33941
35.88477	1.1304932	1.099055528640747	1.2194824	1.0906776189804077	0.9336853	1.0179998874664307	1.0629883	0.9864540696144104	0.8345032	0.9015312194824219	0.88235474	0.8838139772415161	0.61813426	36514.426	33941
71.78973	1.0548096	1.099055528640747	1.3022461	1.0906776189804077	0.8413696	1.0179998874664307	1.1274414	0.9864540696144104	0.78497314	0.9015312194824219	0.8686218	0.8838139772415161	0.61813426	36514.426	33941
69.39947	1.5761719	1.099055528640747	1.4528809	1.0906776189804077	1.0848999	1.0179998874664307	0.9241028	0.9864540696144104	0.7114868	0.9015312194824219	0.6574707	0.8838139772415161	-0.61813426	36514.426	33941
60.65868	1.7090454	1.099055528640747	1.119751	1.0906776189804077	1.4326782	1.0179998874664307	0.65182495	0.9864540696144104	0.8795166	0.9015312194824219	0.61572266	0.8838139772415161	0.61813426	36514.426	33941
115.7427	1.5679932	1.099055528640747	1.4163208	1.0906776189804077	1.1071167	1.0179998874664307	0.9096985	0.9864540696144104	0.727417	0.9015312194824219	0.66171265	0.8838139772415161	0.61813426	36514.426	33941
107.84566	1.6092529	1.099055528640747	1.4413452	1.0906776189804077	1.1165161	1.0179998874664307	0.9020996	0.9864540696144104	0.71621704	0.9015312194824219	0.64611816	0.8838139772415161	-0.61813426	36514.426	33941
23.925165	1.5425415	1.099055528640747	1.4674683	1.0906776189804077	1.0511475	1.0179998874664307	0.9524536	0.9864540696144104	0.70562744	0.9015312194824219	0.6720581	0.8838139772415161	-0.61813426	36514.426	33941
143.44724	1.1213379	1.099055528640747	1.0375366	1.0906776189804077	1.0823975	1.0179998874664307	0.92678833	0.9864540696144104	0.9177551	0.9015312194824219	0.849823	0.8838139772415161	0.61813426	36514.426	33941
284.67725	1.3780518	1.099055528640747	1.2793579	1.0906776189804077	1.0770874	1.0179998874664307	0.93182373	0.9864540696144104	0.796875	0.9015312194824219	0.7425537	0.8838139772415161	-0.61813426	36514.426	33941
243.57635	1.7476196	1.099055528640747	1.5172119	1.0906776189804077	1.1517334	1.0179998874664307	0.8779907	0.9864540696144104	0.6739197	0.9015312194824219	0.59176636	0.8838139772415161	-0.61813426	36514.426	33941
399.05707	1.1662598	1.099055528640747	1.0496216	1.0906776189804077	1.1122437	1.0179998874664307	0.90545654	0.9864540696144104	0.91638184	0.9015312194824219	0.82925415	0.8838139772415161	0.61813426	36514.426	33941
179.57799	1.1126099	1.099055528640747	1.2650757	1.0906776189804077	0.90374756	1.0179998874664307	1.0714111	0.9864540696144104	0.8041687	0.9015312194824219	0.8489685	0.8838139772415161	0.61813426	36514.426	33941
72.34236	1.5875854	1.099055528640747	1.3515015	1.0906776189804077	1.1747437	1.0179998874664307	0.86083984	0.9864540696144104	0.7562256	0.9015312194824219	0.65097046	0.8838139772415161	0.61813426	36514.426	33941
275.04327	1.581604	1.099055528640747	1.4467773	1.0906776189804077	1.0931396	1.0179998874664307	0.91571045	0.9864540696144104	0.7139282	0.9015312194824219	0.65374756	0.8838139772415161	-0.61813426	36514.426	33941
82.406975	1.7642822	1.099055528640747	1.0791626	1.0906776189804077	1.5076904	1.0179998874664307	0.56677246	0.9864540696144104	0.9017639	0.9015312194824219	0.57199097	0.8838139772415161	0.61813426	36514.426	33941
56.390503	1.6994629	1.099055528640747	1.5835571	1.0906776189804077	1.0726929	1.0179998874664307	0.9355774	0.9864540696144104	0.6413269	0.9015312194824219	0.6003418	0.8838139772415161	-0.61813426	36514.426	33941
25.539282	1.1330566	1.099055528640747	1.076416	1.0906776189804077	1.0531006	1.0179998874664307	0.94729614	0.9864540696144104	0.89352417	0.9015312194824219	0.8461304	0.8838139772415161	0.61813426	36514.426	33941
138.20972	1.6539307	1.099055528640747	1.5820312	1.0906776189804077	1.0452881	1.0179998874664307	0.9566345	0.9864540696144104	0.6483154	0.9015312194824219	0.6203308	0.8838139772415161	-0.61813426	36514.426	33941
115.67421	0.894928	1.099055528640747	0.82040405	1.0906776189804077	1.0839233	1.0179998874664307	0.9256592	0.9864540696144104	1.0233765	0.9015312194824219	0.94973755	0.8838139772415161	0.61813426	36514.426	33941
183.67342	1.3621216	1.099055528640747	1.293457	1.0906776189804077	1.0531006	1.0179998874664307	0.9508972	0.9864540696144104	0.7895813	0.9015312194824219	0.75079346	0.8838139772415161	0.61813426	36514.426	33941
221.79959	1.6264648	1.099055528640747	1.369812	1.0906776189804077	1.1873779	1.0179998874664307	0.85266113	0.9864540696144104	0.7475586	0.9015312194824219	0.63742065	0.8838139772415161	0.61813426	36514.426	33941
59.966568	1.2858276	1.099055528640747	1.1194458	1.0906776189804077	1.1489258	1.0179998874664307	0.87857056	0.9864540696144104	0.87768555	0.9015312194824219	0.77093506	0.8838139772415161	0.61813426	36514.426	33941
593.6066	1.0924683	1.099055528640747	0.9430847	1.0906776189804077	1.1560059	1.0179998874664307	0.8725586	0.9864540696144104	1.012146	0.9015312194824219	0.88430786	0.8838139772415161	0.61813426	36514.426	33941
170.41747	1.3013306	1.099055528640747	1.3430176	1.0906776189804077	0.97351074	1.0179998874664307	1.0175781	0.9864540696144104	0.7633972	0.9015312194824219	0.7741394	0.8838139772415161	0.61813426	36514.426	33941
56.553417	1.0961914	1.099055528640747	1.036499	1.0906776189804077	1.0562744	1.0179998874664307	0.94821167	0.9864540696144104	0.94625854	0.9015312194824219	0.8980408	0.8838139772415161	0.61813426	36514.426	33941
149.24939	1.5180054	1.099055528640747	1.3842773	1.0906776189804077	1.0965576	1.0179998874664307	0.916626	0.9864540696144104	0.7437439	0.9015312194824219	0.6817627	0.8838139772415161	0.61813426	36514.426	33941
108.236404	0.998291	1.099055528640747	0.8758545	1.0906776189804077	1.1431274	1.0179998874664307	0.8836975	0.9864540696144104	0.9953613	0.9015312194824219	0.878479	0.8838139772415161	0.61813426	36514.426	33941
182.1665	1.5750732	1.099055528640747	1.4373169	1.0906776189804077	1.0975342	1.0179998874664307	0.919281	0.9864540696144104	0.72058105	0.9015312194824219	0.66156006	0.8838139772415161	0.61813426	36514.426	33941
100.87968	1.5690918	1.099055528640747	1.4312134	1.0906776189804077	1.0964966	1.0179998874664307	0.91674805	0.9864540696144104	0.72125244	0.9015312194824219	0.6611023	0.8838139772415161	0.61813426	36514.426	33941
59.645035	1.0244751	1.099055528640747	0.9665222	1.0906776189804077	1.0576782	1.0179998874664307	0.94647217	0.9864540696144104	0.9898071	0.9015312194824219	0.9380493	0.8838139772415161	0.61813426	36514.426	33941
43.859688	1.6551514	1.099055528640747	1.4347534	1.0906776189804077	1.1536255	1.0179998874664307	0.87475586	0.9864540696144104	0.7182312	0.9015312194824219	0.6282654	0.8838139772415161	-0.61813426	36514.426	33941
70.697495	1.1078491	1.099055528640747	1.0464478	1.0906776189804077	1.0563354	1.0179998874664307	0.9479065	0.9864540696144104	0.9087219	0.9015312194824219	0.86242676	0.8838139772415161	0.61813426	36514.426	33941
43.855278	1.6821289	1.099055528640747	1.4493408	1.0906776189804077	1.1606445	1.0179998874664307	0.87216187	0.9864540696144104	0.71292114	0.9015312194824219	0.62176514	0.8838139772415161	-0.61813426	36514.426	33941
175.8555	0.8998413	1.099055528640747	1.0683594	1.0906776189804077	0.8782959	1.0179998874664307	1.1187134	0.9864540696144104	0.9276123	0.9015312194824219	1.0150146	0.8838139772415161	0.61813426	36514.426	33941
253.35765	1.0603027	1.099055528640747	0.9501953	1.0906776189804077	1.1119385	1.0179998874664307	0.90475464	0.9864540696144104	0.9621887	0.9015312194824219	0.8720703	0.8838139772415161	0.61813426	36514.426	33941
145.46864	1.5431519	1.099055528640747	1.4231567	1.0906776189804077	1.0842896	1.0179998874664307	0.9256592	0.9864540696144104	0.7238159	0.9015312194824219	0.6700134	0.8838139772415161	0.61813426	36514.426	33941
179.82445	1.7701416	1.099055528640747	1.4188232	1.0906776189804077	1.2476196	1.0179998874664307	0.81637573	0.9864540696144104	0.72631836	0.9015312194824219	0.59295654	0.8838139772415161	0.61813426	36514.426	33941
305.51947	1.5189209	1.099055528640747	1.4242554	1.0906776189804077	1.0664673	1.0179998874664307	0.94055176	0.9864540696144104	0.72335815	0.9015312194824219	0.68032837	0.8838139772415161	-0.61813426	36514.426	33941
187.9841	1.453125	1.099055528640747	1.3950806	1.0906776189804077	1.041626	1.0179998874664307	0.9613037	0.9864540696144104	0.73605347	0.9015312194824219	0.70755005	0.8838139772415161	-0.61813426	36514.426	33941
141.5653	1.6624756	1.099055528640747	1.4498901	1.0906776189804077	1.1466064	1.0179998874664307	0.8814087	0.9864540696144104	0.712677	0.9015312194824219	0.6281433	0.8838139772415161	0.61813426	36514.426	33941
324.73608	1.569397	1.099055528640747	1.4143066	1.0906776189804077	1.1101685	1.0179998874664307	0.90878296	0.9864540696144104	0.7287903	0.9015312194824219	0.66204834	0.8838139772415161	0.61813426	36514.426	33941
38.49467	1.15625	1.099055528640747	1.1002197	1.0906776189804077	1.0502319	1.0179998874664307	0.953125	0.9864540696144104	0.90823364	0.9015312194824219	0.86608887	0.8838139772415161	0.61813426	36514.426	33941
96.86236	1.5610962	1.099055528640747	1.4622192	1.0906776189804077	1.067627	1.0179998874664307	0.93896484	0.9864540696144104	0.70773315	0.9015312194824219	0.66452026	0.8838139772415161	0.61813426	36514.426	33941
478.108	1.0072021	1.099055528640747	0.91345215	1.0906776189804077	1.0984497	1.0179998874664307	0.91464233	0.9864540696144104	0.9845581	0.9015312194824219	0.90219116	0.8838139772415161	0.61813426	36514.426	33941
22.052122	2.1883545	1.099055528640747	1.5062866	1.0906776189804077	1.4555664	1.0179998874664307	0.792511	0.9864540696144104	0.684906	0.9015312194824219	0.54241943	0.8838139772415161	-0.61813426	36514.426	33941
37.760838	1.3564453	1.099055528640747	1.4136353	1.0906776189804077	0.9637451	1.0179998874664307	1.03302	0.9864540696144104	0.7321167	0.9015312194824219	0.7536316	0.8838139772415161	0.61813426	36514.426	33941
122.90906	1.088623	1.099055528640747	1.0247803	1.0906776189804077	1.060791	1.0179998874664307	0.94433594	0.9864540696144104	0.95318604	0.9015312194824219	0.901001	0.8838139772415161	0.61813426	36514.426	33941
184.40576	1.3977051	1.099055528640747	1.2996826	1.0906776189804077	1.0753174	1.0179998874664307	0.9317322	0.9864540696144104	0.78671265	0.9015312194824219	0.7330017	0.8838139772415161	0.61813426	36514.426	33941
67.824814	1.6454468	1.099055528640747	1.4675903	1.0906776189804077	1.1211548	1.0179998874664307	0.89901733	0.9864540696144104	0.7055664	0.9015312194824219	0.6343384	0.8838139772415161	0.61813426	36514.426	33941
294.93362	0.9758301	1.099055528640747	0.87008667	1.0906776189804077	1.1245117	1.0179998874664307	0.89645386	0.9864540696144104	1.0065918	0.9015312194824219	0.90127563	0.8838139772415161	0.61813426	36514.426	33941
120.24388	1.2364502	1.099055528640747	1.1726685	1.0906776189804077	1.0533447	1.0179998874664307	0.9477234	0.9864540696144104	0.84695435	0.9015312194824219	0.80322266	0.8838139772415161	0.61813426	36514.426	33941
116.77974	1.6227417	1.099055528640747	1.4659424	1.0906776189804077	1.1072388	1.0179998874664307	0.90771484	0.9864540696144104	0.7057495	0.9015312194824219	0.6404724	0.8838139772415161	-0.61813426	36514.426	33941
209.19934	0.97146606	1.099055528640747	0.8692932	1.0906776189804077	1.1209717	1.0179998874664307	0.8995056	0.9864540696144104	0.99520874	0.9015312194824219	0.89404297	0.8838139772415161	0.61813426	36514.426	33941
233.31322	1.1104736	1.099055528640747	1.0524902	1.0906776189804077	1.053833	1.0179998874664307	0.94940186	0.9864540696144104	0.9353943	0.9015312194824219	0.88882446	0.8838139772415161	0.61813426	36514.426	33941
42.31549	1.0883789	1.099055528640747	1.0169067	1.0906776189804077	1.0719604	1.0179998874664307	0.93566895	0.9864540696144104	0.92099	0.9015312194824219	0.86102295	0.8838139772415161	0.61813426	36514.426	33941
57.707664	1.6453247	1.099055528640747	1.4772339	1.0906776189804077	1.1138306	1.0179998874664307	0.9026184	0.9864540696144104	0.70181274	0.9015312194824219	0.63345337	0.8838139772415161	-0.61813426	36514.426	33941
153.30902	1.3453369	1.099055528640747	1.3043823	1.0906776189804077	1.0313721	1.0179998874664307	0.9687195	0.9864540696144104	0.7840271	0.9015312194824219	0.75949097	0.8838139772415161	-0.61813426	36514.426	33941
134.18295	1.0129395	1.099055528640747	1.2108765	1.0906776189804077	0.87387085	1.0179998874664307	1.1262207	0.9864540696144104	0.8294983	0.9015312194824219	0.91278076	0.8838139772415161	0.61813426	36514.426	33941
211.67244	1.3094482	1.099055528640747	1.3474731	1.0906776189804077	0.9761963	1.0179998874664307	1.0165405	0.9864540696144104	0.7611389	0.9015312194824219	0.77111816	0.8838139772415161	0.61813426	36514.426	33941
30.459904	1.6425171	1.099055528640747	1.4320068	1.0906776189804077	1.1470337	1.0179998874664307	0.88064575	0.9864540696144104	0.7200928	0.9015312194824219	0.63412476	0.8838139772415161	-0.61813426	36514.426	33941
40.480885	1.3565063	1.099055528640747	1.3652344	1.0906776189804077	0.9973755	1.0179998874664307	1.0006104	0.9864540696144104	0.7527466	0.9015312194824219	0.75097656	0.8838139772415161	0.61813426	36514.426	33941
48.50442	1.5700073	1.099055528640747	1.46698	1.0906776189804077	1.0702515	1.0179998874664307	0.93536377	0.9864540696144104	0.70584106	0.9015312194824219	0.66018677	0.8838139772415161	-0.61813426	36514.426	33941
80.64724	1.6430664	1.099055528640747	1.4625244	1.0906776189804077	1.1234741	1.0179998874664307	0.8963928	0.9864540696144104	0.7076111	0.9015312194824219	0.63430786	0.8838139772415161	0.61813426	36514.426	33941
49.29428	1.670166	1.099055528640747	1.4293823	1.0906776189804077	1.168457	1.0179998874664307	0.86621094	0.9864540696144104	0.7211914	0.9015312194824219	0.6246948	0.8838139772415161	-0.61813426	36514.426	33941
26.78801	1.3638306	1.099055528640747	1.225769	1.0906776189804077	1.1126099	1.0179998874664307	0.9050293	0.9864540696144104	0.82299805	0.9015312194824219	0.7448425	0.8838139772415161	0.61813426	36514.426	33941
38.794807	1.4960327	1.099055528640747	1.3516235	1.0906776189804077	1.1066895	1.0179998874664307	0.90927124	0.9864540696144104	0.76119995	0.9015312194824219	0.6922302	0.8838139772415161	0.61813426	36514.426	33941
525.7766	1.3742065	1.099055528640747	1.3366089	1.0906776189804077	1.0307007	1.0179998874664307	0.9707947	0.9864540696144104	0.7658386	0.9015312194824219	0.7419739	0.8838139772415161	0.61813426	36514.426	33941
74.25702	1.2281494	1.099055528640747	1.170166	1.0906776189804077	1.0484619	1.0179998874664307	0.9541321	0.9864540696144104	0.8474121	0.9015312194824219	0.80911255	0.8838139772415161	0.61813426	36514.426	33941
89.98273	1.4196167	1.099055528640747	1.387085	1.0906776189804077	1.0262451	1.0179998874664307	0.9760742	0.9864540696144104	0.74264526	0.9015312194824219	0.7232361	0.8838139772415161	0.61813426	36514.426	33941
139.03435	1.645935	1.099055528640747	1.4006348	1.0906776189804077	1.1748047	1.0179998874664307	0.86312866	0.9864540696144104	0.7344055	0.9015312194824219	0.6340332	0.8838139772415161	0.61813426	36514.426	33941
136.1841	1.4807739	1.099055528640747	1.0634155	1.0906776189804077	1.3231812	1.0179998874664307	0.7466736	0.9864540696144104	0.90600586	0.9015312194824219	0.7044983	0.8838139772415161	0.61813426	36514.426	33941
82.61847	1.614624	1.099055528640747	1.4493408	1.0906776189804077	1.1140747	1.0179998874664307	0.903656	0.9864540696144104	0.7128906	0.9015312194824219	0.6442261	0.8838139772415161	0.61813426	36514.426	33941
27.274618	1.1641846	1.099055528640747	1.0807495	1.0906776189804077	1.0755005	1.0179998874664307	0.93237305	0.9864540696144104	0.920166	0.9015312194824219	0.85891724	0.8838139772415161	0.61813426	36514.426	33941
46.08813	1.5192261	1.099055528640747	1.4284668	1.0906776189804077	1.0651245	1.0179998874664307	0.9545288	0.9864540696144104	0.7247925	0.9015312194824219	0.69070435	0.8838139772415161	0.61813426	36514.426	33941
174.66975	1.28656	1.099055528640747	1.1966553	1.0906776189804077	1.0741577	1.0179998874664307	0.93426514	0.9864540696144104	0.8378296	0.9015312194824219	0.78323364	0.8838139772415161	0.61813426	36514.426	33941
296.6401	1.3302612	1.099055528640747	1.3840332	1.0906776189804077	0.9649048	1.0179998874664307	1.033081	0.9864540696144104	0.7441406	0.9015312194824219	0.76638794	0.8838139772415161	0.61813426	36514.426	33941
78.90736	1.6882324	1.099055528640747	1.4246826	1.0906776189804077	1.1849365	1.0179998874664307	0.85336304	0.9864540696144104	0.72317505	0.9015312194824219	0.61712646	0.8838139772415161	-0.61813426	36514.426	33941
102.63329	1.6760864	1.099055528640747	1.4473267	1.0906776189804077	1.15802	1.0179998874664307	0.87332153	0.9864540696144104	0.71188354	0.9015312194824219	0.6217041	0.8838139772415161	-0.61813426	36514.426	33941
69.99842	1.201294	1.099055528640747	1.2329712	1.0906776189804077	0.9786682	1.0179998874664307	1.0145874	0.9864540696144104	0.8253784	0.9015312194824219	0.83462524	0.8838139772415161	0.61813426	36514.426	33941
201.95575	1.458435	1.099055528640747	1.2903442	1.0906776189804077	1.130188	1.0179998874664307	0.89279175	0.9864540696144104	0.79089355	0.9015312194824219	0.70617676	0.8838139772415161	0.61813426	36514.426	33941
51.996433	1.6483765	1.099055528640747	1.4359131	1.0906776189804077	1.1479492	1.0179998874664307	0.8801575	0.9864540696144104	0.7207947	0.9015312194824219	0.63442993	0.8838139772415161	0.61813426	36514.426	33941
333.84003	1.2625732	1.099055528640747	1.1680908	1.0906776189804077	1.0800781	1.0179998874664307	0.9295044	0.9864540696144104	0.8539734	0.9015312194824219	0.79418945	0.8838139772415161	0.61813426	36514.426	33941
271.1049	1.4243164	1.099055528640747	1.2630615	1.0906776189804077	1.1276245	1.0179998874664307	0.8934326	0.9864540696144104	0.80563354	0.9015312194824219	0.7197876	0.8838139772415161	-0.61813426	36514.426	33941
235.46475	0.85601807	1.099055528640747	1.0961914	1.0906776189804077	0.8201294	1.0179998874664307	1.1675415	0.9864540696144104	0.9108887	0.9015312194824219	1.0386353	0.8838139772415161	0.61813426	36514.426	33941
349.70758	0.46743774	1.099055528640747	0.4091339	1.0906776189804077	1.1654053	1.0179998874664307	0.86834717	0.9864540696144104	1.2470093	0.9015312194824219	1.0792847	0.8838139772415161	0.61813426	36514.426	33941
193.24284	1.5234985	1.099055528640747	1.401123	1.0906776189804077	1.0897217	1.0179998874664307	0.92474365	0.9864540696144104	0.73587036	0.9015312194824219	0.6792908	0.8838139772415161	0.61813426	36514.426	33941
167.52971	1.3615723	1.099055528640747	1.1711426	1.0906776189804077	1.163208	1.0179998874664307	0.8706665	0.9864540696144104	0.8489075	0.9015312194824219	0.7388611	0.8838139772415161	0.61813426	36514.426	33941
512.00586	1.2677002	1.099055528640747	1.2229004	1.0906776189804077	1.0388794	1.0179998874664307	0.96429443	0.9864540696144104	0.8305664	0.9015312194824219	0.7994995	0.8838139772415161	0.61813426	36514.426	33941
204.34654	1.1604004	1.099055528640747	1.1672974	1.0906776189804077	1.0015259	1.0179998874664307	1.003479	0.9864540696144104	0.8666992	0.9015312194824219	0.8645935	0.8838139772415161	0.61813426	36514.426	33941
102.55921	1.5599365	1.099055528640747	1.4656372	1.0906776189804077	1.064331	1.0179998874664307	0.9419861	0.9864540696144104	0.70635986	0.9015312194824219	0.66537476	0.8838139772415161	0.61813426	36514.426	33941
72.381744	1.0777588	1.099055528640747	1.0181885	1.0906776189804077	1.0570068	1.0179998874664307	0.947052	0.9864540696144104	0.9581604	0.9015312194824219	0.9082947	0.8838139772415161	0.61813426	36514.426	33941
387.90878	1.0227661	1.099055528640747	1.2202148	1.0906776189804077	0.8753052	1.0179998874664307	1.1225586	0.9864540696144104	0.8251648	0.9015312194824219	0.9052124	0.8838139772415161	0.61813426	36514.426	33941
120.39608	1.3257446	1.099055528640747	1.3702393	1.0906776189804077	0.9781189	1.0179998874664307	1.0115356	0.9864540696144104	0.75183105	0.9015312194824219	0.7550049	0.8838139772415161	0.61813426	36514.426	33941
184.57767	0.967926	1.099055528640747	0.95462036	1.0906776189804077	1.0111084	1.0179998874664307	0.9819641	0.9864540696144104	0.99612427	0.9015312194824219	0.9797058	0.8838139772415161	0.61813426	36514.426	33941
98.36464	1.4354858	1.099055528640747	1.123291	1.0906776189804077	1.2443848	1.0179998874664307	0.810791	0.9864540696144104	0.87387085	0.9015312194824219	0.7218628	0.8838139772415161	0.61813426	36514.426	33941
121.97439	0.9636841	1.099055528640747	1.1188354	1.0906776189804077	0.88674927	1.0179998874664307	1.1062622	0.9864540696144104	0.89627075	0.9015312194824219	0.97525024	0.8838139772415161	0.61813426	36514.426	33941
212.14755	1.4206543	1.099055528640747	1.06604	1.0906776189804077	1.2680054	1.0179998874664307	0.783905	0.9864540696144104	0.9045105	0.9015312194824219	0.73605347	0.8838139772415161	0.61813426	36514.426	33941
57.345352	1.5565186	1.099055528640747	1.4106445	1.0906776189804077	1.1033936	1.0179998874664307	0.91204834	0.9864540696144104	0.729187	0.9015312194824219	0.66503906	0.8838139772415161	0.61813426	36514.426	33941
305.3082	0.855011	1.099055528640747	1.1469116	1.0906776189804077	0.8135681	1.0179998874664307	1.1760254	0.9864540696144104	0.86346436	0.9015312194824219	0.9793701	0.8838139772415161	0.61813426	36514.426	33941
62.15604	1.5413818	1.099055528640747	1.4145508	1.0906776189804077	1.0897217	1.0179998874664307	0.921875	0.9864540696144104	0.72750854	0.9015312194824219	0.6706848	0.8838139772415161	0.61813426	36514.426	33941
120.92084	1.5378418	1.099055528640747	1.4147949	1.0906776189804077	1.0869751	1.0179998874664307	0.924469	0.9864540696144104	0.7273865	0.9015312194824219	0.67245483	0.8838139772415161	0.61813426	36514.426	33941
179.61667	1.234375	1.099055528640747	1.1516113	1.0906776189804077	1.0735474	1.0179998874664307	0.94421387	0.9864540696144104	0.8762207	0.9015312194824219	0.8255615	0.8838139772415161	0.61813426	36514.426	33941
217.40265	1.7889404	1.099055528640747	1.5698242	1.0906776189804077	1.1397095	1.0179998874664307	0.883728	0.9864540696144104	0.6485901	0.9015312194824219	0.5730896	0.8838139772415161	-0.61813426	36514.426	33941
128.59811	1.1916504	1.099055528640747	1.2242432	1.0906776189804077	0.97766113	1.0179998874664307	1.0229492	0.9864540696144104	0.83169556	0.9015312194824219	0.8477783	0.8838139772415161	0.61813426	36514.426	33941
184.16602	1.7346191	1.099055528640747	1.4865112	1.0906776189804077	1.1669312	1.0179998874664307	0.86724854	0.9864540696144104	0.6951599	0.9015312194824219	0.60287476	0.8838139772415161	-0.61813426	36514.426	33941
174.33122	1.1471558	1.099055528640747	1.010376	1.0906776189804077	1.1243896	1.0179998874664307	0.8951111	0.9864540696144104	0.962677	0.9015312194824219	0.8670044	0.8838139772415161	0.61813426	36514.426	33941
231.98631	1.5466309	1.099055528640747	1.4249878	1.0906776189804077	1.0853882	1.0179998874664307	0.92526245	0.9864540696144104	0.72302246	0.9015312194824219	0.66900635	0.8838139772415161	-0.61813426	36514.426	33941
