lep_pt	LHE_dd	LHES_dd	LHE_dm	LHES_dm	LHE_md	LHES_md	LHE_um	LHES_um	LHE_mu	LHES_mu	LHE_uu	LHES_uu	genWeights	sumWeight	N_exp
51.37147	1.3164062	1.1043879985809326	1.2182007	1.0932875871658325	1.0805664	1.0197168588638306	0.9289856	0.984743058681488	0.8349304	0.9000908732414246	0.7756653	0.8812391757965088	0.61813426	33921.355	33941
253.15884	1.0321655	1.1043879985809326	1.1576538	1.0932875871658325	0.90960693	1.0197168588638306	1.0826416	0.984743058681488	0.87246704	0.9000908732414246	0.9329834	0.8812391757965088	0.61813426	33921.355	33941
69.28341	1.3033447	1.1043879985809326	1.2321167	1.0932875871658325	1.0577393	1.0197168588638306	0.94692993	0.984743058681488	0.8272095	0.9000908732414246	0.7833557	0.8812391757965088	0.61813426	33921.355	33941
222.24544	1.4666138	1.1043879985809326	1.3320923	1.0932875871658325	1.0979614	1.0197168588638306	0.91482544	0.984743058681488	0.7697754	0.9000908732414246	0.70562744	0.8812391757965088	0.61813426	33921.355	33941
107.83794	1.888794	1.1043879985809326	1.1837769	1.0932875871658325	1.5056763	1.0197168588638306	0.59088135	0.984743058681488	0.8433533	0.9000908732414246	0.5398865	0.8812391757965088	0.61813426	33921.355	33941
251.82835	1.5810547	1.1043879985809326	1.4490356	1.0932875871658325	1.0910645	1.0197168588638306	0.92108154	0.984743058681488	0.7130127	0.9000908732414246	0.6567383	0.8812391757965088	-0.61813426	33921.355	33941
268.54947	1.2406006	1.1043879985809326	1.2348022	1.0932875871658325	1.0068359	1.0197168588638306	0.99658203	0.984743058681488	0.82507324	0.9000908732414246	0.8206787	0.8812391757965088	0.61813426	33921.355	33941
100.31995	1.6189575	1.1043879985809326	1.4735718	1.0932875871658325	1.0986938	1.0197168588638306	0.9138489	0.984743058681488	0.69921875	0.9000908732414246	0.63894653	0.8812391757965088	-0.61813426	33921.355	33941
305.85236	1.4697876	1.1043879985809326	1.291748	1.0932875871658325	1.1378784	1.0197168588638306	0.88687134	0.984743058681488	0.79071045	0.9000908732414246	0.7012329	0.8812391757965088	0.61813426	33921.355	33941
73.49455	1.1291504	1.1043879985809326	1.0539551	1.0932875871658325	1.0701294	1.0197168588638306	0.9371948	0.984743058681488	0.9366455	0.9000908732414246	0.87854004	0.8812391757965088	0.61813426	33921.355	33941
296.46643	1.531311	1.1043879985809326	1.4146729	1.0932875871658325	1.0824585	1.0197168588638306	0.92770386	0.984743058681488	0.7274475	0.9000908732414246	0.6748657	0.8812391757965088	-0.61813426	33921.355	33941
140.54407	1.3632812	1.1043879985809326	1.270752	1.0932875871658325	1.072815	1.0197168588638306	0.9355774	0.984743058681488	0.80319214	0.9000908732414246	0.75146484	0.8812391757965088	0.61813426	33921.355	33941
170.1948	1.605957	1.1043879985809326	1.4116821	1.0932875871658325	1.1378784	1.0197168588638306	0.88793945	0.984743058681488	0.7293701	0.9000908732414246	0.64749146	0.8812391757965088	0.61813426	33921.355	33941
124.3542	1.5419922	1.1043879985809326	1.4701538	1.0932875871658325	1.0488892	1.0197168588638306	0.9524536	0.984743058681488	0.7045593	0.9000908732414246	0.671051	0.8812391757965088	0.61813426	33921.355	33941
71.53218	1.5422363	1.1043879985809326	1.4425049	1.0932875871658325	1.0690918	1.0197168588638306	0.93847656	0.984743058681488	0.71572876	0.9000908732414246	0.6716919	0.8812391757965088	-0.61813426	33921.355	33941
119.75431	1.5679932	1.1043879985809326	1.4526978	1.0932875871658325	1.0793457	1.0197168588638306	0.92993164	0.984743058681488	0.71154785	0.9000908732414246	0.6616821	0.8812391757965088	-0.61813426	33921.355	33941
309.1573	0.22081757	1.1043879985809326	0.21064758	1.0932875871658325	1.1104126	1.0197168588638306	0.90600586	0.984743058681488	1.3446045	0.9000908732414246	1.2128296	0.8812391757965088	0.61813426	33921.355	33941
50.755478	1.144104	1.1043879985809326	1.0858765	1.0932875871658325	1.0516968	1.0197168588638306	0.95111084	0.984743058681488	0.9153137	0.9000908732414246	0.87164307	0.8812391757965088	0.61813426	33921.355	33941
44.59746	1.2758789	1.1043879985809326	1.2021484	1.0932875871658325	1.0612183	1.0197168588638306	0.9443054	0.984743058681488	0.8451843	0.9000908732414246	0.79818726	0.8812391757965088	0.61813426	33921.355	33941
105.77747	1.4918823	1.1043879985809326	1.4174805	1.0932875871658325	1.0552368	1.0197168588638306	0.9508972	0.984743058681488	0.72909546	0.9000908732414246	0.691864	0.8812391757965088	0.61813426	33921.355	33941
89.71995	1.6116333	1.1043879985809326	1.4591675	1.0932875871658325	1.1046753	1.0197168588638306	0.9130249	0.984743058681488	0.70977783	0.9000908732414246	0.6479492	0.8812391757965088	0.61813426	33921.355	33941
80.12519	1.6908569	1.1043879985809326	1.4060669	1.0932875871658325	1.2025757	1.0197168588638306	0.84368896	0.984743058681488	0.73117065	0.9000908732414246	0.61691284	0.8812391757965088	0.61813426	33921.355	33941
147.90482	0.7456665	1.1043879985809326	1.2792358	1.0932875871658325	0.6376343	1.0197168588638306	1.3085938	0.984743058681488	0.79681396	0.9000908732414246	1.0125732	0.8812391757965088	0.61813426	33921.355	33941
77.35908	0.99420166	1.1043879985809326	1.1361694	1.0932875871658325	0.8963623	1.0197168588638306	1.0946655	0.984743058681488	0.8858948	0.9000908732414246	0.9561157	0.8812391757965088	0.61813426	33921.355	33941
141.14803	1.258606	1.1043879985809326	1.187561	1.0932875871658325	1.0587769	1.0197168588638306	0.94433594	0.984743058681488	0.83810425	0.9000908732414246	0.7919922	0.8812391757965088	0.61813426	33921.355	33941
128.48436	1.5715332	1.1043879985809326	1.4176025	1.0932875871658325	1.1085815	1.0197168588638306	0.9076538	0.984743058681488	0.7262268	0.9000908732414246	0.65914917	0.8812391757965088	-0.61813426	33921.355	33941
30.573507	1.583374	1.1043879985809326	1.4502563	1.0932875871658325	1.0917969	1.0197168588638306	0.920166	0.984743058681488	0.7125244	0.9000908732414246	0.65563965	0.8812391757965088	-0.61813426	33921.355	33941
90.68531	1.6069946	1.1043879985809326	1.4296265	1.0932875871658325	1.1240845	1.0197168588638306	0.898468	0.984743058681488	0.72106934	0.9000908732414246	0.64785767	0.8812391757965088	-0.61813426	33921.355	33941
223.56697	1.5501099	1.1043879985809326	1.4348145	1.0932875871658325	1.0803833	1.0197168588638306	0.92941284	0.984743058681488	0.7189331	0.9000908732414246	0.6681824	0.8812391757965088	0.61813426	33921.355	33941
71.23538	0.7880554	1.1043879985809326	1.2431641	1.0932875871658325	0.70874023	1.0197168588638306	1.2272949	0.984743058681488	0.81314087	0.9000908732414246	0.96240234	0.8812391757965088	0.61813426	33921.355	33941
384.0001	1.6478271	1.1043879985809326	1.4192505	1.0932875871658325	1.1610107	1.0197168588638306	0.87002563	0.984743058681488	0.7224426	0.9000908732414246	0.62857056	0.8812391757965088	-0.61813426	33921.355	33941
67.682686	1.5388184	1.1043879985809326	1.4459839	1.0932875871658325	1.064209	1.0197168588638306	0.9373169	0.984743058681488	0.71429443	0.9000908732414246	0.66952515	0.8812391757965088	-0.61813426	33921.355	33941
39.464317	1.1841431	1.1043879985809326	1.1136475	1.0932875871658325	1.0640869	1.0197168588638306	0.94158936	0.984743058681488	0.8798218	0.9000908732414246	0.82806396	0.8812391757965088	0.61813426	33921.355	33941
56.60257	1.1569214	1.1043879985809326	1.0120239	1.0932875871658325	1.1460571	1.0197168588638306	0.881958	0.984743058681488	0.9300537	0.9000908732414246	0.81915283	0.8812391757965088	0.61813426	33921.355	33941
216.1806	1.1126099	1.1043879985809326	1.2295532	1.0932875871658325	0.9122009	1.0197168588638306	1.0826416	0.984743058681488	0.82870483	0.9000908732414246	0.8920288	0.8812391757965088	0.61813426	33921.355	33941
97.88763	1.6013184	1.1043879985809326	1.4532471	1.0932875871658325	1.1018677	1.0197168588638306	0.9122925	0.984743058681488	0.7113342	0.9000908732414246	0.6489563	0.8812391757965088	-0.61813426	33921.355	33941
162.83636	1.5221558	1.1043879985809326	1.4575806	1.0932875871658325	1.0443115	1.0197168588638306	0.9506531	0.984743058681488	0.7095947	0.9000908732414246	0.67456055	0.8812391757965088	0.61813426	33921.355	33941
92.65232	1.2503662	1.1043879985809326	1.1402588	1.0932875871658325	1.09552	1.0197168588638306	0.9173279	0.984743058681488	0.87042236	0.9000908732414246	0.79901123	0.8812391757965088	0.61813426	33921.355	33941
130.34819	1.7571411	1.1043879985809326	1.0189819	1.0932875871658325	1.5613403	1.0197168588638306	0.54263306	0.984743058681488	0.936615	0.9000908732414246	0.57992554	0.8812391757965088	0.61813426	33921.355	33941
147.83836	1.223999	1.1043879985809326	1.341919	1.0932875871658325	0.92303467	1.0197168588638306	1.0701294	0.984743058681488	0.76571655	0.9000908732414246	0.81274414	0.8812391757965088	0.61813426	33921.355	33941
110.33146	1.5714111	1.1043879985809326	1.4145508	1.0932875871658325	1.1113892	1.0197168588638306	0.90740967	0.984743058681488	0.729126	0.9000908732414246	0.6613159	0.8812391757965088	0.61813426	33921.355	33941
41.709454	1.5685425	1.1043879985809326	1.4916992	1.0932875871658325	1.0515137	1.0197168588638306	0.948761	0.984743058681488	0.6961975	0.9000908732414246	0.660553	0.8812391757965088	-0.61813426	33921.355	33941
194.95932	1.65448	1.1043879985809326	1.4260864	1.0932875871658325	1.1606445	1.0197168588638306	0.8661804	0.984743058681488	0.7210083	0.9000908732414246	0.62423706	0.8812391757965088	-0.61813426	33921.355	33941
375.18384	1.5983276	1.1043879985809326	1.4058838	1.0932875871658325	1.1369019	1.0197168588638306	0.8871155	0.984743058681488	0.7312622	0.9000908732414246	0.6487427	0.8812391757965088	-0.61813426	33921.355	33941
66.20218	1.411499	1.1043879985809326	1.4126587	1.0932875871658325	0.99902344	1.0197168588638306	0.99346924	0.984743058681488	0.7173462	0.9000908732414246	0.7128296	0.8812391757965088	-0.61813426	33921.355	33941
91.52328	1.8450317	1.1043879985809326	1.6172485	1.0932875871658325	1.1411743	1.0197168588638306	0.8847046	0.984743058681488	0.6201782	0.9000908732414246	0.54849243	0.8812391757965088	-0.61813426	33921.355	33941
23.477173	1.689148	1.1043879985809326	1.4991455	1.0932875871658325	1.1279297	1.0197168588638306	0.89541626	0.984743058681488	0.6913452	0.9000908732414246	0.61846924	0.8812391757965088	-0.61813426	33921.355	33941
249.29393	1.5289307	1.1043879985809326	1.4241333	1.0932875871658325	1.0736084	1.0197168588638306	0.934845	0.984743058681488	0.7234192	0.9000908732414246	0.67626953	0.8812391757965088	0.61813426	33921.355	33941
97.43862	1.194397	1.1043879985809326	1.1060791	1.0932875871658325	1.0786743	1.0197168588638306	0.92993164	0.984743058681488	0.90448	0.9000908732414246	0.84176636	0.8812391757965088	0.61813426	33921.355	33941
119.48534	1.491394	1.1043879985809326	1.4022827	1.0932875871658325	1.0648193	1.0197168588638306	0.94436646	0.984743058681488	0.7348633	0.9000908732414246	0.6932678	0.8812391757965088	0.61813426	33921.355	33941
592.19165	1.2787476	1.1043879985809326	1.1716309	1.0932875871658325	1.0905151	1.0197168588638306	0.92111206	0.984743058681488	0.8500061	0.9000908732414246	0.78338623	0.8812391757965088	0.61813426	33921.355	33941
98.54109	1.2749634	1.1043879985809326	1.1090698	1.0932875871658325	1.1384277	1.0197168588638306	0.88739014	0.984743058681488	0.87942505	0.9000908732414246	0.7843933	0.8812391757965088	0.61813426	33921.355	33941
148.68207	1.5210571	1.1043879985809326	1.3516846	1.0932875871658325	1.1251221	1.0197168588638306	0.89627075	0.984743058681488	0.7609863	0.9000908732414246	0.6821289	0.8812391757965088	0.61813426	33921.355	33941
124.63095	1.1347656	1.1043879985809326	1.2030029	1.0932875871658325	0.953949	1.0197168588638306	1.0421143	0.984743058681488	0.8446045	0.9000908732414246	0.87332153	0.8812391757965088	0.61813426	33921.355	33941
158.71956	1.6373291	1.1043879985809326	1.4457397	1.0932875871658325	1.1325073	1.0197168588638306	0.890625	0.984743058681488	0.714386	0.9000908732414246	0.63623047	0.8812391757965088	-0.61813426	33921.355	33941
249.62474	1.0866699	1.1043879985809326	0.9837036	1.0932875871658325	1.1020508	1.0197168588638306	0.9123535	0.984743058681488	0.94918823	0.9000908732414246	0.86709595	0.8812391757965088	0.61813426	33921.355	33941
50.97066	1.3807983	1.1043879985809326	1.1190796	1.0932875871658325	1.2348022	1.0197168588638306	0.82525635	0.984743058681488	0.8747864	0.9000908732414246	0.72158813	0.8812391757965088	0.61813426	33921.355	33941
115.20681	1.222168	1.1043879985809326	1.0824585	1.0932875871658325	1.1299438	1.0197168588638306	0.8930359	0.984743058681488	0.90008545	0.9000908732414246	0.8034363	0.8812391757965088	0.61813426	33921.355	33941
74.371574	1.5649414	1.1043879985809326	1.4615479	1.0932875871658325	1.0707397	1.0197168588638306	0.9364319	0.984743058681488	0.7080078	0.9000908732414246	0.6629944	0.8812391757965088	-0.61813426	33921.355	33941
43.019287	1.6640625	1.1043879985809326	1.1397095	1.0932875871658325	1.3728638	1.0197168588638306	0.684906	0.984743058681488	0.86102295	0.9000908732414246	0.6286011	0.8812391757965088	0.61813426	33921.355	33941
215.37689	1.3152466	1.1043879985809326	1.3360596	1.0932875871658325	0.989624	1.0197168588638306	1.0031128	0.984743058681488	0.7670288	0.9000908732414246	0.7664795	0.8812391757965088	0.61813426	33921.355	33941
47.5881	1.2475586	1.1043879985809326	1.1477051	1.0932875871658325	1.0866089	1.0197168588638306	0.9237366	0.984743058681488	0.87905884	0.9000908732414246	0.81225586	0.8812391757965088	0.61813426	33921.355	33941
24.191227	1.2880859	1.1043879985809326	1.3387451	1.0932875871658325	0.96817017	1.0197168588638306	1.0239258	0.984743058681488	0.7659607	0.9000908732414246	0.78079224	0.8812391757965088	0.61813426	33921.355	33941
108.15735	1.1663208	1.1043879985809326	1.0966187	1.0932875871658325	1.0627441	1.0197168588638306	0.94281006	0.984743058681488	0.90979004	0.9000908732414246	0.85824585	0.8812391757965088	0.61813426	33921.355	33941
55.858326	1.1758423	1.1043879985809326	1.0927734	1.0932875871658325	1.0769043	1.0197168588638306	0.93148804	0.984743058681488	0.88357544	0.9000908732414246	0.82266235	0.8812391757965088	0.61813426	33921.355	33941
205.80544	1.0463867	1.1043879985809326	1.0019531	1.0932875871658325	1.0421143	1.0197168588638306	0.9591675	0.984743058681488	0.9654541	0.9000908732414246	0.9272461	0.8812391757965088	0.61813426	33921.355	33941
210.34819	1.4542236	1.1043879985809326	1.427002	1.0932875871658325	1.019104	1.0197168588638306	0.97592163	0.984743058681488	0.72216797	0.9000908732414246	0.70480347	0.8812391757965088	0.61813426	33921.355	33941
18.963943	1.0748901	1.1043879985809326	0.9302063	1.0932875871658325	1.1439819	1.0197168588638306	0.88238525	0.984743058681488	0.9793396	0.9000908732414246	0.8682251	0.8812391757965088	0.61813426	33921.355	33941
128.7519	1.3377075	1.1043879985809326	1.255188	1.0932875871658325	1.0654907	1.0197168588638306	0.9406128	0.984743058681488	0.80960083	0.9000908732414246	0.7616577	0.8812391757965088	0.61813426	33921.355	33941
265.52115	1.5782471	1.1043879985809326	1.4187622	1.0932875871658325	1.1124268	1.0197168588638306	0.9047241	0.984743058681488	0.725708	0.9000908732414246	0.6565552	0.8812391757965088	-0.61813426	33921.355	33941
196.60934	1.3815918	1.1043879985809326	1.2977295	1.0932875871658325	1.0646362	1.0197168588638306	0.9411926	0.984743058681488	0.78738403	0.9000908732414246	0.74108887	0.8812391757965088	-0.61813426	33921.355	33941
109.17624	0.93811035	1.1043879985809326	1.25531	1.0932875871658325	0.79797363	1.0197168588638306	1.1514282	0.984743058681488	0.80841064	0.9000908732414246	0.9064026	0.8812391757965088	0.61813426	33921.355	33941
62.329082	1.6469727	1.1043879985809326	1.4401245	1.0932875871658325	1.1436157	1.0197168588638306	0.88305664	0.984743058681488	0.7167053	0.9000908732414246	0.63290405	0.8812391757965088	-0.61813426	33921.355	33941
436.8428	1.5708008	1.1043879985809326	1.4098511	1.0932875871658325	1.1147461	1.0197168588638306	0.90600586	0.984743058681488	0.73098755	0.9000908732414246	0.6619568	0.8812391757965088	0.61813426	33921.355	33941
67.937386	1.5863037	1.1043879985809326	1.4331665	1.0932875871658325	1.1070557	1.0197168588638306	0.9105835	0.984743058681488	0.7204895	0.9000908732414246	0.6559448	0.8812391757965088	0.61813426	33921.355	33941
211.0566	1.776001	1.1043879985809326	1.5849609	1.0932875871658325	1.1206055	1.0197168588638306	0.8981018	0.984743058681488	0.64401245	0.9000908732414246	0.5783081	0.8812391757965088	-0.61813426	33921.355	33941
84.19083	1.5647583	1.1043879985809326	1.4627075	1.0932875871658325	1.0697632	1.0197168588638306	0.93273926	0.984743058681488	0.70751953	0.9000908732414246	0.6599426	0.8812391757965088	0.61813426	33921.355	33941
78.92323	1.1013184	1.1043879985809326	1.0668335	1.0932875871658325	1.0302124	1.0197168588638306	0.96868896	0.984743058681488	0.8970337	0.9000908732414246	0.8699646	0.8812391757965088	0.61813426	33921.355	33941
44.363964	1.690918	1.1043879985809326	1.5073853	1.0932875871658325	1.1217651	1.0197168588638306	0.8984375	0.984743058681488	0.68289185	0.9000908732414246	0.6135254	0.8812391757965088	-0.61813426	33921.355	33941
110.33558	1.6156616	1.1043879985809326	1.4349365	1.0932875871658325	1.1258545	1.0197168588638306	0.8948059	0.984743058681488	0.71884155	0.9000908732414246	0.64328	0.8812391757965088	-0.61813426	33921.355	33941
97.61992	1.0526123	1.1043879985809326	0.9958496	1.0932875871658325	1.0552368	1.0197168588638306	0.94903564	0.984743058681488	0.9725647	0.9000908732414246	0.9239807	0.8812391757965088	0.61813426	33921.355	33941
215.29683	1.5908203	1.1043879985809326	1.4320068	1.0932875871658325	1.1109009	1.0197168588638306	0.90618896	0.984743058681488	0.72006226	0.9000908732414246	0.65252686	0.8812391757965088	0.61813426	33921.355	33941
144.98952	1.1263428	1.1043879985809326	0.97735596	1.0932875871658325	1.149231	1.0197168588638306	0.87786865	0.984743058681488	0.947937	0.9000908732414246	0.83340454	0.8812391757965088	0.61813426	33921.355	33941
204.6362	1.3829956	1.1043879985809326	1.3510742	1.0932875871658325	1.0235596	1.0197168588638306	0.97540283	0.984743058681488	0.7663574	0.9000908732414246	0.7475891	0.8812391757965088	0.61813426	33921.355	33941
129.54233	1.4832153	1.1043879985809326	1.4022217	1.0932875871658325	1.0582275	1.0197168588638306	0.9521179	0.984743058681488	0.7344971	0.9000908732414246	0.69903564	0.8812391757965088	0.61813426	33921.355	33941
205.42058	1.2653809	1.1043879985809326	1.1430664	1.0932875871658325	1.1063843	1.0197168588638306	0.9081726	0.984743058681488	0.8828125	0.9000908732414246	0.80215454	0.8812391757965088	0.61813426	33921.355	33941
161.74767	1.4627686	1.1043879985809326	1.4039917	1.0932875871658325	1.0428467	1.0197168588638306	0.96261597	0.984743058681488	0.7333374	0.9000908732414246	0.7053528	0.8812391757965088	0.61813426	33921.355	33941
60.237522	1.6174316	1.1043879985809326	1.3920288	1.0932875871658325	1.1633301	1.0197168588638306	0.8720093	0.984743058681488	0.7394409	0.9000908732414246	0.644104	0.8812391757965088	0.61813426	33921.355	33941
70.75611	1.5459595	1.1043879985809326	1.4644775	1.0932875871658325	1.055603	1.0197168588638306	0.94854736	0.984743058681488	0.7068176	0.9000908732414246	0.6704712	0.8812391757965088	-0.61813426	33921.355	33941
132.6418	0.82192993	1.1043879985809326	1.1259155	1.0932875871658325	0.77319336	1.0197168588638306	1.2002563	0.984743058681488	0.8921509	0.9000908732414246	1.0443115	0.8812391757965088	0.61813426	33921.355	33941
126.6303	1.0712891	1.1043879985809326	1.0046997	1.0932875871658325	1.0637207	1.0197168588638306	0.94177246	0.984743058681488	0.9352112	0.9000908732414246	0.8819275	0.8812391757965088	0.61813426	33921.355	33941
74.59923	1.2128906	1.1043879985809326	1.0900879	1.0932875871658325	1.1137695	1.0197168588638306	0.90460205	0.984743058681488	0.88772583	0.9000908732414246	0.8025818	0.8812391757965088	0.61813426	33921.355	33941
389.57526	1.5829468	1.1043879985809326	1.43219	1.0932875871658325	1.1052856	1.0197168588638306	0.9099121	0.984743058681488	0.7200012	0.9000908732414246	0.65515137	0.8812391757965088	-0.61813426	33921.355	33941
271.31506	1.4706421	1.1043879985809326	1.4011841	1.0932875871658325	1.0495605	1.0197168588638306	0.95025635	0.984743058681488	0.7333374	0.9000908732414246	0.6968384	0.8812391757965088	0.61813426	33921.355	33941
210.58229	1.5505371	1.1043879985809326	1.4526978	1.0932875871658325	1.0673828	1.0197168588638306	0.93966675	0.984743058681488	0.71154785	0.9000908732414246	0.66864014	0.8812391757965088	-0.61813426	33921.355	33941
152.82697	1.3547363	1.1043879985809326	1.229248	1.0932875871658325	1.1026001	1.0197168588638306	0.91244507	0.984743058681488	0.82180786	0.9000908732414246	0.7496033	0.8812391757965088	0.61813426	33921.355	33941
162.35802	1.3829956	1.1043879985809326	1.3875732	1.0932875871658325	0.9984741	1.0197168588638306	1.0007324	0.984743058681488	0.74191284	0.9000908732414246	0.7413635	0.8812391757965088	0.61813426	33921.355	33941
38.909496	1.2493286	1.1043879985809326	1.3447266	1.0932875871658325	0.9359436	1.0197168588638306	1.0570679	0.984743058681488	0.76348877	0.9000908732414246	0.8028259	0.8812391757965088	0.61813426	33921.355	33941
187.40105	1.1295776	1.1043879985809326	0.9456177	1.0932875871658325	1.1446533	1.0197168588638306	0.87976074	0.984743058681488	0.96087646	0.9000908732414246	0.86343384	0.8812391757965088	0.61813426	33921.355	33941
183.49951	1.3585815	1.1043879985809326	1.2390137	1.0932875871658325	1.0960693	1.0197168588638306	0.91677856	0.984743058681488	0.81781006	0.9000908732414246	0.7499695	0.8812391757965088	0.61813426	33921.355	33941
292.75497	1.5300903	1.1043879985809326	1.3947144	1.0932875871658325	1.0970459	1.0197168588638306	0.915802	0.984743058681488	0.73620605	0.9000908732414246	0.67422485	0.8812391757965088	-0.61813426	33921.355	33941
79.65472	1.1330566	1.1043879985809326	1.0285645	1.0932875871658325	1.1030884	1.0197168588638306	0.91082764	0.984743058681488	0.9184265	0.9000908732414246	0.835907	0.8812391757965088	0.61813426	33921.355	33941
56.091877	1.4325562	1.1043879985809326	1.3901367	1.0932875871658325	1.0320435	1.0197168588638306	0.97088623	0.984743058681488	0.74050903	0.9000908732414246	0.7180176	0.8812391757965088	0.61813426	33921.355	33941
121.09081	1.0638428	1.1043879985809326	1.0072632	1.0932875871658325	1.0544434	1.0197168588638306	0.949646	0.984743058681488	0.9639282	0.9000908732414246	0.9163513	0.8812391757965088	0.61813426	33921.355	33941
22.870077	1.4329834	1.1043879985809326	1.3786621	1.0932875871658325	1.0402222	1.0197168588638306	0.9645386	0.984743058681488	0.74575806	0.9000908732414246	0.71875	0.8812391757965088	0.61813426	33921.355	33941
277.7201	1.5087891	1.1043879985809326	1.3843384	1.0932875871658325	1.0906372	1.0197168588638306	0.923645	0.984743058681488	0.74243164	0.9000908732414246	0.68533325	0.8812391757965088	0.61813426	33921.355	33941
83.80988	1.3359985	1.1043879985809326	1.4094238	1.0932875871658325	0.9527893	1.0197168588638306	1.0308838	0.984743058681488	0.7322693	0.9000908732414246	0.7522278	0.8812391757965088	0.61813426	33921.355	33941
119.94433	1.3813477	1.1043879985809326	1.3674927	1.0932875871658325	1.0167847	1.0197168588638306	0.979126	0.984743058681488	0.7527466	0.9000908732414246	0.73361206	0.8812391757965088	0.61813426	33921.355	33941
316.58655	1.3045654	1.1043879985809326	1.1863403	1.0932875871658325	1.0999756	1.0197168588638306	0.91329956	0.984743058681488	0.84625244	0.9000908732414246	0.7727356	0.8812391757965088	0.61813426	33921.355	33941
107.01593	1.7642822	1.1043879985809326	1.479065	1.0932875871658325	1.1932983	1.0197168588638306	0.8501282	0.984743058681488	0.6977234	0.9000908732414246	0.59295654	0.8812391757965088	-0.61813426	33921.355	33941
76.985664	1.3436279	1.1043879985809326	1.1810913	1.0932875871658325	1.1382446	1.0197168588638306	0.8854675	0.984743058681488	0.8439026	0.9000908732414246	0.7470093	0.8812391757965088	0.61813426	33921.355	33941
113.590004	1.6374512	1.1043879985809326	1.4437256	1.0932875871658325	1.1341553	1.0197168588638306	0.88912964	0.984743058681488	0.7152405	0.9000908732414246	0.6359253	0.8812391757965088	-0.61813426	33921.355	33941
190.262	1.2810059	1.1043879985809326	1.175415	1.0932875871658325	1.0878296	1.0197168588638306	0.9300842	0.984743058681488	0.86154175	0.9000908732414246	0.8018799	0.8812391757965088	0.61813426	33921.355	33941
107.07784	1.1707764	1.1043879985809326	1.0996094	1.0932875871658325	1.0639648	1.0197168588638306	0.94174194	0.984743058681488	0.9088745	0.9000908732414246	0.8563843	0.8812391757965088	0.61813426	33921.355	33941
327.39108	1.9603882	1.1043879985809326	1.0864868	1.0932875871658325	1.628479	1.0197168588638306	0.48631287	0.984743058681488	0.8924866	0.9000908732414246	0.5109558	0.8812391757965088	0.61813426	33921.355	33941
182.88556	1.3152466	1.1043879985809326	0.9507141	1.0932875871658325	1.2911377	1.0197168588638306	0.742218	0.984743058681488	0.9984131	0.9000908732414246	0.78778076	0.8812391757965088	0.61813426	33921.355	33941
57.45121	0.9560852	1.1043879985809326	1.1022339	1.0932875871658325	0.89419556	1.0197168588638306	1.1073608	0.984743058681488	0.9061279	0.9000908732414246	0.9856262	0.8812391757965088	0.61813426	33921.355	33941
206.5839	1.545105	1.1043879985809326	1.4345703	1.0932875871658325	1.0770874	1.0197168588638306	0.9320984	0.984743058681488	0.71902466	0.9000908732414246	0.67019653	0.8812391757965088	-0.61813426	33921.355	33941
151.27304	1.4091797	1.1043879985809326	1.2947998	1.0932875871658325	1.08844	1.0197168588638306	0.92092896	0.984743058681488	0.789093	0.9000908732414246	0.72662354	0.8812391757965088	0.61813426	33921.355	33941
201.63542	1.3436279	1.1043879985809326	1.225769	1.0932875871658325	1.0949097	1.0197168588638306	0.9180908	0.984743058681488	0.8235779	0.9000908732414246	0.75671387	0.8812391757965088	0.61813426	33921.355	33941
160.14699	1.4404907	1.1043879985809326	1.397644	1.0932875871658325	1.0321655	1.0197168588638306	0.96987915	0.984743058681488	0.7371216	0.9000908732414246	0.7140198	0.8812391757965088	0.61813426	33921.355	33941
145.90764	1.2015991	1.1043879985809326	1.2019653	1.0932875871658325	1.0014038	1.0197168588638306	1.0057373	0.984743058681488	0.8456116	0.9000908732414246	0.84869385	0.8812391757965088	0.61813426	33921.355	33941
110.14589	1.0888062	1.1043879985809326	0.99331665	1.0932875871658325	1.0979614	1.0197168588638306	0.9149475	0.984743058681488	0.93573	0.9000908732414246	0.8554077	0.8812391757965088	0.61813426	33921.355	33941
276.3134	1.4333496	1.1043879985809326	1.4100342	1.0932875871658325	1.0179443	1.0197168588638306	0.9833374	0.984743058681488	0.7315979	0.9000908732414246	0.7185669	0.8812391757965088	0.61813426	33921.355	33941
61.146473	1.0401611	1.1043879985809326	0.9890442	1.0932875871658325	1.0497437	1.0197168588638306	0.9534912	0.984743058681488	0.9751892	0.9000908732414246	0.9309387	0.8812391757965088	0.61813426	33921.355	33941
98.695274	1.0657959	1.1043879985809326	0.9936218	1.0932875871658325	1.0708008	1.0197168588638306	0.9360657	0.984743058681488	0.97424316	0.9000908732414246	0.91293335	0.8812391757965088	0.61813426	33921.355	33941
58.982796	1.654602	1.1043879985809326	1.5336304	1.0932875871658325	1.0787354	1.0197168588638306	0.9307251	0.984743058681488	0.66552734	0.9000908732414246	0.61953735	0.8812391757965088	-0.61813426	33921.355	33941
86.61456	1.3805542	1.1043879985809326	1.4129639	1.0932875871658325	0.98046875	1.0197168588638306	1.0119019	0.984743058681488	0.7310486	0.9000908732414246	0.73776245	0.8812391757965088	0.61813426	33921.355	33941
221.84929	0.39582825	1.1043879985809326	1.1619873	1.0932875871658325	0.49342346	1.0197168588638306	1.3994141	0.984743058681488	0.8548279	0.9000908732414246	1.1260986	0.8812391757965088	0.61813426	33921.355	33941
92.55694	1.6259766	1.1043879985809326	1.4655762	1.0932875871658325	1.1094971	1.0197168588638306	0.9048462	0.984743058681488	0.7063904	0.9000908732414246	0.6391907	0.8812391757965088	-0.61813426	33921.355	33941
195.26361	2.5076904	1.1043879985809326	2.3087158	1.0932875871658325	1.0820923	1.0197168588638306	0.9296875	0.984743058681488	0.2850647	0.9000908732414246	0.26905823	0.8812391757965088	-0.61813426	33921.355	33941
117.3646	1.0770874	1.1043879985809326	0.9808655	1.0932875871658325	1.0960083	1.0197168588638306	0.91625977	0.984743058681488	0.98132324	0.9000908732414246	0.9002075	0.8812391757965088	0.61813426	33921.355	33941
46.63726	0.50405884	1.1043879985809326	1.0258789	1.0932875871658325	0.66503906	1.0197168588638306	1.2713623	0.984743058681488	0.92562866	0.9000908732414246	1.1026611	0.8812391757965088	0.61813426	33921.355	33941
168.09099	1.2750244	1.1043879985809326	1.1518555	1.0932875871658325	1.1074829	1.0197168588638306	0.90878296	0.984743058681488	0.8604126	0.9000908732414246	0.7816162	0.8812391757965088	0.61813426	33921.355	33941
54.759056	1.6315918	1.1043879985809326	1.4490356	1.0932875871658325	1.1259766	1.0197168588638306	0.89572144	0.984743058681488	0.7130127	0.9000908732414246	0.6386719	0.8812391757965088	-0.61813426	33921.355	33941
91.769005	1.6889038	1.1043879985809326	1.5083618	1.0932875871658325	1.11969	1.0197168588638306	0.8999634	0.984743058681488	0.68603516	0.9000908732414246	0.6174011	0.8812391757965088	-0.61813426	33921.355	33941
198.6101	1.4943237	1.1043879985809326	1.3945923	1.0932875871658325	1.0717163	1.0197168588638306	0.9390259	0.984743058681488	0.7373657	0.9000908732414246	0.69229126	0.8812391757965088	0.61813426	33921.355	33941
163.38763	1.4130859	1.1043879985809326	1.2875366	1.0932875871658325	1.0969238	1.0197168588638306	0.9162903	0.984743058681488	0.79745483	0.9000908732414246	0.73095703	0.8812391757965088	0.61813426	33921.355	33941
213.51619	1.5033569	1.1043879985809326	1.3983765	1.0932875871658325	1.076294	1.0197168588638306	0.9390869	0.984743058681488	0.7374878	0.9000908732414246	0.69177246	0.8812391757965088	0.61813426	33921.355	33941
30.489496	1.3824463	1.1043879985809326	1.1322021	1.0932875871658325	1.2016602	1.0197168588638306	0.84310913	0.984743058681488	0.86657715	0.9000908732414246	0.73776245	0.8812391757965088	0.61813426	33921.355	33941
113.62271	1.5444336	1.1043879985809326	1.4003296	1.0932875871658325	1.1040039	1.0197168588638306	0.91397095	0.984743058681488	0.7364197	0.9000908732414246	0.67248535	0.8812391757965088	0.61813426	33921.355	33941
107.726265	1.0127563	1.1043879985809326	1.1189575	1.0932875871658325	0.9246826	1.0197168588638306	1.074646	0.984743058681488	0.89660645	0.9000908732414246	0.950531	0.8812391757965088	0.61813426	33921.355	33941
68.32131	2.0045166	1.1043879985809326	1.1135254	1.0932875871658325	1.6516113	1.0197168588638306	0.5102844	0.984743058681488	0.8777771	0.9000908732414246	0.50753784	0.8812391757965088	0.61813426	33921.355	33941
91.64316	1.5640869	1.1043879985809326	1.4264526	1.0932875871658325	1.0964966	1.0197168588638306	0.9173584	0.984743058681488	0.7224121	0.9000908732414246	0.6627197	0.8812391757965088	-0.61813426	33921.355	33941
248.07881	1.4073486	1.1043879985809326	1.3618774	1.0932875871658325	1.0356445	1.0197168588638306	0.9677429	0.984743058681488	0.75372314	0.9000908732414246	0.7280884	0.8812391757965088	0.61813426	33921.355	33941
215.77576	0.5548096	1.1043879985809326	0.49604797	1.0932875871658325	1.0921631	1.0197168588638306	0.91897583	0.984743058681488	1.1868896	0.9000908732414246	1.0963135	0.8812391757965088	0.61813426	33921.355	33941
164.58144	1.2311401	1.1043879985809326	1.0853271	1.0932875871658325	1.1351318	1.0197168588638306	0.88879395	0.984743058681488	0.89920044	0.9000908732414246	0.7988281	0.8812391757965088	0.61813426	33921.355	33941
51.867985	1.7259521	1.1043879985809326	1.2056885	1.0932875871658325	1.3738403	1.0197168588638306	0.7026367	0.984743058681488	0.8309021	0.9000908732414246	0.60946655	0.8812391757965088	0.61813426	33921.355	33941
248.1652	1.3151855	1.1043879985809326	1.1080322	1.0932875871658325	1.1855469	1.0197168588638306	0.85458374	0.984743058681488	0.88238525	0.9000908732414246	0.75460815	0.8812391757965088	0.61813426	33921.355	33941
155.2322	1.5836182	1.1043879985809326	1.4575806	1.0932875871658325	1.0864868	1.0197168588638306	0.9227295	0.984743058681488	0.7095947	0.9000908732414246	0.65475464	0.8812391757965088	0.61813426	33921.355	33941
155.65944	1.6485596	1.1043879985809326	1.4570312	1.0932875871658325	1.1314697	1.0197168588638306	0.89190674	0.984743058681488	0.70983887	0.9000908732414246	0.6331177	0.8812391757965088	0.61813426	33921.355	33941
21.249527	1.4674072	1.1043879985809326	1.2832642	1.0932875871658325	1.1436157	1.0197168588638306	0.8828125	0.984743058681488	0.79522705	0.9000908732414246	0.70196533	0.8812391757965088	0.61813426	33921.355	33941
52.66711	1.1452637	1.1043879985809326	1.3335571	1.0932875871658325	0.88482666	1.0197168588638306	1.0883179	0.984743058681488	0.7699585	0.9000908732414246	0.82473755	0.8812391757965088	0.61813426	33921.355	33941
124.571976	1.0060425	1.1043879985809326	0.91049194	1.0932875871658325	1.1074829	1.0197168588638306	0.90805054	0.984743058681488	0.98428345	0.9000908732414246	0.89279175	0.8812391757965088	0.61813426	33921.355	33941
59.569378	1.5609741	1.1043879985809326	1.4241333	1.0932875871658325	1.0960693	1.0197168588638306	0.91659546	0.984743058681488	0.7233887	0.9000908732414246	0.6630554	0.8812391757965088	-0.61813426	33921.355	33941
66.58308	1.7075806	1.1043879985809326	1.4472046	1.0932875871658325	1.1799316	1.0197168588638306	0.85931396	0.984743058681488	0.71377563	0.9000908732414246	0.6133728	0.8812391757965088	-0.61813426	33921.355	33941
136.09526	1.1022339	1.1043879985809326	1.0510254	1.0932875871658325	1.0465088	1.0197168588638306	0.9556885	0.984743058681488	0.9363098	0.9000908732414246	0.8960266	0.8812391757965088	0.61813426	33921.355	33941
67.242256	1.5037231	1.1043879985809326	1.3608398	1.0932875871658325	1.1049805	1.0197168588638306	0.9104614	0.984743058681488	0.75177	0.9000908732414246	0.68444824	0.8812391757965088	0.61813426	33921.355	33941
30.87779	1.1164551	1.1043879985809326	1.276062	1.0932875871658325	0.895813	1.0197168588638306	1.0804443	0.984743058681488	0.7987671	0.9000908732414246	0.8516846	0.8812391757965088	0.61813426	33921.355	33941
124.81849	1.5969849	1.1043879985809326	1.4343872	1.0932875871658325	1.1133423	1.0197168588638306	0.9026184	0.984743058681488	0.7190857	0.9000908732414246	0.64907837	0.8812391757965088	-0.61813426	33921.355	33941
279.99713	1.071106	1.1043879985809326	1.012207	1.0932875871658325	1.0566406	1.0197168588638306	0.9476929	0.984743058681488	0.9623108	0.9000908732414246	0.9128723	0.8812391757965088	0.61813426	33921.355	33941
113.34018	1.5264282	1.1043879985809326	1.4480591	1.0932875871658325	1.0540771	1.0197168588638306	0.9491272	0.984743058681488	0.7134094	0.9000908732414246	0.677124	0.8812391757965088	-0.61813426	33921.355	33941
68.89067	1.24646	1.1043879985809326	1.083252	1.0932875871658325	1.1484375	1.0197168588638306	0.88031006	0.984743058681488	0.89505005	0.9000908732414246	0.78860474	0.8812391757965088	0.61813426	33921.355	33941
585.66113	0.3361969	1.1043879985809326	1.1834106	1.0932875871658325	0.423172	1.0197168588638306	1.4362793	0.984743058681488	0.8467102	0.9000908732414246	1.1506958	0.8812391757965088	0.61813426	33921.355	33941
58.625355	1.440918	1.1043879985809326	1.2623291	1.0932875871658325	1.1414185	1.0197168588638306	0.8846741	0.984743058681488	0.8048401	0.9000908732414246	0.7120056	0.8812391757965088	0.61813426	33921.355	33941
95.21998	1.6171265	1.1043879985809326	1.4309692	1.0932875871658325	1.130127	1.0197168588638306	0.8925476	0.984743058681488	0.72052	0.9000908732414246	0.6430969	0.8812391757965088	0.61813426	33921.355	33941
95.75954	1.5596313	1.1043879985809326	1.414917	1.0932875871658325	1.1022949	1.0197168588638306	0.9123535	0.984743058681488	0.72735596	0.9000908732414246	0.66360474	0.8812391757965088	-0.61813426	33921.355	33941
178.03052	1.5585938	1.1043879985809326	1.4356079	1.0932875871658325	1.0856934	1.0197168588638306	0.9248047	0.984743058681488	0.7183533	0.9000908732414246	0.66433716	0.8812391757965088	-0.61813426	33921.355	33941
226.73935	1.4389648	1.1043879985809326	1.3374634	1.0932875871658325	1.0758057	1.0197168588638306	0.93292236	0.984743058681488	0.76779175	0.9000908732414246	0.7163696	0.8812391757965088	0.61813426	33921.355	33941
108.12993	1.6343384	1.1043879985809326	1.3606567	1.0932875871658325	1.2080078	1.0197168588638306	0.80960083	0.984743058681488	0.7491455	0.9000908732414246	0.60131836	0.8812391757965088	-0.61813426	33921.355	33941
274.85742	1.6338501	1.1043879985809326	1.4822388	1.0932875871658325	1.1022339	1.0197168588638306	0.9126892	0.984743058681488	0.69381714	0.9000908732414246	0.63327026	0.8812391757965088	-0.61813426	33921.355	33941
44.27733	1.7902832	1.1043879985809326	1.4574585	1.0932875871658325	1.2283325	1.0197168588638306	0.82855225	0.984743058681488	0.70965576	0.9000908732414246	0.5879822	0.8812391757965088	0.61813426	33921.355	33941
68.18069	1.0089111	1.1043879985809326	0.8580322	1.0932875871658325	1.1796265	1.0197168588638306	0.85824585	0.984743058681488	1.0084229	0.9000908732414246	0.86428833	0.8812391757965088	0.61813426	33921.355	33941
99.03205	1.0698242	1.1043879985809326	0.9850464	1.0932875871658325	1.0840454	1.0197168588638306	0.92578125	0.984743058681488	0.979187	0.9000908732414246	0.90753174	0.8812391757965088	0.61813426	33921.355	33941
239.30437	1.5314331	1.1043879985809326	1.4122925	1.0932875871658325	1.085022	1.0197168588638306	0.9284973	0.984743058681488	0.730011	0.9000908732414246	0.6774292	0.8812391757965088	0.61813426	33921.355	33941
51.086346	1.5858765	1.1043879985809326	1.4907227	1.0932875871658325	1.0638428	1.0197168588638306	0.9398804	0.984743058681488	0.6947937	0.9000908732414246	0.65301514	0.8812391757965088	-0.61813426	33921.355	33941
254.38316	1.4191284	1.1043879985809326	1.3336792	1.0932875871658325	1.0638428	1.0197168588638306	0.94177246	0.984743058681488	0.7699585	0.9000908732414246	0.72525024	0.8812391757965088	0.61813426	33921.355	33941
546.99585	1.3116455	1.1043879985809326	1.3824463	1.0932875871658325	0.9543152	1.0197168588638306	1.0401611	0.984743058681488	0.7451477	0.9000908732414246	0.7717285	0.8812391757965088	0.61813426	33921.355	33941
106.5862	1.7702026	1.1043879985809326	0.8225403	1.0932875871658325	1.708252	1.0197168588638306	0.41371155	0.984743058681488	1.0304565	0.9000908732414246	0.57974243	0.8812391757965088	0.61813426	33921.355	33941
242.90738	1.4780273	1.1043879985809326	1.416626	1.0932875871658325	1.045166	1.0197168588638306	0.95825195	0.984743058681488	0.7288208	0.9000908732414246	0.6973877	0.8812391757965088	0.61813426	33921.355	33941
46.916798	1.5965576	1.1043879985809326	1.4226685	1.0932875871658325	1.1222534	1.0197168588638306	0.89797974	0.984743058681488	0.72402954	0.9000908732414246	0.650177	0.8812391757965088	-0.61813426	33921.355	33941
271.98837	1.7312012	1.1043879985809326	1.4171143	1.0932875871658325	1.2216187	1.0197168588638306	0.83251953	0.984743058681488	0.7264099	0.9000908732414246	0.6047363	0.8812391757965088	-0.61813426	33921.355	33941
121.8931	1.4060669	1.1043879985809326	1.2310181	1.0932875871658325	1.142456	1.0197168588638306	0.883728	0.984743058681488	0.82128906	0.9000908732414246	0.7256775	0.8812391757965088	0.61813426	33921.355	33941
144.04193	1.1619263	1.1043879985809326	1.0414429	1.0932875871658325	1.1169434	1.0197168588638306	0.90075684	0.984743058681488	0.91744995	0.9000908732414246	0.8258667	0.8812391757965088	0.61813426	33921.355	33941
91.29847	1.4365845	1.1043879985809326	1.2852173	1.0932875871658325	1.117981	1.0197168588638306	0.9010925	0.984743058681488	0.7937622	0.9000908732414246	0.71517944	0.8812391757965088	0.61813426	33921.355	33941
119.29635	1.1486206	1.1043879985809326	1.2312622	1.0932875871658325	0.93865967	1.0197168588638306	1.0571289	0.984743058681488	0.8273926	0.9000908732414246	0.870636	0.8812391757965088	0.61813426	33921.355	33941
79.613144	1.2901001	1.1043879985809326	1.1774902	1.0932875871658325	1.0945435	1.0197168588638306	0.91659546	0.984743058681488	0.8467102	0.9000908732414246	0.77664185	0.8812391757965088	0.61813426	33921.355	33941
69.83066	1.5693359	1.1043879985809326	1.4192505	1.0932875871658325	1.1057739	1.0197168588638306	0.90911865	0.984743058681488	0.7254944	0.9000908732414246	0.6595764	0.8812391757965088	-0.61813426	33921.355	33941
194.6473	1.6193237	1.1043879985809326	1.4313965	1.0932875871658325	1.1312866	1.0197168588638306	0.8902283	0.984743058681488	0.7203369	0.9000908732414246	0.64126587	0.8812391757965088	-0.61813426	33921.355	33941
122.07364	1.5897827	1.1043879985809326	1.4665527	1.0932875871658325	1.0840454	1.0197168588638306	0.927063	0.984743058681488	0.70599365	0.9000908732414246	0.6545105	0.8812391757965088	0.61813426	33921.355	33941
65.44084	1.0935059	1.1043879985809326	1.0338135	1.0932875871658325	1.0562744	1.0197168588638306	0.947937	0.984743058681488	0.947052	0.9000908732414246	0.8985596	0.8812391757965088	0.61813426	33921.355	33941
21.215384	0.89089966	1.1043879985809326	1.1807251	1.0932875871658325	0.82424927	1.0197168588638306	1.1680298	0.984743058681488	0.84225464	0.9000908732414246	0.9480591	0.8812391757965088	0.61813426	33921.355	33941
55.301365	1.5579224	1.1043879985809326	1.4434814	1.0932875871658325	1.079834	1.0197168588638306	0.93496704	0.984743058681488	0.71707153	0.9000908732414246	0.67007446	0.8812391757965088	0.61813426	33921.355	33941
91.28058	1.5289917	1.1043879985809326	1.3428345	1.0932875871658325	1.138916	1.0197168588638306	0.88674927	0.984743058681488	0.7643738	0.9000908732414246	0.67767334	0.8812391757965088	0.61813426	33921.355	33941
145.09062	1.5515137	1.1043879985809326	1.4476318	1.0932875871658325	1.0717773	1.0197168588638306	0.93603516	0.984743058681488	0.7135925	0.9000908732414246	0.66796875	0.8812391757965088	-0.61813426	33921.355	33941
101.15401	1.1705933	1.1043879985809326	1.031311	1.0932875871658325	1.1362915	1.0197168588638306	0.8876953	0.984743058681488	0.9218445	0.9000908732414246	0.81781006	0.8812391757965088	0.61813426	33921.355	33941
38.697056	1.6178589	1.1043879985809326	1.4400635	1.0932875871658325	1.1235352	1.0197168588638306	0.89712524	0.984743058681488	0.7166748	0.9000908732414246	0.6429138	0.8812391757965088	0.61813426	33921.355	33941
80.38977	1.5667725	1.1043879985809326	1.307373	1.0932875871658325	1.197937	1.0197168588638306	0.8457947	0.984743058681488	0.78356934	0.9000908732414246	0.66290283	0.8812391757965088	0.61813426	33921.355	33941
111.979225	0.7970581	1.1043879985809326	0.71051025	1.0932875871658325	1.1282959	1.0197168588638306	0.8937683	0.984743058681488	1.0835571	0.9000908732414246	0.96661377	0.8812391757965088	0.61813426	33921.355	33941
35.58363	1.2184448	1.1043879985809326	1.180481	1.0932875871658325	1.0314331	1.0197168588638306	0.9685669	0.984743058681488	0.85839844	0.9000908732414246	0.83184814	0.8812391757965088	0.61813426	33921.355	33941
144.83896	1.1015625	1.1043879985809326	1.1576538	1.0932875871658325	0.9628601	1.0197168588638306	1.0395508	0.984743058681488	0.87268066	0.9000908732414246	0.8994751	0.8812391757965088	0.61813426	33921.355	33941
81.54129	1.5089111	1.1043879985809326	1.3708496	1.0932875871658325	1.100708	1.0197168588638306	0.91400146	0.984743058681488	0.75027466	0.9000908732414246	0.6857605	0.8812391757965088	0.61813426	33921.355	33941
111.69034	1.6140747	1.1043879985809326	1.4418335	1.0932875871658325	1.1195068	1.0197168588638306	0.90026855	0.984743058681488	0.7160034	0.9000908732414246	0.6445923	0.8812391757965088	-0.61813426	33921.355	33941
98.1844	1.1016846	1.1043879985809326	1.0618896	1.0932875871658325	1.036499	1.0197168588638306	0.96450806	0.984743058681488	0.92962646	0.9000908732414246	0.8972473	0.8812391757965088	0.61813426	33921.355	33941
46.842667	1.5903931	1.1043879985809326	1.4194946	1.0932875871658325	1.1204224	1.0197168588638306	0.898407	0.984743058681488	0.72540283	0.9000908732414246	0.6517029	0.8812391757965088	0.61813426	33921.355	33941
428.57562	1.380127	1.1043879985809326	1.2055664	1.0932875871658325	1.147522	1.0197168588638306	0.88046265	0.984743058681488	0.8341675	0.9000908732414246	0.73327637	0.8812391757965088	0.61813426	33921.355	33941
207.59323	1.8118286	1.1043879985809326	1.4428711	1.0932875871658325	1.2556763	1.0197168588638306	0.8125305	0.984743058681488	0.7155762	0.9000908732414246	0.5814209	0.8812391757965088	-0.61813426	33921.355	33941
294.41104	1.1173096	1.1043879985809326	1.2193604	1.0932875871658325	0.9246216	1.0197168588638306	1.0661011	0.984743058681488	0.83444214	0.9000908732414246	0.88409424	0.8812391757965088	0.61813426	33921.355	33941
443.33813	1.6217041	1.1043879985809326	1.4711914	1.0932875871658325	1.1022949	1.0197168588638306	0.9122925	0.984743058681488	0.7012329	0.9000908732414246	0.63974	0.8812391757965088	-0.61813426	33921.355	33941
92.37334	1.5724487	1.1043879985809326	1.4649048	1.0932875871658325	1.0734253	1.0197168588638306	0.93252563	0.984743058681488	0.70666504	0.9000908732414246	0.6589966	0.8812391757965088	0.61813426	33921.355	33941
73.420235	1.4936523	1.1043879985809326	1.423584	1.0932875871658325	1.0502319	1.0197168588638306	0.9562378	0.984743058681488	0.7256775	0.9000908732414246	0.69332886	0.8812391757965088	0.61813426	33921.355	33941
661.7058	1.3322144	1.1043879985809326	1.2714233	1.0932875871658325	1.0477905	1.0197168588638306	0.95529175	0.984743058681488	0.80114746	0.9000908732414246	0.7653198	0.8812391757965088	-0.61813426	33921.355	33941
27.435966	1.3939819	1.1043879985809326	1.2446289	1.0932875871658325	1.1201172	1.0197168588638306	0.89904785	0.984743058681488	0.81518555	0.9000908732414246	0.7328186	0.8812391757965088	0.61813426	33921.355	33941
65.88712	1.6863403	1.1043879985809326	1.4297485	1.0932875871658325	1.1795044	1.0197168588638306	0.85842896	0.984743058681488	0.7210083	0.9000908732414246	0.6189575	0.8812391757965088	-0.61813426	33921.355	33941
152.70084	1.6223145	1.1043879985809326	1.4222412	1.0932875871658325	1.140686	1.0197168588638306	0.88500977	0.984743058681488	0.72424316	0.9000908732414246	0.6409607	0.8812391757965088	0.61813426	33921.355	33941
296.38278	1.6533813	1.1043879985809326	1.4293823	1.0932875871658325	1.1566772	1.0197168588638306	0.8729553	0.984743058681488	0.7211609	0.9000908732414246	0.6295471	0.8812391757965088	0.61813426	33921.355	33941
155.28412	1.6994019	1.1043879985809326	1.4018555	1.0932875871658325	1.2122803	1.0197168588638306	0.8355713	0.984743058681488	0.73306274	0.9000908732414246	0.6125183	0.8812391757965088	0.61813426	33921.355	33941
234.34357	1.557312	1.1043879985809326	1.456604	1.0932875871658325	1.0691528	1.0197168588638306	0.9381714	0.984743058681488	0.70932007	0.9000908732414246	0.6654663	0.8812391757965088	-0.61813426	33921.355	33941
79.06315	1.1064453	1.1043879985809326	1.1973877	1.0932875871658325	0.9338074	1.0197168588638306	1.0670166	0.984743058681488	0.8482971	0.9000908732414246	0.8982239	0.8812391757965088	0.61813426	33921.355	33941
86.94997	1.2272949	1.1043879985809326	1.0713501	1.0932875871658325	1.1468506	1.0197168588638306	0.88101196	0.984743058681488	0.8968811	0.9000908732414246	0.78967285	0.8812391757965088	0.61813426	33921.355	33941
61.170826	1.34552	1.1043879985809326	1.3911133	1.0932875871658325	0.9736328	1.0197168588638306	1.0211182	0.984743058681488	0.74191284	0.9000908732414246	0.75390625	0.8812391757965088	0.61813426	33921.355	33941
145.084	1.2062988	1.1043879985809326	1.2520752	1.0932875871658325	0.9781189	1.0197168588638306	1.0149536	0.984743058681488	0.811615	0.9000908732414246	0.81573486	0.8812391757965088	0.61813426	33921.355	33941
42.292892	1.1307373	1.1043879985809326	1.0465698	1.0932875871658325	1.0785522	1.0197168588638306	0.93048096	0.984743058681488	0.9172058	0.9000908732414246	0.8543396	0.8812391757965088	0.61813426	33921.355	33941
215.91951	1.0981445	1.1043879985809326	1.1769409	1.0932875871658325	0.942688	1.0197168588638306	1.0563965	0.984743058681488	0.86065674	0.9000908732414246	0.90249634	0.8812391757965088	0.61813426	33921.355	33941
106.72253	0.71307373	1.1043879985809326	1.1994629	1.0932875871658325	0.6943054	1.0197168588638306	1.2316895	0.984743058681488	0.8346863	0.9000908732414246	0.98327637	0.8812391757965088	0.61813426	33921.355	33941
124.20606	1.5812988	1.1043879985809326	1.4335938	1.0932875871658325	1.1030273	1.0197168588638306	0.9111023	0.984743058681488	0.7194214	0.9000908732414246	0.65545654	0.8812391757965088	0.61813426	33921.355	33941
251.1908	1.1210327	1.1043879985809326	0.94577026	1.0932875871658325	1.1494751	1.0197168588638306	0.87176514	0.984743058681488	1.0026855	0.9000908732414246	0.89126587	0.8812391757965088	0.61813426	33921.355	33941
207.41966	0.8823242	1.1043879985809326	1.1906128	1.0932875871658325	0.8143616	1.0197168588638306	1.1312256	0.984743058681488	0.8404541	0.9000908732414246	0.9183655	0.8812391757965088	0.61813426	33921.355	33941
164.57149	1.5654907	1.1043879985809326	1.4418945	1.0932875871658325	1.0857544	1.0197168588638306	0.92562866	0.984743058681488	0.7160034	0.9000908732414246	0.66275024	0.8812391757965088	-0.61813426	33921.355	33941
373.4495	1.0460205	1.1043879985809326	0.93759155	1.0932875871658325	1.1176758	1.0197168588638306	0.9014282	0.984743058681488	0.9776306	0.9000908732414246	0.88046265	0.8812391757965088	0.61813426	33921.355	33941
82.409035	1.633667	1.1043879985809326	1.4815674	1.0932875871658325	1.1026611	1.0197168588638306	0.9121704	0.984743058681488	0.7001343	0.9000908732414246	0.63864136	0.8812391757965088	-0.61813426	33921.355	33941
79.617516	1.0430908	1.1043879985809326	0.97042847	1.0932875871658325	1.0726318	1.0197168588638306	0.9346924	0.984743058681488	0.9874573	0.9000908732414246	0.9241638	0.8812391757965088	0.61813426	33921.355	33941
170.36858	0.71591187	1.1043879985809326	1.0578003	1.0932875871658325	0.7507324	1.0197168588638306	1.2122803	0.984743058681488	0.93463135	0.9000908732414246	1.0916138	0.8812391757965088	0.61813426	33921.355	33941
140.58264	1.1749268	1.1043879985809326	1.2348022	1.0932875871658325	0.9561157	1.0197168588638306	1.0369873	0.984743058681488	0.82458496	0.9000908732414246	0.85202026	0.8812391757965088	0.61813426	33921.355	33941
99.71126	1.5324097	1.1043879985809326	1.4420166	1.0932875871658325	1.0626831	1.0197168588638306	0.93917847	0.984743058681488	0.71588135	0.9000908732414246	0.67233276	0.8812391757965088	-0.61813426	33921.355	33941
79.88918	0.9751587	1.1043879985809326	1.1182861	1.0932875871658325	0.89675903	1.0197168588638306	1.0947266	0.984743058681488	0.89767456	0.9000908732414246	0.96698	0.8812391757965088	0.61813426	33921.355	33941
41.20353	1.1270752	1.1043879985809326	1.055542	1.0932875871658325	1.0657349	1.0197168588638306	0.9398804	0.984743058681488	0.9344177	0.9000908732414246	0.8793335	0.8812391757965088	0.61813426	33921.355	33941
316.31927	1.3341675	1.1043879985809326	1.2250977	1.0932875871658325	1.08844	1.0197168588638306	0.92300415	0.984743058681488	0.8230591	0.9000908732414246	0.75997925	0.8812391757965088	0.61813426	33921.355	33941
102.560394	1.3178711	1.1043879985809326	1.3845825	1.0932875871658325	0.9593506	1.0197168588638306	1.0325928	0.984743058681488	0.7451172	0.9000908732414246	0.7651367	0.8812391757965088	0.61813426	33921.355	33941
140.13431	1.5631104	1.1043879985809326	1.4273682	1.0932875871658325	1.0951538	1.0197168588638306	0.9180908	0.984743058681488	0.7220154	0.9000908732414246	0.6628723	0.8812391757965088	-0.61813426	33921.355	33941
116.24728	1.0049438	1.1043879985809326	0.9474182	1.0932875871658325	1.0582275	1.0197168588638306	0.9463501	0.984743058681488	1.0026855	0.9000908732414246	0.95022583	0.8812391757965088	0.61813426	33921.355	33941
61.10516	1.628418	1.1043879985809326	1.4657593	1.0932875871658325	1.1109619	1.0197168588638306	0.90615845	0.984743058681488	0.70632935	0.9000908732414246	0.64001465	0.8812391757965088	-0.61813426	33921.355	33941
42.88088	1.3343506	1.1043879985809326	1.1780396	1.0932875871658325	1.1332397	1.0197168588638306	0.8902588	0.984743058681488	0.8493042	0.9000908732414246	0.75582886	0.8812391757965088	0.61813426	33921.355	33941
83.77829	1.0813599	1.1043879985809326	1.0118408	1.0932875871658325	1.0671387	1.0197168588638306	0.939209	0.984743058681488	0.9624939	0.9000908732414246	0.9048767	0.8812391757965088	0.61813426	33921.355	33941
32.292885	1.5504761	1.1043879985809326	1.4213867	1.0932875871658325	1.0908203	1.0197168588638306	0.92160034	0.984743058681488	0.72457886	0.9000908732414246	0.66778564	0.8812391757965088	0.61813426	33921.355	33941
88.372795	1.6234741	1.1043879985809326	1.4353638	1.0932875871658325	1.1310425	1.0197168588638306	0.8904724	0.984743058681488	0.71868896	0.9000908732414246	0.63998413	0.8812391757965088	0.61813426	33921.355	33941
57.606052	1.3216553	1.1043879985809326	1.1824341	1.0932875871658325	1.1166992	1.0197168588638306	0.9015503	0.984743058681488	0.84213257	0.9000908732414246	0.7597046	0.8812391757965088	0.61813426	33921.355	33941
278.31635	1.4503784	1.1043879985809326	1.3613892	1.0932875871658325	1.0692139	1.0197168588638306	0.9400635	0.984743058681488	0.7544861	0.9000908732414246	0.7072754	0.8812391757965088	0.61813426	33921.355	33941
200.03058	1.5778809	1.1043879985809326	1.4098511	1.0932875871658325	1.1192017	1.0197168588638306	0.8996887	0.984743058681488	0.7295227	0.9000908732414246	0.65634155	0.8812391757965088	-0.61813426	33921.355	33941
242.58769	1.5518188	1.1043879985809326	1.4334717	1.0932875871658325	1.0825806	1.0197168588638306	0.9276428	0.984743058681488	0.7194824	0.9000908732414246	0.66741943	0.8812391757965088	-0.61813426	33921.355	33941
262.11777	1.491333	1.1043879985809326	1.4173584	1.0932875871658325	1.0519409	1.0197168588638306	0.95251465	0.984743058681488	0.7139282	0.9000908732414246	0.6802063	0.8812391757965088	-0.61813426	33921.355	33941
36.659397	1.4592896	1.1043879985809326	1.324707	1.0932875871658325	1.1016235	1.0197168588638306	0.9133301	0.984743058681488	0.7744446	0.9000908732414246	0.7072754	0.8812391757965088	0.61813426	33921.355	33941
197.33122	1.2391357	1.1043879985809326	1.1900635	1.0932875871658325	1.0446167	1.0197168588638306	0.966156	0.984743058681488	0.8524475	0.9000908732414246	0.82110596	0.8812391757965088	0.61813426	33921.355	33941
97.89685	1.2564697	1.1043879985809326	1.3955078	1.0932875871658325	0.90911865	1.0197168588638306	1.071167	0.984743058681488	0.7394409	0.9000908732414246	0.7871704	0.8812391757965088	0.61813426	33921.355	33941
70.94657	1.3406372	1.1043879985809326	1.4018555	1.0932875871658325	0.96084595	1.0197168588638306	1.03656	0.984743058681488	0.73690796	0.9000908732414246	0.76104736	0.8812391757965088	0.61813426	33921.355	33941
135.45508	1.2802734	1.1043879985809326	1.3206787	1.0932875871658325	0.974823	1.0197168588638306	1.0189819	0.984743058681488	0.7746582	0.9000908732414246	0.78616333	0.8812391757965088	0.61813426	33921.355	33941
107.66953	1.5388184	1.1043879985809326	1.4470825	1.0932875871658325	1.0633545	1.0197168588638306	0.94296265	0.984743058681488	0.71383667	0.9000908732414246	0.6731262	0.8812391757965088	-0.61813426	33921.355	33941
101.604225	1.2263184	1.1043879985809326	1.1147461	1.0932875871658325	1.1010132	1.0197168588638306	0.91342163	0.984743058681488	0.87579346	0.9000908732414246	0.79956055	0.8812391757965088	0.61813426	33921.355	33941
112.05649	1.255188	1.1043879985809326	1.1100464	1.0932875871658325	1.1316528	1.0197168588638306	0.89190674	0.984743058681488	0.8797302	0.9000908732414246	0.7842407	0.8812391757965088	0.61813426	33921.355	33941
118.046036	1.2946167	1.1043879985809326	1.2575684	1.0932875871658325	1.029419	1.0197168588638306	0.97073364	0.984743058681488	0.8125	0.9000908732414246	0.7887573	0.8812391757965088	0.61813426	33921.355	33941
112.69068	0.88604736	1.1043879985809326	0.78570557	1.0932875871658325	1.0995483	1.0197168588638306	0.91290283	0.984743058681488	1.0535889	0.9000908732414246	0.97128296	0.8812391757965088	0.61813426	33921.355	33941
83.71482	1.0631714	1.1043879985809326	1.1903687	1.0932875871658325	0.90530396	1.0197168588638306	1.09198	0.984743058681488	0.8523865	0.9000908732414246	0.92230225	0.8812391757965088	0.61813426	33921.355	33941
31.502619	1.5263672	1.1043879985809326	1.4375	1.0932875871658325	1.0618286	1.0197168588638306	0.94363403	0.984743058681488	0.71780396	0.9000908732414246	0.67733765	0.8812391757965088	0.61813426	33921.355	33941
60.206684	1.4518433	1.1043879985809326	1.4135132	1.0932875871658325	1.0285034	1.0197168588638306	0.9754944	0.984743058681488	0.7298584	0.9000908732414246	0.7111206	0.8812391757965088	0.61813426	33921.355	33941
37.871685	1.5767212	1.1043879985809326	1.4467773	1.0932875871658325	1.0907593	1.0197168588638306	0.9242554	0.984743058681488	0.7156067	0.9000908732414246	0.6609497	0.8812391757965088	0.61813426	33921.355	33941
434.1612	1.3700562	1.1043879985809326	1.2842407	1.0932875871658325	1.0668335	1.0197168588638306	0.9401245	0.984743058681488	0.79434204	0.9000908732414246	0.74679565	0.8812391757965088	-0.61813426	33921.355	33941
163.43663	1.5546875	1.1043879985809326	1.4075928	1.0932875871658325	1.1044922	1.0197168588638306	0.91015625	0.984743058681488	0.73049927	0.9000908732414246	0.66485596	0.8812391757965088	0.61813426	33921.355	33941
36.166595	1.5151367	1.1043879985809326	1.3925171	1.0932875871658325	1.0880737	1.0197168588638306	0.92089844	0.984743058681488	0.7371826	0.9000908732414246	0.6788635	0.8812391757965088	0.61813426	33921.355	33941
187.23195	1.1505127	1.1043879985809326	1.0709839	1.0932875871658325	1.0754395	1.0197168588638306	0.93252563	0.984743058681488	0.8973694	0.9000908732414246	0.8363037	0.8812391757965088	0.61813426	33921.355	33941
48.45043	1.6867065	1.1043879985809326	1.4674683	1.0932875871658325	1.1494141	1.0197168588638306	0.8788147	0.984743058681488	0.70306396	0.9000908732414246	0.6178589	0.8812391757965088	-0.61813426	33921.355	33941
75.39483	1.0042725	1.1043879985809326	1.1447144	1.0932875871658325	0.8959961	1.0197168588638306	1.104065	0.984743058681488	0.8795166	0.9000908732414246	0.9582825	0.8812391757965088	0.61813426	33921.355	33941
65.871506	1.4006958	1.1043879985809326	1.2886963	1.0932875871658325	1.086792	1.0197168588638306	0.9232788	0.984743058681488	0.79208374	0.9000908732414246	0.73132324	0.8812391757965088	0.61813426	33921.355	33941
243.39566	1.5512695	1.1043879985809326	1.4344482	1.0932875871658325	1.0814209	1.0197168588638306	0.9282532	0.984743058681488	0.7190552	0.9000908732414246	0.66748047	0.8812391757965088	0.61813426	33921.355	33941
