lep_pt	AK8_pt	AK4_pt	M_sd	genWeights	sumWeight	N_exp
176.03284	395.25	42.15625	133.25	1.0	576609.0	77280
66.23192	456.0	103.125	140.125	1.0	576609.0	77280
874.4391	772.5	26.03125	155.125	1.0	576609.0	77280
356.35046	576.5	45.03125	225.75	1.0	576609.0	77280
595.967	851.0	94.0	180.0	1.0	576609.0	77280
131.9912	418.5	41.96875	1.4306641	1.0	576609.0	77280
185.16428	486.5	95.25	138.875	1.0	576609.0	77280
154.68481	445.75	75.1875	98.25	1.0	576609.0	77280
68.657196	366.5	69.5625	143.25	1.0	576609.0	77280
88.56933	431.25	45.34375	6.984375	1.0	576609.0	77280
67.31036	502.0	44.03125	96.0	1.0	576609.0	77280
121.93124	465.0	75.25	152.625	1.0	576609.0	77280
139.92555	491.25	52.1875	5.0546875	1.0	576609.0	77280
344.58005	586.0	86.5625	161.125	1.0	576609.0	77280
50.506973	374.5	88.5625	168.375	1.0	576609.0	77280
60.839985	561.5	41.875	1.9990234	1.0	576609.0	77280
58.650303	509.25	101.625	176.875	1.0	576609.0	77280
65.94221	388.25	115.9375	181.0	1.0	576609.0	77280
90.77709	451.75	55.96875	145.5	1.0	576609.0	77280
254.02483	576.5	75.875	30.421875	1.0	576609.0	77280
480.34515	526.5	46.96875	107.125	1.0	576609.0	77280
141.68912	471.75	125.5	143.625	1.0	576609.0	77280
518.07324	550.0	42.46875	181.875	1.0	576609.0	77280
78.748795	480.0	32.25	91.125	1.0	576609.0	77280
203.55414	502.25	41.6875	105.9375	1.0	576609.0	77280
383.0371	532.5	100.125	81.75	1.0	576609.0	77280
200.07791	527.0	68.5625	161.0	1.0	576609.0	77280
49.61803	486.25	118.9375	26.140625	1.0	576609.0	77280
75.529854	389.25	98.9375	78.0	1.0	576609.0	77280
114.409424	452.25	120.5	154.625	1.0	576609.0	77280
198.04839	740.5	203.5	229.25	1.0	576609.0	77280
77.639755	466.75	30.78125	137.0	1.0	576609.0	77280
683.7873	600.5	107.1875	216.375	1.0	576609.0	77280
303.92566	515.0	27.890625	197.75	1.0	576609.0	77280
155.4174	445.5	35.6875	159.5	1.0	576609.0	77280
151.5862	400.25	145.625	142.5	1.0	576609.0	77280
160.4467	403.25	93.375	147.625	1.0	576609.0	77280
54.535175	383.0	117.8125	160.875	1.0	576609.0	77280
830.6981	642.5	129.25	187.125	1.0	576609.0	77280
277.4609	393.25	83.25	19.109375	1.0	576609.0	77280
310.614	646.0	141.125	176.625	1.0	576609.0	77280
198.55219	568.5	46.15625	124.25	1.0	576609.0	77280
182.16187	381.5	52.21875	12.984375	1.0	576609.0	77280
462.7148	716.0	67.0	2.7109375	1.0	576609.0	77280
76.71047	519.0	157.875	2.46875	1.0	576609.0	77280
198.01646	456.25	27.65625	191.75	1.0	576609.0	77280
127.358795	397.0	29.5	128.625	1.0	576609.0	77280
89.578896	465.0	181.125	190.25	1.0	576609.0	77280
119.534836	428.0	114.0	148.5	1.0	576609.0	77280
146.83804	508.0	32.25	138.25	1.0	576609.0	77280
55.414433	541.0	80.0	75.5625	1.0	576609.0	77280
113.73855	523.5	30.6875	111.4375	1.0	576609.0	77280
103.55603	438.0	70.75	9.1796875	1.0	576609.0	77280
268.21542	642.5	54.75	155.25	1.0	576609.0	77280
79.94581	448.0	98.375	181.25	1.0	576609.0	77280
362.1282	494.75	128.625	157.875	1.0	576609.0	77280
139.08156	400.5	188.875	184.875	1.0	576609.0	77280
82.05114	579.0	75.3125	4.734375	1.0	576609.0	77280
227.092	443.25	134.625	191.25	1.0	576609.0	77280
70.57417	711.5	75.625	2.6152344	1.0	576609.0	77280
426.6077	569.5	86.0625	139.125	1.0	576609.0	77280
212.36826	548.0	115.4375	11.875	1.0	576609.0	77280
83.40196	446.25	112.8125	158.0	1.0	576609.0	77280
169.94887	355.5	106.8125	108.5625	1.0	576609.0	77280
55.69822	441.25	36.15625	111.875	1.0	576609.0	77280
617.7717	832.0	88.1875	199.5	1.0	576609.0	77280
47.750343	254.75	49.28125	122.0625	1.0	576609.0	77280
148.11786	422.25	29.390625	107.1875	1.0	576609.0	77280
98.32672	466.0	92.375	176.125	1.0	576609.0	77280
475.97842	439.75	184.75	23.203125	1.0	576609.0	77280
192.38396	630.0	103.4375	91.5625	1.0	576609.0	77280
239.97461	333.0	78.5625	7.8710938	1.0	576609.0	77280
101.28743	462.25	35.0625	160.125	1.0	576609.0	77280
139.15202	459.5	75.375	161.875	1.0	576609.0	77280
217.59688	609.5	244.125	241.125	1.0	576609.0	77280
61.56393	572.0	48.21875	238.875	1.0	576609.0	77280
391.54965	555.5	92.625	174.875	1.0	576609.0	77280
336.8359	651.0	33.6875	135.5	1.0	576609.0	77280
90.38552	593.0	121.75	2.3300781	1.0	576609.0	77280
96.45334	457.0	176.125	164.375	1.0	576609.0	77280
55.243053	422.5	141.0	169.25	1.0	576609.0	77280
104.117096	340.25	83.5625	162.75	1.0	576609.0	77280
59.44756	367.25	116.5625	34.9375	1.0	576609.0	77280
116.5346	497.25	27.984375	123.875	1.0	576609.0	77280
115.54315	564.0	138.625	2.7890625	1.0	576609.0	77280
120.405914	580.0	306.25	296.25	1.0	576609.0	77280
303.7044	461.25	111.5	177.25	1.0	576609.0	77280
74.618324	625.0	39.25	252.0	1.0	576609.0	77280
312.54236	293.25	115.9375	149.875	1.0	576609.0	77280
195.27008	465.0	128.5	92.0625	1.0	576609.0	77280
185.06326	573.5	118.1875	122.625	1.0	576609.0	77280
91.878075	550.0	50.03125	58.28125	1.0	576609.0	77280
30.41639	465.25	43.65625	117.375	1.0	576609.0	77280
104.42215	399.5	137.875	149.5	1.0	576609.0	77280
157.27951	460.0	35.34375	204.5	1.0	576609.0	77280
90.37528	526.5	41.28125	3.9003906	1.0	576609.0	77280
258.04675	598.5	96.875	207.875	1.0	576609.0	77280
1063.2384	684.5	174.5	2.3164062	1.0	576609.0	77280
317.96814	658.0	46.0	209.75	1.0	576609.0	77280
246.5144	604.0	36.6875	108.0	1.0	576609.0	77280
99.27828	458.75	117.5625	154.0	1.0	576609.0	77280
241.82349	524.0	43.78125	119.25	1.0	576609.0	77280
149.86938	489.75	25.3125	175.125	1.0	576609.0	77280
167.47935	558.0	136.0	254.5	1.0	576609.0	77280
62.32553	477.25	179.625	69.75	1.0	576609.0	77280
76.5839	435.25	80.9375	144.5	1.0	576609.0	77280
701.23193	893.5	47.5625	71.0625	1.0	576609.0	77280
116.000916	358.75	139.75	68.625	1.0	576609.0	77280
54.797314	502.0	52.65625	157.5	1.0	576609.0	77280
82.21247	513.0	183.0	185.875	1.0	576609.0	77280
50.190502	414.25	98.5625	118.25	1.0	576609.0	77280
68.7907	504.0	174.875	198.25	1.0	576609.0	77280
93.26649	503.0	56.40625	146.375	1.0	576609.0	77280
79.30617	547.0	88.0	20.15625	1.0	576609.0	77280
227.80115	466.25	81.375	179.875	1.0	576609.0	77280
93.351265	520.5	88.5	159.5	1.0	576609.0	77280
69.13437	633.5	136.375	150.0	1.0	576609.0	77280
70.653725	557.0	84.5625	3.7304688	1.0	576609.0	77280
668.3158	478.75	79.4375	211.5	1.0	576609.0	77280
214.05531	578.0	120.3125	183.75	1.0	576609.0	77280
313.3645	403.25	81.8125	140.25	1.0	576609.0	77280
57.373375	432.75	25.53125	185.25	1.0	576609.0	77280
199.48073	383.75	124.125	143.125	1.0	576609.0	77280
319.8584	646.0	83.75	225.125	1.0	576609.0	77280
141.60538	361.5	53.90625	139.75	1.0	576609.0	77280
176.37639	506.0	42.90625	129.25	1.0	576609.0	77280
69.82044	580.0	65.625	91.0	1.0	576609.0	77280
230.19473	339.0	52.03125	148.875	1.0	576609.0	77280
79.916115	592.0	149.5	197.5	1.0	576609.0	77280
84.70683	610.5	49.34375	106.9375	1.0	576609.0	77280
181.6111	628.0	105.0625	154.75	1.0	576609.0	77280
78.93554	355.75	129.25	118.625	1.0	576609.0	77280
50.09606	624.0	80.0625	204.75	1.0	576609.0	77280
54.814365	428.75	156.25	162.25	1.0	576609.0	77280
231.46332	480.75	94.5625	140.625	1.0	576609.0	77280
248.65512	641.0	208.5	198.875	1.0	576609.0	77280
72.7246	424.5	79.6875	128.0	1.0	576609.0	77280
343.41565	309.75	95.3125	119.5625	1.0	576609.0	77280
251.31201	548.5	134.625	185.25	1.0	576609.0	77280
157.60347	698.0	61.78125	181.375	1.0	576609.0	77280
204.90074	539.5	33.21875	151.5	1.0	576609.0	77280
64.5529	610.5	106.0625	183.0	1.0	576609.0	77280
446.6443	698.0	201.125	281.5	1.0	576609.0	77280
62.231583	507.25	120.0	143.25	1.0	576609.0	77280
178.3202	520.0	73.625	132.0	1.0	576609.0	77280
70.37449	472.75	62.96875	1.6699219	1.0	576609.0	77280
124.97174	452.25	28.40625	126.0	1.0	576609.0	77280
81.038284	315.5	91.125	103.6875	1.0	576609.0	77280
399.49176	609.0	75.625	159.25	1.0	576609.0	77280
71.97978	482.25	128.75	2.5585938	1.0	576609.0	77280
104.04039	287.75	46.9375	137.5	1.0	576609.0	77280
89.842285	449.75	89.0625	149.25	1.0	576609.0	77280
174.42934	632.0	147.625	194.0	1.0	576609.0	77280
71.91296	452.75	158.5	170.875	1.0	576609.0	77280
103.27901	366.75	129.75	117.3125	1.0	576609.0	77280
167.53934	537.5	71.8125	148.5	1.0	576609.0	77280
238.24449	520.0	91.125	143.375	1.0	576609.0	77280
188.57181	454.75	89.8125	123.25	1.0	576609.0	77280
55.0686	511.0	73.0	21.40625	1.0	576609.0	77280
312.739	296.75	86.25	6.8007812	1.0	576609.0	77280
66.879486	406.75	77.5625	51.71875	1.0	576609.0	77280
161.89732	469.25	168.75	156.125	1.0	576609.0	77280
75.45606	503.5	28.078125	160.875	1.0	576609.0	77280
198.75911	387.5	119.9375	126.5	1.0	576609.0	77280
149.32597	419.75	53.375	110.5625	1.0	576609.0	77280
670.2508	835.5	63.03125	56.28125	1.0	576609.0	77280
79.22943	435.25	127.0	2.515625	1.0	576609.0	77280
102.56474	462.75	69.4375	149.75	1.0	576609.0	77280
57.793304	354.75	37.65625	76.625	1.0	576609.0	77280
120.46496	467.25	127.5625	133.375	1.0	576609.0	77280
248.05397	582.0	194.75	251.25	1.0	576609.0	77280
524.58624	588.0	31.953125	76.4375	1.0	576609.0	77280
106.87246	449.25	48.15625	1.8603516	1.0	576609.0	77280
559.4695	659.5	140.25	199.125	1.0	576609.0	77280
296.1067	449.0	109.0	155.875	1.0	576609.0	77280
93.17735	589.0	50.4375	83.4375	1.0	576609.0	77280
71.01315	451.75	52.96875	35.34375	1.0	576609.0	77280
266.25198	671.5	107.9375	255.625	1.0	576609.0	77280
72.8078	432.25	58.375	181.625	1.0	576609.0	77280
186.29701	461.75	54.59375	162.0	1.0	576609.0	77280
105.34645	467.0	49.125	11.6796875	1.0	576609.0	77280
240.69684	465.75	34.21875	71.8125	1.0	576609.0	77280
206.58969	558.0	50.09375	203.375	1.0	576609.0	77280
140.67151	519.0	66.875	141.5	1.0	576609.0	77280
135.4555	435.25	81.875	150.0	1.0	576609.0	77280
86.6636	319.25	63.625	24.734375	1.0	576609.0	77280
459.391	521.0	96.375	181.375	1.0	576609.0	77280
57.89765	524.0	59.4375	5.3125	1.0	576609.0	77280
501.80582	554.5	113.1875	163.125	1.0	576609.0	77280
348.30136	755.5	60.78125	105.875	1.0	576609.0	77280
89.43869	441.25	36.8125	134.875	1.0	576609.0	77280
143.98987	286.0	62.46875	64.5625	1.0	576609.0	77280
80.73969	656.5	229.0	321.75	1.0	576609.0	77280
102.045815	522.5	170.125	232.0	1.0	576609.0	77280
131.9562	662.5	55.0	1.8173828	1.0	576609.0	77280
230.19193	600.0	42.25	182.875	1.0	576609.0	77280
92.46179	463.25	176.625	159.5	1.0	576609.0	77280
519.4461	726.5	64.4375	1.2060547	1.0	576609.0	77280
66.75944	511.5	88.3125	108.875	1.0	576609.0	77280
148.468	498.5	81.6875	225.0	1.0	576609.0	77280
106.32352	586.5	40.0	198.5	1.0	576609.0	77280
89.201195	451.75	32.65625	104.8125	1.0	576609.0	77280
73.255	532.0	115.4375	182.0	1.0	576609.0	77280
762.49713	786.0	40.78125	199.875	1.0	576609.0	77280
63.342026	419.75	32.75	2.4941406	1.0	576609.0	77280
53.026035	607.5	50.0625	3.40625	1.0	576609.0	77280
97.10647	382.25	56.34375	134.125	1.0	576609.0	77280
44.453983	362.75	47.71875	10.5546875	1.0	576609.0	77280
301.8676	585.0	84.0625	137.375	1.0	576609.0	77280
206.29988	429.5	165.0	135.375	1.0	576609.0	77280
165.51584	668.5	111.0625	155.25	1.0	576609.0	77280
145.11168	516.5	48.21875	160.375	1.0	576609.0	77280
182.30403	512.5	77.125	164.625	1.0	576609.0	77280
233.91872	462.25	70.625	157.375	1.0	576609.0	77280
27.463133	271.25	25.828125	139.25	1.0	576609.0	77280
76.577614	344.5	121.75	158.0	1.0	576609.0	77280
86.201836	457.75	64.375	34.1875	1.0	576609.0	77280
284.40753	483.25	35.34375	215.875	1.0	576609.0	77280
161.59326	407.5	154.0	186.625	1.0	576609.0	77280
71.94433	470.25	103.75	129.25	1.0	576609.0	77280
162.3679	568.5	25.953125	205.25	1.0	576609.0	77280
122.94183	346.25	33.40625	140.5	1.0	576609.0	77280
349.62656	652.5	118.875	201.25	1.0	576609.0	77280
82.71315	589.0	110.8125	118.875	1.0	576609.0	77280
202.34479	475.0	118.3125	132.5	1.0	576609.0	77280
94.71095	384.25	86.8125	157.375	1.0	576609.0	77280
95.65389	481.25	28.046875	163.625	1.0	576609.0	77280
227.90623	611.5	25.34375	178.125	1.0	576609.0	77280
48.99584	460.75	40.71875	1.3554688	1.0	576609.0	77280
65.418304	448.5	94.9375	0.6923828	1.0	576609.0	77280
105.90249	572.0	28.640625	176.875	1.0	576609.0	77280
424.845	642.0	101.75	115.1875	1.0	576609.0	77280
185.19936	498.5	67.875	181.875	1.0	576609.0	77280
94.72734	534.0	44.375	128.75	1.0	576609.0	77280
153.57834	507.25	100.0625	135.75	1.0	576609.0	77280
85.96427	504.25	66.375	2.9707031	1.0	576609.0	77280
74.14175	420.5	25.90625	63.875	1.0	576609.0	77280
243.83565	678.0	53.21875	69.8125	1.0	576609.0	77280
343.8232	562.0	32.40625	140.125	1.0	576609.0	77280
48.593197	462.75	34.71875	81.5625	1.0	576609.0	77280
160.23022	649.5	26.09375	46.5	1.0	576609.0	77280
109.86599	408.25	35.375	154.5	1.0	576609.0	77280
116.08191	611.5	78.3125	192.625	1.0	576609.0	77280
389.19836	586.5	94.8125	150.375	1.0	576609.0	77280
160.96956	305.75	155.375	134.5	1.0	576609.0	77280
56.174805	421.5	51.15625	134.75	1.0	576609.0	77280
47.505775	410.0	35.4375	110.0	1.0	576609.0	77280
55.056477	574.5	63.4375	2.3554688	1.0	576609.0	77280
132.42586	503.25	49.53125	76.6875	1.0	576609.0	77280
98.26872	505.0	40.0625	139.125	1.0	576609.0	77280
67.38576	335.75	67.9375	55.53125	1.0	576609.0	77280
90.86218	415.5	84.4375	171.125	1.0	576609.0	77280
39.75428	525.0	138.5	4.03125	1.0	576609.0	77280
182.50186	554.5	42.53125	13.359375	1.0	576609.0	77280
100.73011	596.0	90.875	191.125	1.0	576609.0	77280
90.04785	487.5	66.625	175.25	1.0	576609.0	77280
438.16397	516.5	148.375	149.25	1.0	576609.0	77280
118.02099	383.25	87.0	108.5625	1.0	576609.0	77280
136.92159	501.0	78.8125	198.125	1.0	576609.0	77280
74.84634	488.75	186.0	211.75	1.0	576609.0	77280
110.13164	483.0	25.15625	173.25	1.0	576609.0	77280
145.44969	440.25	169.375	182.125	1.0	576609.0	77280
408.40668	686.0	67.5	281.5	1.0	576609.0	77280
171.585	528.0	68.6875	159.875	1.0	576609.0	77280
39.214825	571.5	42.84375	106.25	1.0	576609.0	77280
72.24831	462.5	39.09375	10.5703125	1.0	576609.0	77280
233.41724	621.5	31.484375	116.1875	1.0	576609.0	77280
193.52364	508.75	78.625	52.46875	1.0	576609.0	77280
359.82196	419.0	193.25	162.375	1.0	576609.0	77280
148.05016	681.0	204.625	270.75	1.0	576609.0	77280
55.97337	639.0	39.5	10.7578125	1.0	576609.0	77280
36.316776	416.75	120.75	173.375	1.0	576609.0	77280
440.89178	660.5	128.625	206.5	1.0	576609.0	77280
133.02849	510.0	157.875	187.125	1.0	576609.0	77280
251.1502	545.0	215.75	206.375	1.0	576609.0	77280
164.61841	624.5	120.6875	113.625	1.0	576609.0	77280
158.86154	529.5	26.390625	23.6875	1.0	576609.0	77280
92.934616	578.5	124.75	200.75	1.0	576609.0	77280
163.64313	421.75	87.875	168.0	1.0	576609.0	77280
126.718895	400.5	103.3125	70.625	1.0	576609.0	77280
174.87244	453.5	28.078125	4.4492188	1.0	576609.0	77280
66.088875	488.5	66.0	129.625	1.0	576609.0	77280
137.60313	612.5	44.3125	172.875	1.0	576609.0	77280
154.06676	582.0	89.25	174.25	1.0	576609.0	77280
116.88642	499.75	44.0625	157.0	1.0	576609.0	77280
50.042286	508.5	31.859375	82.0625	1.0	576609.0	77280
709.8187	871.0	161.875	301.25	1.0	576609.0	77280
116.941986	423.5	101.75	161.25	1.0	576609.0	77280
120.36186	519.5	102.0625	172.875	1.0	576609.0	77280
50.17928	525.0	32.9375	6.8242188	1.0	576609.0	77280
162.20474	417.5	104.3125	4.53125	1.0	576609.0	77280
115.97144	524.0	124.9375	179.125	1.0	576609.0	77280
57.195885	509.25	29.34375	167.25	1.0	576609.0	77280
56.49584	433.5	108.375	144.125	1.0	576609.0	77280
55.77758	396.5	38.4375	134.5	1.0	576609.0	77280
290.66617	543.5	30.453125	3.671875	1.0	576609.0	77280
110.88448	499.75	61.125	1.7939453	1.0	576609.0	77280
201.36398	367.5	120.25	155.875	1.0	576609.0	77280
44.79351	387.0	105.9375	146.0	1.0	576609.0	77280
116.87946	404.5	115.3125	146.25	1.0	576609.0	77280
73.72001	400.0	38.09375	138.25	1.0	576609.0	77280
87.14957	420.75	85.8125	1.28125	1.0	576609.0	77280
50.593254	505.0	41.8125	125.375	1.0	576609.0	77280
51.081642	301.75	84.25	111.75	1.0	576609.0	77280
79.93601	499.5	25.453125	171.375	1.0	576609.0	77280
295.26074	536.0	62.28125	135.0	1.0	576609.0	77280
171.8119	673.0	31.25	44.46875	1.0	576609.0	77280
93.77983	491.0	26.84375	136.75	1.0	576609.0	77280
119.89392	688.0	75.75	118.25	1.0	576609.0	77280
41.677353	355.5	123.8125	5.125	1.0	576609.0	77280
142.59079	555.5	93.6875	54.28125	1.0	576609.0	77280
150.67451	581.5	48.8125	89.3125	1.0	576609.0	77280
71.28506	404.0	55.78125	150.25	1.0	576609.0	77280
88.43349	431.75	42.125	147.125	1.0	576609.0	77280
138.3017	515.5	42.84375	24.515625	1.0	576609.0	77280
271.22372	761.5	68.4375	163.5	1.0	576609.0	77280
130.85396	369.75	76.0	158.125	1.0	576609.0	77280
329.33682	638.5	126.5625	216.625	1.0	576609.0	77280
136.59062	473.0	181.25	194.75	1.0	576609.0	77280
54.659897	565.5	164.125	94.375	1.0	576609.0	77280
555.5566	530.0	41.3125	2.7519531	1.0	576609.0	77280
78.34144	398.75	98.8125	122.3125	1.0	576609.0	77280
141.45651	600.0	124.75	4.4609375	1.0	576609.0	77280
153.00471	451.5	25.0625	153.0	1.0	576609.0	77280
121.620926	502.25	144.25	158.25	1.0	576609.0	77280
255.36528	420.75	158.75	73.9375	1.0	576609.0	77280
74.11011	498.25	39.8125	72.5	1.0	576609.0	77280
60.098946	416.5	26.734375	148.375	1.0	576609.0	77280
158.65349	512.0	71.5625	3.5996094	1.0	576609.0	77280
162.0564	488.25	98.3125	99.8125	1.0	576609.0	77280
150.7144	460.0	26.65625	182.125	1.0	576609.0	77280
176.15082	420.0	86.75	0.7114258	1.0	576609.0	77280
112.96381	601.5	30.5625	142.125	1.0	576609.0	77280
61.26531	439.5	123.5625	194.5	1.0	576609.0	77280
211.60426	630.0	97.5	162.875	1.0	576609.0	77280
118.41541	477.75	40.84375	102.5625	1.0	576609.0	77280
233.29672	388.25	26.78125	151.375	1.0	576609.0	77280
78.59068	408.75	204.25	171.25	1.0	576609.0	77280
108.768684	605.5	40.125	162.5	1.0	576609.0	77280
298.5648	470.0	78.5625	9.7265625	1.0	576609.0	77280
159.78438	474.0	135.875	202.5	1.0	576609.0	77280
65.51216	606.5	123.5	171.5	1.0	576609.0	77280
229.71169	545.0	184.0	184.25	1.0	576609.0	77280
628.6662	861.0	96.1875	162.625	1.0	576609.0	77280
72.89291	302.25	76.875	95.0	1.0	576609.0	77280
157.12468	503.25	94.875	153.875	1.0	576609.0	77280
58.605995	591.0	36.3125	187.75	1.0	576609.0	77280
68.21415	492.0	74.5625	127.625	1.0	576609.0	77280
79.27713	580.0	228.25	211.875	1.0	576609.0	77280
73.63937	461.25	94.8125	152.375	1.0	576609.0	77280
112.15313	444.5	25.25	183.625	1.0	576609.0	77280
305.4036	509.0	36.25	121.0	1.0	576609.0	77280
167.43608	580.0	90.625	191.0	1.0	576609.0	77280
107.19321	361.75	131.0	102.625	1.0	576609.0	77280
69.45999	371.5	30.46875	134.625	1.0	576609.0	77280
97.891266	454.5	38.90625	136.125	1.0	576609.0	77280
87.695755	464.25	67.875	182.875	1.0	576609.0	77280
88.203476	349.0	98.0625	2.8105469	1.0	576609.0	77280
331.39532	636.5	137.0	8.0703125	1.0	576609.0	77280
201.0171	354.75	75.5625	3.0517578e-05	1.0	576609.0	77280
77.76409	551.0	49.96875	172.875	1.0	576609.0	77280
68.18913	398.5	70.625	150.125	1.0	576609.0	77280
285.87323	565.5	87.75	181.125	1.0	576609.0	77280
295.6207	576.0	44.34375	110.25	1.0	576609.0	77280
152.67041	590.5	119.75	167.875	1.0	576609.0	77280
170.17131	566.0	128.75	196.125	1.0	576609.0	77280
63.8874	430.25	79.625	68.8125	1.0	576609.0	77280
71.96112	501.25	36.84375	56.125	1.0	576609.0	77280
201.76364	523.5	124.5	187.5	1.0	576609.0	77280
54.52391	624.5	33.96875	225.25	1.0	576609.0	77280
292.00787	545.5	139.5	19.03125	1.0	576609.0	77280
79.35007	464.5	47.15625	12.8515625	1.0	576609.0	77280
195.62708	449.5	78.5	151.125	1.0	576609.0	77280
83.8492	319.0	91.125	136.5	1.0	576609.0	77280
212.0867	407.25	41.34375	67.3125	1.0	576609.0	77280
373.52975	788.0	76.4375	159.875	1.0	576609.0	77280
308.31534	610.0	144.125	263.25	1.0	576609.0	77280
272.4667	635.0	159.875	251.25	1.0	576609.0	77280
99.745605	387.75	100.5	154.625	1.0	576609.0	77280
66.422615	497.75	51.4375	127.4375	1.0	576609.0	77280
63.90106	436.25	40.15625	87.75	1.0	576609.0	77280
154.55316	553.0	115.625	156.875	1.0	576609.0	77280
233.91678	565.0	121.4375	215.25	1.0	576609.0	77280
42.16761	472.5	89.875	51.84375	1.0	576609.0	77280
109.85694	540.5	27.765625	115.6875	1.0	576609.0	77280
61.06465	461.25	116.6875	167.75	1.0	576609.0	77280
113.50544	436.5	26.75	91.4375	1.0	576609.0	77280
238.022	547.0	162.0	28.28125	1.0	576609.0	77280
506.41605	1000.0	26.171875	214.75	1.0	576609.0	77280
114.95101	464.25	125.125	5.8242188	1.0	576609.0	77280
111.83901	493.5	68.0625	9.819865e-06	1.0	576609.0	77280
81.0186	403.5	36.15625	7.5976562	1.0	576609.0	77280
245.77592	378.5	35.125	125.0625	1.0	576609.0	77280
68.73976	623.0	25.1875	9.671875	1.0	576609.0	77280
156.45143	433.75	70.1875	142.5	1.0	576609.0	77280
65.2798	579.5	133.5	15.9296875	1.0	576609.0	77280
250.95683	723.0	87.75	54.375	1.0	576609.0	77280
49.505142	354.5	108.25	112.625	1.0	576609.0	77280
122.01292	371.25	64.0625	83.0625	1.0	576609.0	77280
103.24709	556.0	118.0	14.53125	1.0	576609.0	77280
190.60762	550.5	60.40625	161.5	1.0	576609.0	77280
150.1936	468.0	54.65625	4.5898438	1.0	576609.0	77280
156.33719	473.75	72.125	145.75	1.0	576609.0	77280
742.24506	708.5	32.65625	182.25	1.0	576609.0	77280
127.84586	362.0	86.3125	3.7929688	1.0	576609.0	77280
69.17872	532.0	117.1875	150.75	1.0	576609.0	77280
89.71233	520.0	27.96875	190.25	1.0	576609.0	77280
101.72765	448.5	100.5	68.375	1.0	576609.0	77280
91.994606	440.5	169.875	170.5	1.0	576609.0	77280
293.11212	607.0	78.75	173.625	1.0	576609.0	77280
219.34741	797.5	40.6875	226.125	1.0	576609.0	77280
107.31089	571.5	167.375	292.5	1.0	576609.0	77280
168.11446	415.75	25.921875	125.25	1.0	576609.0	77280
173.5272	584.0	79.625	143.25	1.0	576609.0	77280
396.738	455.5	86.5	80.9375	1.0	576609.0	77280
56.516857	560.0	38.96875	6.4375	1.0	576609.0	77280
64.187645	451.5	98.6875	39.46875	1.0	576609.0	77280
266.8295	401.25	80.6875	113.8125	1.0	576609.0	77280
307.95682	565.5	113.125	159.875	1.0	576609.0	77280
52.290813	446.0	185.375	1.7001953	1.0	576609.0	77280
98.90592	389.75	150.375	184.25	1.0	576609.0	77280
79.91528	607.0	40.4375	2.8046875	1.0	576609.0	77280
75.123184	374.5	186.5	178.0	1.0	576609.0	77280
67.42934	396.0	74.9375	7.3789062	1.0	576609.0	77280
159.9186	490.5	148.375	184.125	1.0	576609.0	77280
197.30309	606.0	32.1875	226.125	1.0	576609.0	77280
54.45491	447.75	57.84375	156.875	1.0	576609.0	77280
49.252487	460.25	26.953125	135.875	1.0	576609.0	77280
294.35663	529.5	40.1875	163.0	1.0	576609.0	77280
238.39893	397.75	96.5625	2.2578125	1.0	576609.0	77280
445.96365	711.0	25.796875	162.0	1.0	576609.0	77280
376.9517	558.5	143.75	240.75	1.0	576609.0	77280
736.7961	816.0	51.40625	68.625	1.0	576609.0	77280
132.59392	387.5	157.5	138.625	1.0	576609.0	77280
77.745186	489.25	243.125	7.125	1.0	576609.0	77280
97.66179	459.25	130.375	4.015625	1.0	576609.0	77280
589.35175	677.5	70.5625	111.0625	1.0	576609.0	77280
253.36023	526.0	134.125	158.625	1.0	576609.0	77280
89.80187	502.25	25.53125	1.3828125	1.0	576609.0	77280
197.75122	609.0	108.6875	215.375	1.0	576609.0	77280
235.9953	429.5	77.5	143.625	1.0	576609.0	77280
553.91614	668.0	92.375	154.0	1.0	576609.0	77280
103.84587	419.0	109.25	171.75	1.0	576609.0	77280
272.74554	618.5	85.0625	155.375	1.0	576609.0	77280
465.74875	919.0	39.8125	166.0	1.0	576609.0	77280
79.697945	422.25	209.625	207.75	1.0	576609.0	77280
177.01459	700.5	42.8125	233.875	1.0	576609.0	77280
76.7523	395.5	103.0625	150.75	1.0	576609.0	77280
111.77441	484.25	83.3125	56.78125	1.0	576609.0	77280
150.34206	582.0	144.375	172.5	1.0	576609.0	77280
184.349	359.0	62.875	131.0	1.0	576609.0	77280
453.45105	771.0	78.1875	221.625	1.0	576609.0	77280
60.162968	451.0	169.75	171.375	1.0	576609.0	77280
391.3566	480.5	143.25	181.5	1.0	576609.0	77280
169.93805	397.5	85.4375	150.375	1.0	576609.0	77280
97.32738	449.75	99.5	161.375	1.0	576609.0	77280
49.606934	414.25	54.0	133.5	1.0	576609.0	77280
119.501755	535.5	125.375	251.75	1.0	576609.0	77280
116.99631	477.25	108.625	144.625	1.0	576609.0	77280
184.51566	537.5	70.5625	172.125	1.0	576609.0	77280
190.15498	445.75	66.5625	90.25	1.0	576609.0	77280
90.2364	513.5	124.9375	154.875	1.0	576609.0	77280
139.40416	511.75	50.53125	156.625	1.0	576609.0	77280
170.26395	539.0	29.90625	167.375	1.0	576609.0	77280
99.94966	280.5	77.8125	39.90625	1.0	576609.0	77280
103.63062	464.5	186.25	3.78125	1.0	576609.0	77280
149.70955	561.0	60.53125	183.5	1.0	576609.0	77280
174.24068	700.5	69.8125	174.375	1.0	576609.0	77280
52.647564	525.0	52.03125	10.1875	1.0	576609.0	77280
136.482	494.0	54.9375	2.9316406	1.0	576609.0	77280
232.86464	480.5	91.5625	144.0	1.0	576609.0	77280
133.98073	628.0	26.328125	148.0	1.0	576609.0	77280
99.69432	462.5	96.6875	2.4804688	1.0	576609.0	77280
142.834	465.75	30.640625	3.2421875	1.0	576609.0	77280
211.75594	795.0	54.3125	66.5625	1.0	576609.0	77280
81.20612	399.25	160.0	156.25	1.0	576609.0	77280
123.28846	420.75	81.5	211.625	1.0	576609.0	77280
94.73819	499.5	81.125	156.125	1.0	576609.0	77280
166.05629	657.5	141.5	6.3710938	1.0	576609.0	77280
69.505554	404.75	29.28125	142.375	1.0	576609.0	77280
130.69576	318.0	61.40625	122.6875	1.0	576609.0	77280
106.295074	366.25	37.1875	160.5	1.0	576609.0	77280
90.09874	597.5	84.375	158.875	1.0	576609.0	77280
54.69659	483.25	139.125	241.5	1.0	576609.0	77280
64.16244	368.5	54.3125	119.8125	1.0	576609.0	77280
106.78295	494.0	80.875	140.75	1.0	576609.0	77280
86.86746	579.0	107.3125	26.640625	1.0	576609.0	77280
61.341698	451.25	86.5	38.5	1.0	576609.0	77280
71.050224	379.25	54.65625	1.3222656	1.0	576609.0	77280
121.96031	406.0	163.875	153.25	1.0	576609.0	77280
78.49033	579.0	32.0	33.9375	1.0	576609.0	77280
58.903515	370.25	68.0625	121.375	1.0	576609.0	77280
166.86913	451.25	95.0	180.625	1.0	576609.0	77280
180.66312	532.5	46.0	87.75	1.0	576609.0	77280
184.6065	407.5	71.25	134.25	1.0	576609.0	77280
165.06216	436.5	99.125	143.875	1.0	576609.0	77280
47.78087	471.0	75.8125	119.5625	1.0	576609.0	77280
87.87929	612.5	80.25	142.625	1.0	576609.0	77280
39.98527	430.25	121.6875	177.375	1.0	576609.0	77280
73.97544	492.25	25.71875	168.75	1.0	576609.0	77280
101.676186	415.0	35.3125	8.546875	1.0	576609.0	77280
111.57508	478.25	83.6875	161.0	1.0	576609.0	77280
81.38202	433.5	103.0625	3.5058594	1.0	576609.0	77280
90.03457	634.0	115.875	2.5039062	1.0	576609.0	77280
35.350143	526.0	101.125	3.6835938	1.0	576609.0	77280
141.74716	455.25	126.0625	121.8125	1.0	576609.0	77280
326.0372	410.25	98.5	163.25	1.0	576609.0	77280
98.62167	442.5	124.375	191.75	1.0	576609.0	77280
269.33447	720.0	163.875	225.0	1.0	576609.0	77280
366.75977	404.5	143.75	129.25	1.0	576609.0	77280
103.039635	576.5	69.6875	216.25	1.0	576609.0	77280
113.74924	348.0	88.375	7.2695312	1.0	576609.0	77280
78.04827	475.75	148.75	106.8125	1.0	576609.0	77280
106.94861	468.5	122.9375	36.0625	1.0	576609.0	77280
64.08154	661.0	83.9375	131.5	1.0	576609.0	77280
78.750015	415.25	39.1875	20.96875	1.0	576609.0	77280
141.46844	513.5	139.125	203.25	1.0	576609.0	77280
62.58904	470.5	144.875	152.25	1.0	576609.0	77280
237.46481	570.0	83.875	24.390625	1.0	576609.0	77280
127.11616	467.25	105.4375	148.375	1.0	576609.0	77280
62.538044	383.25	68.875	135.375	1.0	576609.0	77280
59.897602	267.5	97.75	112.25	1.0	576609.0	77280
117.55168	392.75	92.5	4.1953125	1.0	576609.0	77280
54.488495	543.5	92.5625	160.875	1.0	576609.0	77280
579.01886	686.5	147.125	183.5	1.0	576609.0	77280
149.56891	505.75	36.3125	118.5	1.0	576609.0	77280
119.055534	204.625	65.375	72.3125	1.0	576609.0	77280
180.82924	387.5	132.75	131.125	1.0	576609.0	77280
99.765076	660.0	95.125	200.875	1.0	576609.0	77280
167.92586	615.5	75.125	179.5	1.0	576609.0	77280
84.269646	515.0	36.03125	124.375	1.0	576609.0	77280
70.73047	358.5	94.375	138.625	1.0	576609.0	77280
134.21289	418.25	88.25	154.875	1.0	576609.0	77280
242.44722	422.75	32.0625	160.5	1.0	576609.0	77280
163.1755	600.0	67.5	204.125	1.0	576609.0	77280
122.18823	495.75	122.625	118.125	1.0	576609.0	77280
72.775215	352.75	129.375	110.0	1.0	576609.0	77280
52.563496	361.75	131.375	116.875	1.0	576609.0	77280
178.17279	605.5	81.0625	7.1445312	1.0	576609.0	77280
90.51863	507.75	54.5625	2.2128906	1.0	576609.0	77280
179.57979	385.75	85.125	22.9375	1.0	576609.0	77280
93.751854	516.5	31.75	180.5	1.0	576609.0	77280
67.76021	565.0	39.40625	223.0	1.0	576609.0	77280
54.375088	451.25	90.4375	131.75	1.0	576609.0	77280
107.854	536.0	49.5625	113.1875	1.0	576609.0	77280
252.62473	475.5	35.1875	86.0	1.0	576609.0	77280
226.68121	518.5	175.125	213.375	1.0	576609.0	77280
226.30896	514.5	78.6875	154.25	1.0	576609.0	77280
61.847397	433.25	171.625	223.75	1.0	576609.0	77280
135.16557	427.0	52.6875	193.375	1.0	576609.0	77280
159.2132	501.0	60.65625	157.375	1.0	576609.0	77280
137.07101	486.25	133.0	147.125	1.0	576609.0	77280
54.220955	417.5	41.125	49.625	1.0	576609.0	77280
40.055767	542.5	69.9375	158.875	1.0	576609.0	77280
45.364895	623.5	48.3125	172.0	1.0	576609.0	77280
95.852066	340.75	85.4375	27.171875	1.0	576609.0	77280
141.51695	461.0	92.5	152.75	1.0	576609.0	77280
125.50342	506.5	26.59375	2.0292969	1.0	576609.0	77280
78.85051	545.0	54.875	87.625	1.0	576609.0	77280
148.63503	601.5	130.0	213.75	1.0	576609.0	77280
102.15664	553.5	40.0	7.1210938	1.0	576609.0	77280
209.60522	432.75	77.25	163.5	1.0	576609.0	77280
140.83717	370.75	71.5	120.625	1.0	576609.0	77280
175.98668	429.0	164.25	190.25	1.0	576609.0	77280
202.24489	550.5	30.953125	264.5	1.0	576609.0	77280
59.59027	385.75	125.125	124.9375	1.0	576609.0	77280
167.25626	648.0	42.40625	267.5	1.0	576609.0	77280
61.389282	447.0	45.5	188.25	1.0	576609.0	77280
100.7826	445.0	69.3125	134.0	1.0	576609.0	77280
39.3004	462.5	110.5	90.75	1.0	576609.0	77280
125.08813	378.75	156.25	1.2099609	1.0	576609.0	77280
289.23456	447.0	88.0	71.625	1.0	576609.0	77280
66.31583	478.25	92.625	148.25	1.0	576609.0	77280
295.21326	434.0	131.5	121.8125	1.0	576609.0	77280
356.857	777.0	131.875	133.25	1.0	576609.0	77280
133.14612	434.0	49.15625	149.0	1.0	576609.0	77280
643.94366	754.0	144.375	189.75	1.0	576609.0	77280
183.58466	615.5	39.9375	129.125	1.0	576609.0	77280
997.55115	1058.0	85.75	137.75	1.0	576609.0	77280
45.657593	373.0	38.9375	144.0	1.0	576609.0	77280
633.4505	549.5	80.125	107.8125	1.0	576609.0	77280
144.67065	392.0	72.625	150.125	1.0	576609.0	77280
157.31316	480.25	150.5	207.75	1.0	576609.0	77280
178.96342	434.0	70.5625	152.625	1.0	576609.0	77280
73.121376	527.5	199.5	1.321733e-05	1.0	576609.0	77280
164.81902	415.25	49.09375	141.375	1.0	576609.0	77280
84.02628	439.25	103.125	141.0	1.0	576609.0	77280
470.31717	566.5	52.96875	153.625	1.0	576609.0	77280
117.695984	347.25	97.0	2.1015625	1.0	576609.0	77280
695.0382	813.5	115.6875	236.875	1.0	576609.0	77280
136.93234	479.0	105.8125	204.625	1.0	576609.0	77280
63.80577	562.5	126.6875	171.375	1.0	576609.0	77280
193.06136	540.5	120.125	101.5	1.0	576609.0	77280
190.38547	591.5	93.625	166.625	1.0	576609.0	77280
305.63828	617.0	108.5	226.375	1.0	576609.0	77280
147.44293	445.0	59.3125	4.6367188	1.0	576609.0	77280
552.51544	557.0	68.5	172.375	1.0	576609.0	77280
136.08421	480.25	139.125	174.625	1.0	576609.0	77280
62.80272	422.0	130.25	62.59375	1.0	576609.0	77280
291.27966	372.25	117.6875	53.25	1.0	576609.0	77280
48.446198	438.0	119.375	2.1503906	1.0	576609.0	77280
44.336365	523.0	85.3125	0.14233398	1.0	576609.0	77280
114.52948	527.5	78.6875	153.5	1.0	576609.0	77280
60.998207	452.5	129.0	137.0	1.0	576609.0	77280
400.83133	844.0	71.875	11.7109375	1.0	576609.0	77280
109.13999	399.0	65.8125	100.5625	1.0	576609.0	77280
121.12223	581.5	76.375	1.6591797	1.0	576609.0	77280
424.52008	781.5	127.0625	2.7109375	1.0	576609.0	77280
49.62408	377.0	141.25	122.375	1.0	576609.0	77280
152.10904	452.0	35.8125	102.625	1.0	576609.0	77280
340.8816	458.25	80.0	151.75	1.0	576609.0	77280
42.55173	576.0	72.0	205.25	1.0	576609.0	77280
77.24351	460.25	35.625	24.359375	1.0	576609.0	77280
57.814533	509.5	68.875	144.875	1.0	576609.0	77280
61.021156	470.0	71.0625	179.5	1.0	576609.0	77280
105.12039	416.25	48.28125	15.0859375	1.0	576609.0	77280
221.88202	744.5	112.1875	3.0517578e-05	1.0	576609.0	77280
134.35991	486.0	43.46875	3.9589844	1.0	576609.0	77280
300.6041	411.0	40.46875	4.1992188	1.0	576609.0	77280
110.044495	445.0	47.9375	187.0	1.0	576609.0	77280
239.66632	519.5	98.1875	178.75	1.0	576609.0	77280
154.00764	548.0	83.1875	187.0	1.0	576609.0	77280
723.3936	843.5	63.59375	162.875	1.0	576609.0	77280
141.40869	397.0	159.0	170.625	1.0	576609.0	77280
718.69385	573.0	73.6875	216.0	1.0	576609.0	77280
232.50911	522.0	54.4375	124.0625	1.0	576609.0	77280
46.677944	496.0	99.8125	174.625	1.0	576609.0	77280
224.58054	795.0	36.21875	158.625	1.0	576609.0	77280
71.7905	406.5	31.546875	206.0	1.0	576609.0	77280
66.93112	571.5	105.6875	227.375	1.0	576609.0	77280
62.710575	408.25	126.375	177.375	1.0	576609.0	77280
120.76602	374.0	91.125	131.25	1.0	576609.0	77280
53.51962	415.75	55.03125	151.0	1.0	576609.0	77280
68.91377	562.0	107.125	186.0	1.0	576609.0	77280
72.34077	422.5	57.75	6.0234375	1.0	576609.0	77280
78.83492	676.0	113.3125	3.2636719	1.0	576609.0	77280
780.1675	839.0	31.5625	178.0	1.0	576609.0	77280
78.686295	479.0	149.125	21.328125	1.0	576609.0	77280
362.71616	695.0	93.5625	105.5625	1.0	576609.0	77280
416.10898	704.5	98.875	265.5	1.0	576609.0	77280
108.10535	514.0	46.15625	150.375	1.0	576609.0	77280
175.25981	460.25	161.875	10.640625	1.0	576609.0	77280
92.25811	560.0	88.375	12.84375	1.0	576609.0	77280
234.8425	679.0	25.453125	140.875	1.0	576609.0	77280
62.61077	530.0	81.1875	2.6971102e-06	1.0	576609.0	77280
240.24391	540.5	53.5	137.5	1.0	576609.0	77280
143.54504	562.0	57.0	234.125	1.0	576609.0	77280
114.044106	368.75	98.8125	123.9375	1.0	576609.0	77280
40.39757	375.75	35.15625	19.484375	1.0	576609.0	77280
337.39157	482.5	51.0	117.875	1.0	576609.0	77280
104.39563	531.5	26.359375	111.875	1.0	576609.0	77280
167.48505	503.0	192.75	248.125	1.0	576609.0	77280
324.83304	467.0	196.75	178.25	1.0	576609.0	77280
393.32175	726.0	61.71875	36.0	1.0	576609.0	77280
103.94065	553.0	49.125	108.5625	1.0	576609.0	77280
105.531715	698.0	62.8125	6.171875	1.0	576609.0	77280
278.1209	548.0	130.75	107.3125	1.0	576609.0	77280
75.208374	448.25	128.5	144.125	1.0	576609.0	77280
112.48045	546.5	46.03125	5.609375	1.0	576609.0	77280
31.62647	404.75	46.8125	21.359375	1.0	576609.0	77280
110.716835	468.0	81.75	179.75	1.0	576609.0	77280
108.6494	494.0	35.28125	83.875	1.0	576609.0	77280
98.959404	703.0	60.59375	1.7519531	1.0	576609.0	77280
119.33802	458.0	137.25	189.0	1.0	576609.0	77280
71.71982	416.0	65.1875	1.8320312	1.0	576609.0	77280
194.83728	538.0	142.5	193.125	1.0	576609.0	77280
78.57131	427.5	30.796875	163.5	1.0	576609.0	77280
388.66336	477.25	71.1875	35.5	1.0	576609.0	77280
55.661434	524.5	99.875	171.5	1.0	576609.0	77280
83.8574	410.0	140.375	166.75	1.0	576609.0	77280
720.725	528.0	26.59375	152.625	1.0	576609.0	77280
132.00972	455.25	101.5625	199.75	1.0	576609.0	77280
410.72748	684.5	26.46875	186.75	1.0	576609.0	77280
80.02167	523.5	67.4375	183.625	1.0	576609.0	77280
135.50159	688.5	70.3125	45.96875	1.0	576609.0	77280
61.07324	498.5	84.75	159.875	1.0	576609.0	77280
529.3771	679.5	62.5625	235.25	1.0	576609.0	77280
75.41285	465.25	27.59375	149.25	1.0	576609.0	77280
171.27197	442.0	50.96875	62.84375	1.0	576609.0	77280
93.94196	416.25	99.0625	119.875	1.0	576609.0	77280
86.1403	488.0	121.6875	59.65625	1.0	576609.0	77280
164.85786	575.0	55.125	32.78125	1.0	576609.0	77280
54.617535	398.75	76.5625	67.375	1.0	576609.0	77280
213.20692	431.25	170.875	161.25	1.0	576609.0	77280
286.45993	539.5	50.75	132.25	1.0	576609.0	77280
199.28406	742.0	42.28125	160.0	1.0	576609.0	77280
112.638435	363.0	71.0625	153.625	1.0	576609.0	77280
543.139	829.5	27.15625	136.0	1.0	576609.0	77280
82.06876	389.0	146.0	184.875	1.0	576609.0	77280
155.85411	559.0	91.625	28.015625	1.0	576609.0	77280
85.91861	668.0	30.9375	7.3945312	1.0	576609.0	77280
64.05541	464.75	52.6875	112.5	1.0	576609.0	77280
138.85606	433.5	105.1875	27.671875	1.0	576609.0	77280
86.55543	469.5	83.5	186.125	1.0	576609.0	77280
85.16422	464.0	99.8125	16.53125	1.0	576609.0	77280
55.415604	460.25	115.625	153.0	1.0	576609.0	77280
142.95819	497.75	83.8125	204.0	1.0	576609.0	77280
179.93407	483.0	39.21875	128.875	1.0	576609.0	77280
149.30006	417.5	31.703125	164.0	1.0	576609.0	77280
164.0909	550.0	138.125	228.0	1.0	576609.0	77280
34.32529	459.25	52.0	169.375	1.0	576609.0	77280
546.62524	556.0	30.796875	168.875	1.0	576609.0	77280
150.74858	554.0	83.5625	90.75	1.0	576609.0	77280
83.39154	443.5	144.25	163.375	1.0	576609.0	77280
51.735485	527.5	110.5	147.75	1.0	576609.0	77280
39.878315	392.5	110.3125	74.3125	1.0	576609.0	77280
157.09453	515.5	111.625	199.125	1.0	576609.0	77280
96.980736	409.5	25.109375	127.75	1.0	576609.0	77280
190.4305	486.25	25.375	77.8125	1.0	576609.0	77280
105.34966	428.5	195.5	181.125	1.0	576609.0	77280
121.08106	435.75	133.75	157.75	1.0	576609.0	77280
134.93797	487.75	109.125	1.1289062	1.0	576609.0	77280
301.34958	755.5	111.3125	-5.3942204e-06	1.0	576609.0	77280
208.1717	611.5	147.25	19.890625	1.0	576609.0	77280
75.33054	509.5	60.625	178.25	1.0	576609.0	77280
93.519966	451.25	75.9375	247.5	1.0	576609.0	77280
87.49408	661.0	80.0625	4.53125	1.0	576609.0	77280
147.64143	480.5	26.453125	148.375	1.0	576609.0	77280
53.207077	511.0	34.5	2.5136719	1.0	576609.0	77280
595.75305	468.75	35.4375	196.0	1.0	576609.0	77280
107.66898	415.0	54.03125	96.3125	1.0	576609.0	77280
60.482044	470.75	78.5625	126.1875	1.0	576609.0	77280
39.988106	484.25	182.5	151.0	1.0	576609.0	77280
363.2714	582.0	98.1875	186.0	1.0	576609.0	77280
140.07706	417.0	55.71875	156.75	1.0	576609.0	77280
52.992317	584.0	126.9375	199.375	1.0	576609.0	77280
126.54948	481.75	83.9375	151.75	1.0	576609.0	77280
59.493736	392.0	150.75	46.96875	1.0	576609.0	77280
247.46014	495.0	138.375	77.875	1.0	576609.0	77280
217.51276	283.25	73.25	120.4375	1.0	576609.0	77280
379.4978	555.0	59.9375	44.78125	1.0	576609.0	77280
235.89526	370.25	72.6875	125.4375	1.0	576609.0	77280
352.42407	672.0	121.5	204.125	1.0	576609.0	77280
396.4275	457.0	93.3125	156.0	1.0	576609.0	77280
147.89026	525.5	148.125	189.625	1.0	576609.0	77280
153.39925	597.5	63.8125	5.2734375	1.0	576609.0	77280
126.69148	476.75	162.25	163.25	1.0	576609.0	77280
101.25197	545.0	47.5625	152.875	1.0	576609.0	77280
268.12897	527.0	53.75	12.234375	1.0	576609.0	77280
120.68896	558.0	255.75	255.625	1.0	576609.0	77280
54.521862	380.0	90.125	116.125	1.0	576609.0	77280
82.17402	462.25	28.265625	2.0605469	1.0	576609.0	77280
95.84541	616.0	26.890625	192.25	1.0	576609.0	77280
94.42733	519.5	88.125	138.5	1.0	576609.0	77280
263.33118	511.25	64.625	64.0625	1.0	576609.0	77280
46.327183	499.0	126.5	4.53125	1.0	576609.0	77280
142.25157	609.5	25.421875	109.0	1.0	576609.0	77280
118.45474	401.0	109.8125	165.0	1.0	576609.0	77280
140.215	563.5	178.25	169.125	1.0	576609.0	77280
105.04117	470.75	67.5625	0.98535156	1.0	576609.0	77280
94.17934	637.5	146.0	237.0	1.0	576609.0	77280
42.079655	405.0	75.0625	34.125	1.0	576609.0	77280
55.022377	502.5	31.453125	173.875	1.0	576609.0	77280
167.99445	394.0	146.125	196.125	1.0	576609.0	77280
332.91	662.0	39.34375	123.3125	1.0	576609.0	77280
561.7926	470.75	77.3125	3.8847656	1.0	576609.0	77280
595.04834	768.0	28.34375	146.75	1.0	576609.0	77280
67.1816	380.25	104.3125	122.125	1.0	576609.0	77280
79.16605	414.25	30.265625	144.875	1.0	576609.0	77280
261.9451	604.5	61.15625	181.875	1.0	576609.0	77280
59.216206	468.75	80.0625	73.75	1.0	576609.0	77280
51.404644	493.75	128.5	4.609375	1.0	576609.0	77280
130.47382	547.0	130.375	175.125	1.0	576609.0	77280
144.2231	438.75	26.078125	132.75	1.0	576609.0	77280
187.03831	495.75	52.25	132.5	1.0	576609.0	77280
49.379875	503.5	30.625	13.8671875	1.0	576609.0	77280
252.92918	478.75	104.5	177.0	1.0	576609.0	77280
332.10913	687.5	59.53125	77.75	1.0	576609.0	77280
142.19032	616.0	27.265625	182.0	1.0	576609.0	77280
70.95636	508.75	97.375	8.390625	1.0	576609.0	77280
33.527164	611.0	77.5625	177.75	1.0	576609.0	77280
173.10498	463.0	29.03125	124.0	1.0	576609.0	77280
98.43411	419.25	72.0	82.3125	1.0	576609.0	77280
169.65117	543.0	63.40625	160.75	1.0	576609.0	77280
144.37718	439.75	66.3125	168.125	1.0	576609.0	77280
107.316315	303.5	53.40625	142.875	1.0	576609.0	77280
104.72821	475.75	144.25	59.5	1.0	576609.0	77280
191.35226	569.5	26.265625	228.5	1.0	576609.0	77280
629.4574	432.5	102.9375	68.8125	1.0	576609.0	77280
190.03253	516.0	106.4375	156.25	1.0	576609.0	77280
64.83901	537.0	119.75	58.65625	1.0	576609.0	77280
118.90483	459.0	72.6875	152.625	1.0	576609.0	77280
402.75314	469.25	73.5625	164.375	1.0	576609.0	77280
95.82439	453.0	25.328125	101.1875	1.0	576609.0	77280
141.49376	569.5	32.90625	91.9375	1.0	576609.0	77280
228.3801	455.0	41.59375	99.625	1.0	576609.0	77280
557.42706	703.5	224.25	307.25	1.0	576609.0	77280
52.58867	300.0	78.0625	-9.343028e-06	1.0	576609.0	77280
74.35737	530.5	34.21875	67.1875	1.0	576609.0	77280
95.77474	492.0	50.8125	35.71875	1.0	576609.0	77280
215.07436	583.5	77.5625	208.25	1.0	576609.0	77280
299.16446	463.0	99.0	107.8125	1.0	576609.0	77280
342.7128	564.0	35.6875	9.734375	1.0	576609.0	77280
53.577377	522.5	68.875	158.375	1.0	576609.0	77280
123.897835	389.0	61.8125	1.6455078	1.0	576609.0	77280
122.46326	577.0	32.53125	54.28125	1.0	576609.0	77280
133.56444	521.0	34.40625	176.875	1.0	576609.0	77280
198.35164	570.5	90.0	152.5	1.0	576609.0	77280
105.08041	427.75	41.71875	10.4296875	1.0	576609.0	77280
228.0234	605.5	38.96875	6.8632812	1.0	576609.0	77280
61.242607	430.5	33.28125	162.75	1.0	576609.0	77280
209.84064	459.75	140.875	53.3125	1.0	576609.0	77280
79.89366	548.5	122.6875	235.0	1.0	576609.0	77280
225.69409	456.75	95.6875	153.0	1.0	576609.0	77280
202.42772	549.0	38.34375	126.8125	1.0	576609.0	77280
239.60188	623.0	80.375	177.125	1.0	576609.0	77280
95.61292	465.5	92.6875	195.375	1.0	576609.0	77280
152.58873	473.25	26.796875	141.625	1.0	576609.0	77280
249.30235	407.0	65.625	166.25	1.0	576609.0	77280
57.274773	396.25	64.3125	152.25	1.0	576609.0	77280
164.4072	577.5	115.0625	223.75	1.0	576609.0	77280
230.38002	604.5	37.46875	12.828125	1.0	576609.0	77280
761.4287	739.5	66.375	191.875	1.0	576609.0	77280
133.41875	520.5	94.0625	147.25	1.0	576609.0	77280
145.44069	402.0	46.625	109.25	1.0	576609.0	77280
154.92294	340.0	155.125	9.5390625	1.0	576609.0	77280
109.60604	591.0	108.625	195.125	1.0	576609.0	77280
169.15068	487.75	44.5625	89.875	1.0	576609.0	77280
345.5704	471.5	37.96875	183.875	1.0	576609.0	77280
426.10565	565.0	99.875	145.0	1.0	576609.0	77280
96.28669	401.5	136.375	160.25	1.0	576609.0	77280
127.95935	358.25	153.5	174.375	1.0	576609.0	77280
65.26505	464.25	108.5625	23.46875	1.0	576609.0	77280
50.0064	387.0	30.390625	126.8125	1.0	576609.0	77280
217.20451	564.0	65.75	165.25	1.0	576609.0	77280
45.87576	446.0	104.9375	4.0195312	1.0	576609.0	77280
355.68774	667.0	147.75	139.875	1.0	576609.0	77280
422.7674	653.0	137.75	164.375	1.0	576609.0	77280
177.86821	362.5	31.546875	173.25	1.0	576609.0	77280
134.16704	367.0	65.8125	169.25	1.0	576609.0	77280
106.86323	439.0	121.25	1.4296875	1.0	576609.0	77280
642.9402	786.0	75.0625	129.5	1.0	576609.0	77280
140.73302	391.5	26.203125	84.25	1.0	576609.0	77280
323.44537	417.0	34.21875	172.75	1.0	576609.0	77280
107.33964	593.0	34.4375	158.375	1.0	576609.0	77280
67.14732	480.5	158.0	151.0	1.0	576609.0	77280
600.5993	504.0	37.4375	91.0625	1.0	576609.0	77280
64.85572	497.25	93.9375	120.625	1.0	576609.0	77280
39.394768	413.5	134.625	179.375	1.0	576609.0	77280
233.11194	606.0	169.875	268.75	1.0	576609.0	77280
49.765533	552.5	101.5625	11.578125	1.0	576609.0	77280
74.18245	593.0	49.15625	100.6875	1.0	576609.0	77280
308.3693	461.75	26.984375	160.75	1.0	576609.0	77280
54.26679	434.5	36.65625	5.0117188	1.0	576609.0	77280
151.47574	277.5	65.625	142.875	1.0	576609.0	77280
236.01913	395.25	108.4375	142.75	1.0	576609.0	77280
253.22224	475.25	144.375	71.0625	1.0	576609.0	77280
243.67604	610.5	79.1875	168.125	1.0	576609.0	77280
613.4546	694.0	187.375	226.75	1.0	576609.0	77280
97.15584	516.5	38.53125	97.5	1.0	576609.0	77280
259.09302	504.5	82.5	128.125	1.0	576609.0	77280
106.214745	431.5	45.84375	3.5742188	1.0	576609.0	77280
218.07924	644.5	30.15625	181.875	1.0	576609.0	77280
99.79518	560.5	25.234375	52.71875	1.0	576609.0	77280
65.2944	474.5	108.75	3.3125	1.0	576609.0	77280
131.71835	543.0	116.5625	159.375	1.0	576609.0	77280
153.60893	404.5	69.3125	180.75	1.0	576609.0	77280
55.938732	513.5	91.75	186.0	1.0	576609.0	77280
379.3801	440.25	139.625	115.75	1.0	576609.0	77280
56.498386	371.0	28.390625	53.40625	1.0	576609.0	77280
270.2142	433.75	128.375	11.21875	1.0	576609.0	77280
93.77056	594.5	44.5	170.25	1.0	576609.0	77280
313.00366	536.5	106.625	190.5	1.0	576609.0	77280
639.8064	644.0	110.8125	161.0	1.0	576609.0	77280
485.257	914.0	80.8125	116.125	1.0	576609.0	77280
121.637695	407.0	73.25	123.0	1.0	576609.0	77280
227.80498	405.5	76.375	1.0732422	1.0	576609.0	77280
243.2587	331.25	139.75	108.0	1.0	576609.0	77280
156.0678	270.5	50.3125	107.625	1.0	576609.0	77280
88.947784	581.5	85.625	187.375	1.0	576609.0	77280
127.6447	487.5	114.6875	157.0	1.0	576609.0	77280
44.3478	495.0	173.625	220.0	1.0	576609.0	77280
92.216194	544.5	159.25	285.75	1.0	576609.0	77280
157.2037	590.5	119.375	214.625	1.0	576609.0	77280
45.586807	397.25	106.3125	7.7421875	1.0	576609.0	77280
149.37172	494.0	43.375	196.625	1.0	576609.0	77280
204.23415	374.0	121.0	181.0	1.0	576609.0	77280
104.26183	433.0	82.8125	93.4375	1.0	576609.0	77280
49.62947	422.0	61.59375	9.9375	1.0	576609.0	77280
237.6054	485.0	82.25	155.375	1.0	576609.0	77280
132.2401	392.0	84.375	2.6582031	1.0	576609.0	77280
103.53048	357.5	158.375	173.375	1.0	576609.0	77280
76.67195	500.0	31.15625	3.7792969	1.0	576609.0	77280
120.534355	467.25	129.5	164.0	1.0	576609.0	77280
49.218414	472.0	135.375	1.3964844	1.0	576609.0	77280
147.8531	649.5	27.71875	3.0449219	1.0	576609.0	77280
82.881516	440.5	78.5	173.125	1.0	576609.0	77280
240.96275	508.5	124.6875	174.0	1.0	576609.0	77280
96.80744	438.75	71.1875	208.375	1.0	576609.0	77280
136.84827	538.5	59.8125	178.25	1.0	576609.0	77280
329.40915	544.5	66.375	112.9375	1.0	576609.0	77280
154.51183	470.0	189.125	191.375	1.0	576609.0	77280
252.08931	663.0	34.96875	111.9375	1.0	576609.0	77280
514.9317	703.5	101.25	252.25	1.0	576609.0	77280
90.9571	438.25	86.6875	135.0	1.0	576609.0	77280
86.783615	495.25	39.75	203.25	1.0	576609.0	77280
172.06644	397.5	110.1875	129.5	1.0	576609.0	77280
67.53193	571.0	92.625	232.125	1.0	576609.0	77280
57.218784	493.75	51.375	6.4023438	1.0	576609.0	77280
52.750145	607.0	66.875	147.375	1.0	576609.0	77280
169.01566	421.25	47.84375	125.3125	1.0	576609.0	77280
301.0416	486.25	70.75	185.0	1.0	576609.0	77280
83.39684	495.5	112.4375	132.0	1.0	576609.0	77280
110.93892	566.5	58.6875	200.125	1.0	576609.0	77280
345.7529	448.75	164.5	171.25	1.0	576609.0	77280
92.234886	431.25	35.90625	135.125	1.0	576609.0	77280
193.3493	448.25	39.21875	55.28125	1.0	576609.0	77280
345.78555	600.0	41.28125	8.796875	1.0	576609.0	77280
146.59723	720.5	68.125	1.8837891	1.0	576609.0	77280
137.93811	559.0	59.5625	175.125	1.0	576609.0	77280
133.36023	651.5	196.0	270.75	1.0	576609.0	77280
104.96505	400.75	25.5625	161.125	1.0	576609.0	77280
74.29037	370.75	47.5	135.125	1.0	576609.0	77280
168.46739	609.0	64.0625	61.9375	1.0	576609.0	77280
125.31902	454.0	103.8125	167.25	1.0	576609.0	77280
76.676674	445.25	33.8125	15.859375	1.0	576609.0	77280
123.914925	620.5	105.875	259.5	1.0	576609.0	77280
66.35912	575.0	43.46875	200.0	1.0	576609.0	77280
59.764103	413.25	66.375	91.3125	1.0	576609.0	77280
57.666416	437.25	96.875	5.3942204e-06	1.0	576609.0	77280
467.4182	518.0	144.375	134.375	1.0	576609.0	77280
163.82065	493.75	202.375	197.5	1.0	576609.0	77280
57.85412	431.75	92.4375	4.546875	1.0	576609.0	77280
59.88666	497.25	50.75	99.375	1.0	576609.0	77280
358.41266	688.5	59.125	268.75	1.0	576609.0	77280
209.65306	532.5	33.46875	156.875	1.0	576609.0	77280
55.516018	429.0	131.5	164.875	1.0	576609.0	77280
220.87027	615.5	83.25	136.25	1.0	576609.0	77280
64.33083	565.5	161.125	204.25	1.0	576609.0	77280
236.62387	470.5	70.25	175.0	1.0	576609.0	77280
125.03772	364.5	119.4375	115.5	1.0	576609.0	77280
94.25574	557.5	146.125	172.625	1.0	576609.0	77280
225.18706	738.0	61.875	187.5	1.0	576609.0	77280
114.57607	471.5	105.0	149.375	1.0	576609.0	77280
174.14609	478.25	50.3125	142.25	1.0	576609.0	77280
78.52283	407.0	127.875	20.90625	1.0	576609.0	77280
143.0356	473.5	160.5	180.5	1.0	576609.0	77280
580.96136	394.5	83.8125	32.75	1.0	576609.0	77280
235.84242	473.75	69.5	150.875	1.0	576609.0	77280
119.15791	590.0	173.125	93.3125	1.0	576609.0	77280
381.87964	544.5	26.53125	68.75	1.0	576609.0	77280
111.80105	378.75	56.0	175.625	1.0	576609.0	77280
44.65723	316.25	135.625	123.875	1.0	576609.0	77280
131.51999	420.0	105.3125	152.125	1.0	576609.0	77280
152.33557	539.0	27.1875	155.625	1.0	576609.0	77280
81.61185	459.25	118.3125	163.5	1.0	576609.0	77280
179.60397	638.5	192.75	189.625	1.0	576609.0	77280
150.40256	523.0	81.0625	112.375	1.0	576609.0	77280
49.344444	588.0	103.4375	185.875	1.0	576609.0	77280
75.70829	566.5	80.0625	89.6875	1.0	576609.0	77280
103.228745	432.0	35.625	106.0625	1.0	576609.0	77280
149.50241	543.0	30.90625	121.8125	1.0	576609.0	77280
53.912357	400.75	83.9375	143.75	1.0	576609.0	77280
145.23991	557.0	218.5	228.375	1.0	576609.0	77280
59.28999	484.0	44.75	123.875	1.0	576609.0	77280
135.94223	472.25	201.75	197.875	1.0	576609.0	77280
49.29732	428.0	73.125	8.8671875	1.0	576609.0	77280
148.68047	294.75	31.171875	9.15625	1.0	576609.0	77280
56.103844	576.5	101.875	160.375	1.0	576609.0	77280
430.11145	462.25	27.359375	164.875	1.0	576609.0	77280
31.92519	418.75	166.625	162.25	1.0	576609.0	77280
109.061646	378.25	87.3125	105.625	1.0	576609.0	77280
105.72819	503.75	42.53125	2.5351562	1.0	576609.0	77280
270.71732	676.5	31.828125	17.890625	1.0	576609.0	77280
271.60947	415.5	38.3125	118.8125	1.0	576609.0	77280
122.24747	551.5	56.09375	69.0	1.0	576609.0	77280
198.15622	540.0	123.25	193.75	1.0	576609.0	77280
593.094	646.0	53.875	193.125	1.0	576609.0	77280
219.0476	322.0	42.0625	149.25	1.0	576609.0	77280
179.31348	590.0	116.75	214.375	1.0	576609.0	77280
75.65087	413.5	143.5	189.125	1.0	576609.0	77280
59.253246	376.5	129.375	180.125	1.0	576609.0	77280
131.50085	361.25	35.125	26.03125	1.0	576609.0	77280
47.25272	481.5	124.25	2.5761719	1.0	576609.0	77280
72.46201	592.0	65.1875	24.78125	1.0	576609.0	77280
123.17941	499.5	193.5	195.5	1.0	576609.0	77280
150.93898	535.0	71.0	149.625	1.0	576609.0	77280
77.66418	459.75	129.125	175.5	1.0	576609.0	77280
55.324825	553.5	89.1875	194.75	1.0	576609.0	77280
217.0062	546.5	27.515625	215.75	1.0	576609.0	77280
92.61494	303.0	104.9375	48.125	1.0	576609.0	77280
279.11847	501.0	90.375	25.625	1.0	576609.0	77280
595.8854	768.0	33.46875	240.125	1.0	576609.0	77280
844.9949	854.0	97.9375	193.375	1.0	576609.0	77280
75.00936	409.75	127.0625	68.375	1.0	576609.0	77280
146.07843	547.0	204.25	219.0	1.0	576609.0	77280
212.68092	426.75	32.25	129.875	1.0	576609.0	77280
94.700584	487.5	59.3125	3.8984375	1.0	576609.0	77280
172.4836	351.75	28.890625	111.875	1.0	576609.0	77280
187.22478	417.5	79.5625	4.2460938	1.0	576609.0	77280
106.09102	564.5	191.75	196.375	1.0	576609.0	77280
148.69681	651.0	108.5	170.0	1.0	576609.0	77280
152.59413	364.75	127.8125	1.2958984	1.0	576609.0	77280
140.77715	571.0	52.71875	111.3125	1.0	576609.0	77280
126.19347	522.0	86.8125	190.0	1.0	576609.0	77280
423.29535	550.0	79.625	208.375	1.0	576609.0	77280
776.9714	944.0	116.75	224.125	1.0	576609.0	77280
22.420061	376.5	45.09375	6.4726562	1.0	576609.0	77280
183.53773	515.5	36.46875	185.75	1.0	576609.0	77280
70.55692	489.5	93.1875	107.6875	1.0	576609.0	77280
73.665794	317.75	114.25	141.625	1.0	576609.0	77280
166.05351	640.0	90.3125	6.140625	1.0	576609.0	77280
403.56363	307.0	204.375	20.21875	1.0	576609.0	77280
162.1122	419.0	97.25	126.1875	1.0	576609.0	77280
677.72614	723.0	25.03125	180.25	1.0	576609.0	77280
543.68854	903.0	279.5	293.25	1.0	576609.0	77280
328.38583	604.5	68.0625	175.75	1.0	576609.0	77280
71.19469	482.25	61.5	85.875	1.0	576609.0	77280
263.1199	504.5	54.75	113.75	1.0	576609.0	77280
95.10376	508.25	28.03125	46.125	1.0	576609.0	77280
154.68372	575.5	74.6875	150.875	1.0	576609.0	77280
124.01577	419.25	29.921875	5.1601562	1.0	576609.0	77280
158.70535	457.75	32.46875	6.9882812	1.0	576609.0	77280
82.47664	481.25	47.0	166.25	1.0	576609.0	77280
200.12756	453.25	44.375	138.0	1.0	576609.0	77280
123.54951	433.75	105.875	193.375	1.0	576609.0	77280
275.95657	362.0	35.75	146.125	1.0	576609.0	77280
227.03903	532.0	42.3125	161.625	1.0	576609.0	77280
80.04145	455.5	176.125	176.625	1.0	576609.0	77280
130.84674	612.5	107.1875	4.7265625	1.0	576609.0	77280
49.779747	615.5	64.6875	118.3125	1.0	576609.0	77280
140.69493	426.25	158.375	171.875	1.0	576609.0	77280
80.18493	479.5	89.9375	29.5	1.0	576609.0	77280
111.586	564.5	52.59375	15.984375	1.0	576609.0	77280
160.6757	477.0	91.0	189.875	1.0	576609.0	77280
101.835075	436.75	42.78125	3.1855469	1.0	576609.0	77280
135.77077	475.0	68.8125	124.9375	1.0	576609.0	77280
64.287735	575.0	146.375	181.375	1.0	576609.0	77280
83.878975	435.75	146.25	7.1171875	1.0	576609.0	77280
131.39899	493.5	92.9375	6.2265625	1.0	576609.0	77280
50.77792	523.0	154.625	163.625	1.0	576609.0	77280
57.52263	416.25	160.5	5.1992188	1.0	576609.0	77280
225.30469	694.5	142.125	247.25	1.0	576609.0	77280
97.54469	515.5	166.875	162.5	1.0	576609.0	77280
61.003284	482.25	35.46875	166.25	1.0	576609.0	77280
78.753265	532.0	96.0625	130.875	1.0	576609.0	77280
138.03284	527.0	181.25	201.625	1.0	576609.0	77280
184.91331	510.5	99.4375	182.875	1.0	576609.0	77280
54.04529	493.0	75.75	159.75	1.0	576609.0	77280
532.27954	604.5	82.0625	191.25	1.0	576609.0	77280
49.628777	370.0	65.375	162.375	1.0	576609.0	77280
77.29105	493.0	35.0	36.25	1.0	576609.0	77280
71.773415	446.25	173.5	190.75	1.0	576609.0	77280
642.9492	695.5	62.6875	81.75	1.0	576609.0	77280
103.65589	400.5	101.5	174.0	1.0	576609.0	77280
126.093445	478.0	95.0625	9.84375	1.0	576609.0	77280
146.64241	571.0	68.625	162.375	1.0	576609.0	77280
223.91391	495.0	134.125	87.5625	1.0	576609.0	77280
428.80447	366.0	34.78125	106.5	1.0	576609.0	77280
119.30653	377.25	90.4375	132.875	1.0	576609.0	77280
253.48059	411.0	53.75	155.375	1.0	576609.0	77280
128.24771	310.75	129.375	143.875	1.0	576609.0	77280
222.60197	594.0	126.4375	194.125	1.0	576609.0	77280
277.41016	753.0	69.5625	161.125	1.0	576609.0	77280
63.865963	514.5	161.875	232.125	1.0	576609.0	77280
300.2087	500.0	89.6875	164.125	1.0	576609.0	77280
153.18912	357.0	74.875	158.375	1.0	576609.0	77280
111.823494	534.0	66.0625	31.09375	1.0	576609.0	77280
136.59427	486.25	53.25	144.75	1.0	576609.0	77280
91.39979	324.75	27.03125	138.375	1.0	576609.0	77280
547.41626	727.0	127.0625	242.375	1.0	576609.0	77280
167.55807	483.5	38.8125	165.0	1.0	576609.0	77280
150.48914	456.75	52.34375	43.09375	1.0	576609.0	77280
64.39734	367.25	74.8125	144.75	1.0	576609.0	77280
214.78795	443.0	39.625	182.25	1.0	576609.0	77280
851.3107	766.5	293.5	272.0	1.0	576609.0	77280
274.9463	365.75	36.0	168.625	1.0	576609.0	77280
47.39273	466.75	123.1875	214.375	1.0	576609.0	77280
97.09006	543.5	88.3125	92.875	1.0	576609.0	77280
154.32684	519.5	76.75	174.375	1.0	576609.0	77280
202.55043	570.0	254.25	247.0	1.0	576609.0	77280
48.053013	438.0	169.75	209.875	1.0	576609.0	77280
128.86382	456.25	146.375	181.25	1.0	576609.0	77280
61.352318	481.75	130.5	140.125	1.0	576609.0	77280
63.036922	429.75	112.8125	167.25	1.0	576609.0	77280
51.496346	605.0	26.1875	169.125	1.0	576609.0	77280
548.782	819.5	80.6875	168.25	1.0	576609.0	77280
184.47375	493.0	28.421875	173.5	1.0	576609.0	77280
134.16269	635.5	30.203125	180.75	1.0	576609.0	77280
609.9003	515.5	25.828125	148.75	1.0	576609.0	77280
476.3735	506.5	86.0625	162.25	1.0	576609.0	77280
398.3656	577.5	126.9375	200.0	1.0	576609.0	77280
254.54277	765.0	41.03125	127.4375	1.0	576609.0	77280
108.672905	474.25	156.5	171.625	1.0	576609.0	77280
139.41437	663.5	59.0	6.1757812	1.0	576609.0	77280
106.16406	582.0	154.0	1.7460938	1.0	576609.0	77280
418.13742	544.0	79.375	178.875	1.0	576609.0	77280
119.59311	495.5	107.75	160.5	1.0	576609.0	77280
101.20458	337.75	33.25	114.1875	1.0	576609.0	77280
246.06108	460.75	61.0625	182.125	1.0	576609.0	77280
129.60118	585.5	41.59375	187.0	1.0	576609.0	77280
62.02961	401.75	27.953125	0.14672852	1.0	576609.0	77280
168.12773	493.25	44.125	160.0	1.0	576609.0	77280
73.63038	406.5	99.6875	119.0	1.0	576609.0	77280
85.53316	601.0	127.1875	50.03125	1.0	576609.0	77280
82.24429	418.0	145.625	3.8496094	1.0	576609.0	77280
164.23068	579.0	131.875	181.75	1.0	576609.0	77280
48.77807	437.25	88.625	3.1601562	1.0	576609.0	77280
124.38268	313.5	71.1875	3.3984375	1.0	576609.0	77280
60.570194	422.25	128.75	117.75	1.0	576609.0	77280
61.370422	433.75	167.125	154.75	1.0	576609.0	77280
83.30097	526.0	163.75	196.625	1.0	576609.0	77280
112.69243	464.75	155.125	48.59375	1.0	576609.0	77280
506.60562	741.5	115.3125	193.25	1.0	576609.0	77280
208.34467	570.5	99.4375	187.375	1.0	576609.0	77280
159.02419	571.5	70.125	1.4121094	1.0	576609.0	77280
192.05872	388.75	76.5	2.8261719	1.0	576609.0	77280
68.14248	552.5	54.6875	7.65625	1.0	576609.0	77280
226.15016	484.0	200.125	229.5	1.0	576609.0	77280
218.3476	560.0	130.625	174.875	1.0	576609.0	77280
91.9711	399.0	67.3125	172.5	1.0	576609.0	77280
107.57171	444.75	46.5	89.4375	1.0	576609.0	77280
68.46455	549.5	115.875	210.875	1.0	576609.0	77280
74.7342	537.5	67.8125	109.0	1.0	576609.0	77280
565.92163	882.0	87.4375	160.875	1.0	576609.0	77280
54.47156	424.25	76.375	0.91503906	1.0	576609.0	77280
69.25195	436.75	143.5	143.25	1.0	576609.0	77280
555.94574	923.5	40.875	19.15625	1.0	576609.0	77280
88.91158	572.5	76.375	135.75	1.0	576609.0	77280
80.88774	586.0	97.25	14.5546875	1.0	576609.0	77280
176.58156	490.25	133.375	86.6875	1.0	576609.0	77280
97.502594	407.25	30.109375	162.625	1.0	576609.0	77280
489.138	443.25	95.375	178.625	1.0	576609.0	77280
518.49664	743.5	55.3125	79.8125	1.0	576609.0	77280
163.37567	555.0	72.4375	98.125	1.0	576609.0	77280
40.275997	495.25	60.125	5.2617188	1.0	576609.0	77280
159.2997	368.0	26.515625	33.59375	1.0	576609.0	77280
281.00534	561.5	122.875	125.625	1.0	576609.0	77280
182.37239	585.5	42.40625	85.5625	1.0	576609.0	77280
350.6999	813.0	50.21875	6.6367188	1.0	576609.0	77280
82.824646	434.5	72.75	145.75	1.0	576609.0	77280
304.418	482.0	96.8125	168.375	1.0	576609.0	77280
121.49636	412.5	76.875	179.875	1.0	576609.0	77280
450.58356	374.25	95.0	144.5	1.0	576609.0	77280
48.500896	360.5	123.0	139.125	1.0	576609.0	77280
130.40854	512.5	45.65625	116.125	1.0	576609.0	77280
215.56726	537.0	48.5	151.125	1.0	576609.0	77280
123.409485	411.25	47.03125	123.375	1.0	576609.0	77280
92.30744	415.0	30.390625	117.75	1.0	576609.0	77280
108.89407	525.0	70.0625	168.75	1.0	576609.0	77280
397.14932	685.0	69.875	152.5	1.0	576609.0	77280
209.47049	523.5	126.4375	141.5	1.0	576609.0	77280
669.7815	611.0	92.0	187.875	1.0	576609.0	77280
54.33427	463.5	87.5	133.5	1.0	576609.0	77280
65.100876	484.75	85.25	143.125	1.0	576609.0	77280
53.88737	495.75	65.625	9.8203125	1.0	576609.0	77280
298.67145	529.5	67.875	158.25	1.0	576609.0	77280
88.7651	544.5	100.75	137.0	1.0	576609.0	77280
111.559494	379.25	131.875	155.875	1.0	576609.0	77280
188.21014	330.5	39.40625	130.625	1.0	576609.0	77280
103.45174	579.0	29.015625	191.0	1.0	576609.0	77280
192.37936	515.0	107.5625	175.0	1.0	576609.0	77280
328.31876	337.0	149.75	28.4375	1.0	576609.0	77280
51.553772	480.5	95.375	171.5	1.0	576609.0	77280
320.75165	497.25	32.9375	118.875	1.0	576609.0	77280
120.11033	474.25	109.9375	160.0	1.0	576609.0	77280
142.13245	343.75	145.5	109.875	1.0	576609.0	77280
75.36495	561.5	32.75	167.875	1.0	576609.0	77280
136.16559	503.5	86.125	115.4375	1.0	576609.0	77280
813.5693	773.0	45.78125	84.4375	1.0	576609.0	77280
376.61856	596.0	148.625	136.625	1.0	576609.0	77280
197.8185	517.5	152.0	183.75	1.0	576609.0	77280
156.44957	397.5	116.5	169.125	1.0	576609.0	77280
85.61077	420.5	160.125	176.375	1.0	576609.0	77280
96.66909	644.5	165.625	2.40625	1.0	576609.0	77280
52.76857	305.25	62.875	108.9375	1.0	576609.0	77280
121.808014	365.75	120.5625	3.3339844	1.0	576609.0	77280
64.777275	507.25	95.0	3.3808594	1.0	576609.0	77280
107.01462	451.5	123.0	145.25	1.0	576609.0	77280
160.19626	533.5	65.5625	172.875	1.0	576609.0	77280
149.4745	590.5	33.9375	59.03125	1.0	576609.0	77280
170.80536	511.25	42.09375	181.875	1.0	576609.0	77280
340.0489	615.5	26.734375	52.90625	1.0	576609.0	77280
150.15086	533.5	25.4375	3.421875	1.0	576609.0	77280
115.69248	427.0	55.84375	105.1875	1.0	576609.0	77280
140.52634	496.5	99.3125	4.7265625	1.0	576609.0	77280
420.7613	543.5	68.0	82.125	1.0	576609.0	77280
114.20204	563.0	269.25	150.375	1.0	576609.0	77280
155.73894	720.5	25.078125	111.25	1.0	576609.0	77280
57.253906	409.5	36.0	134.625	1.0	576609.0	77280
123.53883	522.0	208.75	248.625	1.0	576609.0	77280
174.58315	572.5	35.46875	138.5	1.0	576609.0	77280
87.1773	359.75	78.3125	119.25	1.0	576609.0	77280
107.35449	385.0	100.875	139.125	1.0	576609.0	77280
72.555305	445.25	67.8125	162.75	1.0	576609.0	77280
48.017704	444.5	162.5	77.9375	1.0	576609.0	77280
89.20394	369.25	74.125	160.625	1.0	576609.0	77280
120.20207	399.5	48.59375	8.9765625	1.0	576609.0	77280
132.32077	429.5	116.5625	141.25	1.0	576609.0	77280
84.87028	342.75	53.125	6.1171875	1.0	576609.0	77280
89.60396	583.5	28.359375	157.375	1.0	576609.0	77280
172.69785	401.5	140.625	23.4375	1.0	576609.0	77280
506.60394	703.5	53.59375	97.6875	1.0	576609.0	77280
405.8191	615.0	37.5625	204.5	1.0	576609.0	77280
165.01633	602.0	104.75	109.3125	1.0	576609.0	77280
453.58966	562.5	124.9375	130.25	1.0	576609.0	77280
289.48782	595.5	128.0	20.703125	1.0	576609.0	77280
65.56483	486.75	26.515625	4.4414062	1.0	576609.0	77280
97.69085	472.25	64.0625	184.125	1.0	576609.0	77280
73.54177	413.5	43.96875	5.796875	1.0	576609.0	77280
66.69918	414.25	108.0	168.5	1.0	576609.0	77280
63.435356	453.0	113.6875	138.625	1.0	576609.0	77280
182.83905	401.0	59.78125	70.8125	1.0	576609.0	77280
21.26464	391.0	76.375	129.0	1.0	576609.0	77280
81.6063	470.0	29.53125	3.0058594	1.0	576609.0	77280
409.05222	765.0	150.5	189.0	1.0	576609.0	77280
161.77155	558.0	40.4375	67.6875	1.0	576609.0	77280
214.59946	348.5	30.375	15.9609375	1.0	576609.0	77280
116.93705	465.5	65.5625	157.5	1.0	576609.0	77280
148.16873	425.5	86.625	129.375	1.0	576609.0	77280
63.130978	425.25	36.34375	64.5	1.0	576609.0	77280
489.8078	486.75	35.5	169.125	1.0	576609.0	77280
53.602192	405.25	60.34375	191.625	1.0	576609.0	77280
57.739494	524.0	84.75	173.5	1.0	576609.0	77280
228.62901	444.0	140.875	164.75	1.0	576609.0	77280
51.027676	486.0	217.25	218.25	1.0	576609.0	77280
139.12231	437.75	176.125	173.0	1.0	576609.0	77280
434.26443	458.0	128.875	188.0	1.0	576609.0	77280
265.7038	571.5	40.34375	182.375	1.0	576609.0	77280
217.03036	411.0	41.84375	160.375	1.0	576609.0	77280
50.898056	399.5	67.25	127.6875	1.0	576609.0	77280
82.90339	291.5	129.375	116.75	1.0	576609.0	77280
99.90149	615.5	70.8125	222.375	1.0	576609.0	77280
65.84402	660.0	34.71875	0.5541992	1.0	576609.0	77280
60.354076	314.0	150.125	13.546875	1.0	576609.0	77280
56.494785	475.75	30.40625	0.92041016	1.0	576609.0	77280
164.91425	440.75	56.1875	2.0820312	1.0	576609.0	77280
470.1182	740.5	249.625	349.5	1.0	576609.0	77280
78.76454	491.25	50.5	121.6875	1.0	576609.0	77280
186.31566	508.25	49.21875	216.25	1.0	576609.0	77280
59.31497	496.5	133.75	171.5	1.0	576609.0	77280
70.84331	489.75	29.34375	7.7226562	1.0	576609.0	77280
59.512318	459.75	26.453125	146.875	1.0	576609.0	77280
59.27537	498.0	132.0	164.75	1.0	576609.0	77280
402.6213	625.0	33.53125	98.1875	1.0	576609.0	77280
60.191166	354.75	107.4375	99.875	1.0	576609.0	77280
124.44288	525.5	153.0	193.5	1.0	576609.0	77280
53.84983	464.0	143.5	9.8125	1.0	576609.0	77280
106.16751	476.25	118.875	1.3691406	1.0	576609.0	77280
87.84703	372.5	28.0	3.46875	1.0	576609.0	77280
558.9028	759.0	262.0	389.75	1.0	576609.0	77280
44.490986	410.5	142.375	151.5	1.0	576609.0	77280
121.02612	477.0	25.953125	186.625	1.0	576609.0	77280
380.98666	372.5	94.5625	2.1269531	1.0	576609.0	77280
133.51581	442.5	155.5	171.875	1.0	576609.0	77280
174.62575	468.5	65.9375	138.25	1.0	576609.0	77280
116.48949	541.0	65.8125	3.4355469	1.0	576609.0	77280
183.64902	460.25	55.59375	5.1953125	1.0	576609.0	77280
72.683914	600.5	100.625	182.875	1.0	576609.0	77280
687.81726	682.0	78.875	166.5	1.0	576609.0	77280
160.66763	513.0	47.34375	164.5	1.0	576609.0	77280
235.37938	510.5	154.875	223.875	1.0	576609.0	77280
70.820694	252.25	56.6875	110.1875	1.0	576609.0	77280
81.25353	447.75	116.375	174.0	1.0	576609.0	77280
69.317665	349.75	124.625	136.5	1.0	576609.0	77280
118.369934	573.5	181.5	175.5	1.0	576609.0	77280
148.50401	494.75	51.59375	68.5	1.0	576609.0	77280
51.1915	314.25	128.375	135.375	1.0	576609.0	77280
75.59754	398.75	85.125	149.25	1.0	576609.0	77280
218.46254	582.0	39.71875	3.8144531	1.0	576609.0	77280
163.3402	538.0	52.15625	4.9179688	1.0	576609.0	77280
213.87904	589.5	52.5	185.5	1.0	576609.0	77280
206.41057	532.0	143.375	212.5	1.0	576609.0	77280
486.0271	744.0	136.125	222.0	1.0	576609.0	77280
102.15682	617.0	25.5625	157.75	1.0	576609.0	77280
566.9085	914.0	113.375	109.375	1.0	576609.0	77280
90.001434	294.25	89.75	64.8125	1.0	576609.0	77280
127.4076	392.25	122.1875	168.5	1.0	576609.0	77280
52.185513	427.5	161.375	158.0	1.0	576609.0	77280
164.42755	440.25	121.125	42.125	1.0	576609.0	77280
163.44362	334.75	166.875	150.625	1.0	576609.0	77280
100.26279	576.5	90.25	165.375	1.0	576609.0	77280
314.85754	526.5	90.1875	10.671875	1.0	576609.0	77280
95.40832	556.5	201.5	76.625	1.0	576609.0	77280
242.77237	563.0	48.5	85.1875	1.0	576609.0	77280
127.18325	417.5	112.375	155.125	1.0	576609.0	77280
104.68731	412.25	95.9375	4.6953125	1.0	576609.0	77280
158.19653	669.5	51.5625	236.125	1.0	576609.0	77280
96.18316	477.0	100.5	124.0625	1.0	576609.0	77280
100.341934	490.0	52.59375	213.5	1.0	576609.0	77280
58.22795	514.0	28.328125	16.921875	1.0	576609.0	77280
47.785492	426.5	134.25	132.5	1.0	576609.0	77280
53.10524	597.5	146.375	9.8359375	1.0	576609.0	77280
122.51585	647.5	79.9375	213.125	1.0	576609.0	77280
57.630486	458.0	38.4375	26.65625	1.0	576609.0	77280
246.75658	447.0	54.78125	149.75	1.0	576609.0	77280
57.331203	541.5	187.5	2.1933594	1.0	576609.0	77280
152.26158	635.5	26.578125	194.75	1.0	576609.0	77280
48.67132	411.0	86.0	151.125	1.0	576609.0	77280
122.830444	728.5	228.5	184.875	1.0	576609.0	77280
101.44352	448.0	54.75	183.375	1.0	576609.0	77280
103.56512	612.0	33.15625	125.6875	1.0	576609.0	77280
60.471222	446.75	44.46875	213.375	1.0	576609.0	77280
426.5214	824.5	51.46875	158.75	1.0	576609.0	77280
168.96086	621.5	31.78125	83.5625	1.0	576609.0	77280
86.56779	452.25	99.5	199.25	1.0	576609.0	77280
164.61667	624.5	43.40625	193.125	1.0	576609.0	77280
132.38979	622.5	25.546875	139.0	1.0	576609.0	77280
518.10236	1030.0	31.703125	113.75	1.0	576609.0	77280
63.624264	557.5	38.21875	4.2539062	1.0	576609.0	77280
90.13238	603.0	37.25	58.40625	1.0	576609.0	77280
64.81013	297.0	112.625	106.625	1.0	576609.0	77280
208.26883	581.5	97.0	220.25	1.0	576609.0	77280
123.77207	473.25	100.1875	171.5	1.0	576609.0	77280
96.886795	560.0	147.125	179.125	1.0	576609.0	77280
79.56305	489.5	136.0	182.125	1.0	576609.0	77280
66.90607	457.25	64.6875	4.9257812	1.0	576609.0	77280
191.2178	466.75	68.625	87.75	1.0	576609.0	77280
111.29033	385.5	122.0625	137.25	1.0	576609.0	77280
67.357735	438.0	74.4375	166.5	1.0	576609.0	77280
111.35641	436.0	54.40625	135.0	1.0	576609.0	77280
76.867874	282.25	26.546875	112.0	1.0	576609.0	77280
163.69359	405.25	25.125	135.875	1.0	576609.0	77280
56.089115	425.5	63.125	2.0917969	1.0	576609.0	77280
163.11572	517.0	203.375	157.625	1.0	576609.0	77280
98.24724	426.25	36.25	149.75	1.0	576609.0	77280
111.41884	481.5	90.9375	121.875	1.0	576609.0	77280
109.25685	404.5	45.875	140.375	1.0	576609.0	77280
140.0672	541.5	54.1875	166.375	1.0	576609.0	77280
73.47296	332.25	102.0	104.5	1.0	576609.0	77280
277.86633	479.0	75.0625	165.5	1.0	576609.0	77280
92.51835	504.5	41.5625	0.11651611	1.0	576609.0	77280
517.4126	792.5	37.4375	104.875	1.0	576609.0	77280
110.99627	488.5	62.4375	1.8603516	1.0	576609.0	77280
131.26787	648.0	38.875	137.75	1.0	576609.0	77280
127.25789	675.5	44.6875	205.375	1.0	576609.0	77280
108.59356	419.5	41.96875	84.4375	1.0	576609.0	77280
177.17786	565.0	33.9375	89.8125	1.0	576609.0	77280
921.56946	1073.0	36.84375	318.25	1.0	576609.0	77280
51.616737	466.25	50.15625	205.75	1.0	576609.0	77280
127.77095	372.25	33.34375	55.6875	1.0	576609.0	77280
353.16766	712.0	186.875	144.25	1.0	576609.0	77280
156.37587	507.75	125.6875	181.25	1.0	576609.0	77280
190.6508	623.5	29.03125	162.0	1.0	576609.0	77280
73.14998	491.0	120.375	159.625	1.0	576609.0	77280
175.97102	387.75	70.375	125.0625	1.0	576609.0	77280
402.56927	554.0	33.5	231.875	1.0	576609.0	77280
182.6385	685.0	175.875	260.25	1.0	576609.0	77280
136.43297	589.5	71.75	166.375	1.0	576609.0	77280
82.638245	457.5	62.4375	162.375	1.0	576609.0	77280
187.61713	538.5	66.125	5.4296875	1.0	576609.0	77280
332.1083	485.0	87.8125	150.625	1.0	576609.0	77280
64.798775	462.0	125.875	175.25	1.0	576609.0	77280
194.64073	609.0	118.375	258.75	1.0	576609.0	77280
301.7181	315.25	86.4375	61.5625	1.0	576609.0	77280
178.19438	372.0	37.5	113.8125	1.0	576609.0	77280
150.5931	587.5	93.375	140.25	1.0	576609.0	77280
79.6674	473.75	135.375	145.5	1.0	576609.0	77280
44.930164	436.75	180.25	176.75	1.0	576609.0	77280
172.43324	498.0	89.25	169.0	1.0	576609.0	77280
149.3166	528.0	88.25	2.578125	1.0	576609.0	77280
100.47483	411.25	28.28125	171.75	1.0	576609.0	77280
315.0964	557.5	51.40625	44.78125	1.0	576609.0	77280
105.579346	489.25	91.875	207.375	1.0	576609.0	77280
62.925156	488.25	86.1875	176.125	1.0	576609.0	77280
73.2529	464.25	50.25	2.0527344	1.0	576609.0	77280
69.44204	649.0	97.0	2.625	1.0	576609.0	77280
145.34149	519.0	31.140625	34.9375	1.0	576609.0	77280
694.8378	755.5	26.046875	177.25	1.0	576609.0	77280
73.37393	437.25	70.8125	186.25	1.0	576609.0	77280
93.443695	566.0	38.53125	128.25	1.0	576609.0	77280
98.45098	326.5	52.0	2.9335938	1.0	576609.0	77280
45.362583	631.5	86.6875	221.125	1.0	576609.0	77280
251.07265	369.25	150.25	57.625	1.0	576609.0	77280
117.47914	294.75	149.75	2.1328125	1.0	576609.0	77280
49.1474	461.75	75.125	212.875	1.0	576609.0	77280
54.137157	496.5	25.234375	135.0	1.0	576609.0	77280
318.93817	421.75	145.375	146.375	1.0	576609.0	77280
33.94234	391.5	141.0	150.25	1.0	576609.0	77280
86.06079	451.0	125.4375	2.5761719	1.0	576609.0	77280
121.29834	432.25	139.625	60.78125	1.0	576609.0	77280
298.2647	488.0	76.875	183.75	1.0	576609.0	77280
161.61781	489.75	30.8125	129.75	1.0	576609.0	77280
516.0161	731.5	239.125	312.75	1.0	576609.0	77280
852.21497	943.5	105.6875	214.0	1.0	576609.0	77280
388.88397	549.0	68.75	72.375	1.0	576609.0	77280
98.33115	513.5	103.5	150.5	1.0	576609.0	77280
185.21481	540.5	105.875	216.375	1.0	576609.0	77280
185.42638	488.0	60.34375	218.125	1.0	576609.0	77280
196.74672	460.25	71.4375	148.875	1.0	576609.0	77280
48.740616	482.5	101.375	13.203125	1.0	576609.0	77280
49.34333	457.75	62.3125	141.375	1.0	576609.0	77280
80.77407	469.0	70.375	164.375	1.0	576609.0	77280
138.37524	557.5	172.375	169.75	1.0	576609.0	77280
209.35587	474.75	57.625	74.875	1.0	576609.0	77280
41.038494	476.0	106.0	23.921875	1.0	576609.0	77280
277.37073	555.5	40.375	162.25	1.0	576609.0	77280
88.192024	553.0	104.875	3.4609375	1.0	576609.0	77280
227.91388	646.0	71.4375	103.6875	1.0	576609.0	77280
146.90956	473.0	146.125	227.375	1.0	576609.0	77280
326.65274	394.0	30.75	151.625	1.0	576609.0	77280
499.86337	547.5	244.25	150.375	1.0	576609.0	77280
213.88335	393.75	122.1875	152.625	1.0	576609.0	77280
114.8317	487.75	126.9375	1.0546875	1.0	576609.0	77280
426.80798	558.0	26.3125	152.125	1.0	576609.0	77280
45.912247	384.0	122.8125	2.6835938	1.0	576609.0	77280
86.56079	226.0	78.6875	107.875	1.0	576609.0	77280
82.40848	572.0	238.875	249.375	1.0	576609.0	77280
214.65416	517.5	102.1875	19.234375	1.0	576609.0	77280
97.29865	490.0	26.484375	0.51171875	1.0	576609.0	77280
201.20827	488.0	79.9375	210.875	1.0	576609.0	77280
47.006847	445.0	92.6875	1.1259766	1.0	576609.0	77280
106.891754	529.5	119.1875	129.625	1.0	576609.0	77280
490.75366	500.0	129.375	53.5625	1.0	576609.0	77280
248.5654	441.5	75.6875	24.546875	1.0	576609.0	77280
121.089096	340.25	39.3125	95.5	1.0	576609.0	77280
260.5818	426.25	71.0625	169.125	1.0	576609.0	77280
554.20416	759.5	182.0	215.5	1.0	576609.0	77280
58.231472	408.5	54.3125	123.625	1.0	576609.0	77280
93.0559	493.75	91.0	143.625	1.0	576609.0	77280
63.26567	426.0	170.875	168.75	1.0	576609.0	77280
356.05685	811.5	70.9375	122.9375	1.0	576609.0	77280
181.98056	529.5	78.375	173.75	1.0	576609.0	77280
126.32543	393.5	96.5	94.5	1.0	576609.0	77280
166.51129	412.25	111.0625	87.375	1.0	576609.0	77280
95.01422	460.75	80.25	167.875	1.0	576609.0	77280
77.92576	454.75	58.625	160.75	1.0	576609.0	77280
53.392773	414.25	137.75	117.75	1.0	576609.0	77280
181.6989	461.0	143.0	173.75	1.0	576609.0	77280
142.08258	342.25	114.0625	172.375	1.0	576609.0	77280
113.98259	369.25	105.9375	164.25	1.0	576609.0	77280
58.087437	468.25	30.046875	9.578125	1.0	576609.0	77280
96.49019	535.5	127.0625	169.125	1.0	576609.0	77280
138.5494	436.5	38.8125	141.625	1.0	576609.0	77280
71.027664	450.75	58.96875	182.25	1.0	576609.0	77280
310.51123	545.5	31.015625	168.0	1.0	576609.0	77280
877.72144	940.5	40.59375	64.125	1.0	576609.0	77280
273.11227	407.25	127.0625	98.375	1.0	576609.0	77280
113.89693	441.75	92.8125	168.875	1.0	576609.0	77280
252.01247	555.5	42.75	12.7734375	1.0	576609.0	77280
278.82785	508.75	62.59375	178.375	1.0	576609.0	77280
399.1018	548.5	140.25	157.625	1.0	576609.0	77280
51.121887	327.0	87.4375	141.125	1.0	576609.0	77280
74.47204	393.0	126.4375	2.6425781	1.0	576609.0	77280
246.84659	325.5	121.9375	137.0	1.0	576609.0	77280
182.61548	598.5	43.46875	68.0625	1.0	576609.0	77280
441.60574	648.0	39.78125	179.125	1.0	576609.0	77280
330.3912	645.5	84.0625	188.625	1.0	576609.0	77280
196.45494	363.5	51.125	10.0703125	1.0	576609.0	77280
71.2235	395.5	30.96875	131.0	1.0	576609.0	77280
153.27101	512.0	94.4375	154.5	1.0	576609.0	77280
217.97641	475.75	67.4375	143.5	1.0	576609.0	77280
112.23532	365.25	50.1875	134.375	1.0	576609.0	77280
48.305195	451.75	111.0	131.75	1.0	576609.0	77280
79.73745	482.5	48.15625	3.9492188	1.0	576609.0	77280
143.8244	470.5	76.6875	154.375	1.0	576609.0	77280
363.44153	498.0	97.25	82.625	1.0	576609.0	77280
443.05295	542.0	43.90625	167.625	1.0	576609.0	77280
116.72188	563.0	70.9375	96.3125	1.0	576609.0	77280
293.54993	509.0	86.4375	112.6875	1.0	576609.0	77280
80.81611	430.25	59.6875	157.75	1.0	576609.0	77280
96.077866	494.5	59.1875	205.875	1.0	576609.0	77280
299.80066	615.0	43.21875	4.8203125	1.0	576609.0	77280
80.097984	411.75	26.328125	153.375	1.0	576609.0	77280
865.02893	921.5	204.375	343.25	1.0	576609.0	77280
136.82204	719.0	65.3125	166.125	1.0	576609.0	77280
134.52612	484.0	49.65625	207.375	1.0	576609.0	77280
196.32964	503.5	78.25	154.125	1.0	576609.0	77280
98.43697	382.75	46.5	163.625	1.0	576609.0	77280
265.27325	479.0	149.625	234.75	1.0	576609.0	77280
222.9418	572.5	162.875	183.625	1.0	576609.0	77280
208.07413	679.5	140.5	180.0	1.0	576609.0	77280
59.58459	478.5	36.40625	162.25	1.0	576609.0	77280
40.016754	385.5	63.03125	9.4296875	1.0	576609.0	77280
106.61293	400.5	34.625	181.25	1.0	576609.0	77280
214.73619	544.0	124.625	35.875	1.0	576609.0	77280
334.8162	526.0	145.375	162.0	1.0	576609.0	77280
78.77226	527.5	101.1875	147.5	1.0	576609.0	77280
648.71454	683.5	73.5	52.03125	1.0	576609.0	77280
106.19175	372.0	62.84375	12.2734375	1.0	576609.0	77280
167.41782	451.75	63.34375	151.75	1.0	576609.0	77280
227.31578	375.25	26.75	26.953125	1.0	576609.0	77280
50.37416	403.0	51.71875	149.375	1.0	576609.0	77280
163.90678	560.0	112.875	172.0	1.0	576609.0	77280
281.33307	412.5	84.3125	33.53125	1.0	576609.0	77280
45.21921	449.25	102.375	146.125	1.0	576609.0	77280
49.391193	395.25	64.375	4.1015625	1.0	576609.0	77280
142.90779	551.0	148.875	156.125	1.0	576609.0	77280
126.6512	466.25	92.6875	114.75	1.0	576609.0	77280
110.499954	500.5	162.75	2.5332031	1.0	576609.0	77280
100.852196	565.0	122.3125	189.75	1.0	576609.0	77280
54.945663	479.25	128.0	125.4375	1.0	576609.0	77280
57.395508	385.0	126.875	147.125	1.0	576609.0	77280
353.45258	726.0	151.5	202.25	1.0	576609.0	77280
273.51193	680.5	51.625	154.0	1.0	576609.0	77280
99.37841	340.5	134.875	148.375	1.0	576609.0	77280
175.38634	447.25	137.5	150.125	1.0	576609.0	77280
212.1536	504.25	166.0	217.25	1.0	576609.0	77280
791.58276	718.5	186.125	243.5	1.0	576609.0	77280
234.56532	601.5	64.4375	130.375	1.0	576609.0	77280
54.16435	416.0	31.328125	102.0	1.0	576609.0	77280
71.25501	388.0	91.0	119.0	1.0	576609.0	77280
141.61378	574.0	31.4375	24.703125	1.0	576609.0	77280
80.76425	400.25	39.25	153.5	1.0	576609.0	77280
62.818497	531.5	135.75	202.125	1.0	576609.0	77280
203.07901	584.5	38.375	154.875	1.0	576609.0	77280
132.26051	539.0	82.25	161.5	1.0	576609.0	77280
59.874325	401.25	41.78125	102.6875	1.0	576609.0	77280
111.36115	394.25	29.71875	79.0625	1.0	576609.0	77280
261.15646	507.75	58.0625	69.625	1.0	576609.0	77280
321.4013	374.75	66.6875	144.0	1.0	576609.0	77280
149.1074	481.25	53.25	155.5	1.0	576609.0	77280
376.8222	878.0	79.0	250.5	1.0	576609.0	77280
90.49856	572.5	29.28125	0.06048584	1.0	576609.0	77280
167.21861	578.0	103.6875	148.125	1.0	576609.0	77280
