lep_pt	AK8_pt	AK4_pt	M_sd	genWeights	sumWeight	N_exp
147.6456	467.0	56.59375	117.0625	1.0	116020.0	77280
121.303215	407.75	110.0	156.875	1.0	116020.0	77280
514.0326	710.0	108.875	170.25	1.0	116020.0	77280
139.20348	548.0	73.0625	145.5	1.0	116020.0	77280
141.086	372.0	97.625	49.59375	1.0	116020.0	77280
63.826958	331.75	132.875	150.5	1.0	116020.0	77280
221.3467	461.5	175.625	178.625	1.0	116020.0	77280
103.37494	521.0	39.8125	93.3125	1.0	116020.0	77280
46.659515	425.5	155.875	168.125	1.0	116020.0	77280
183.33844	482.5	112.8125	132.75	1.0	116020.0	77280
163.58841	340.0	38.6875	139.875	1.0	116020.0	77280
65.88999	360.25	26.4375	129.75	1.0	116020.0	77280
127.823235	361.75	35.78125	8.9296875	1.0	116020.0	77280
211.4809	641.0	74.1875	2.6835938	1.0	116020.0	77280
101.28891	499.25	45.78125	0.6845703	1.0	116020.0	77280
72.87711	350.0	45.46875	3.8535156	1.0	116020.0	77280
43.973923	267.0	47.96875	100.625	1.0	116020.0	77280
507.61853	366.5	89.0	128.375	1.0	116020.0	77280
74.95705	429.25	31.625	138.625	1.0	116020.0	77280
164.7341	547.5	52.53125	178.375	1.0	116020.0	77280
61.701077	382.5	45.1875	121.4375	1.0	116020.0	77280
142.32805	475.0	112.9375	132.625	1.0	116020.0	77280
158.80386	408.25	110.75	183.75	1.0	116020.0	77280
320.76562	403.25	25.546875	152.625	1.0	116020.0	77280
183.9083	657.0	122.25	138.375	1.0	116020.0	77280
326.54156	818.0	86.3125	224.125	1.0	116020.0	77280
252.37468	527.5	33.5	175.25	1.0	116020.0	77280
156.64986	482.25	63.625	165.0	1.0	116020.0	77280
462.33844	511.5	150.375	132.875	1.0	116020.0	77280
94.387695	554.0	30.421875	204.625	1.0	116020.0	77280
106.82161	472.25	183.25	184.125	1.0	116020.0	77280
232.5919	370.0	117.375	31.859375	1.0	116020.0	77280
87.811646	522.5	92.375	167.5	1.0	116020.0	77280
58.13984	424.75	65.375	30.0625	1.0	116020.0	77280
69.604836	502.25	170.375	203.625	1.0	116020.0	77280
185.54926	500.0	117.5625	6.53125	1.0	116020.0	77280
375.4716	516.5	69.0	164.0	1.0	116020.0	77280
70.58368	492.25	135.625	24.3125	1.0	116020.0	77280
118.7145	518.5	83.3125	172.25	1.0	116020.0	77280
180.13455	468.75	66.6875	102.0625	1.0	116020.0	77280
112.79802	384.75	201.125	159.5	1.0	116020.0	77280
51.50656	327.5	36.25	94.5625	1.0	116020.0	77280
366.02176	328.5	135.5	124.375	1.0	116020.0	77280
296.84335	623.0	27.1875	111.5625	1.0	116020.0	77280
44.136463	479.75	89.4375	167.125	1.0	116020.0	77280
66.27218	371.5	65.3125	4.5859375	1.0	116020.0	77280
85.576164	572.0	49.4375	228.875	1.0	116020.0	77280
182.72276	633.0	90.3125	4.1484375	1.0	116020.0	77280
107.08152	588.0	153.375	2.8574219	1.0	116020.0	77280
28.90764	352.75	122.25	140.5	1.0	116020.0	77280
87.686325	348.5	95.25	148.125	1.0	116020.0	77280
61.13346	367.25	63.3125	176.25	1.0	116020.0	77280
47.431763	358.25	35.84375	115.8125	1.0	116020.0	77280
139.24675	464.5	69.3125	188.0	1.0	116020.0	77280
555.17096	631.0	47.5625	29.921875	1.0	116020.0	77280
87.919716	418.5	46.21875	125.0	1.0	116020.0	77280
166.55844	405.0	80.5	120.1875	1.0	116020.0	77280
91.45959	581.0	41.0	77.1875	1.0	116020.0	77280
191.4194	573.0	61.0625	152.875	1.0	116020.0	77280
137.35567	542.0	25.046875	133.25	1.0	116020.0	77280
310.45334	453.25	55.59375	58.3125	1.0	116020.0	77280
54.924206	438.0	49.46875	88.1875	1.0	116020.0	77280
185.74756	477.5	39.15625	65.3125	1.0	116020.0	77280
53.302315	362.75	80.375	111.9375	1.0	116020.0	77280
44.19385	604.5	196.625	215.5	1.0	116020.0	77280
434.84482	615.0	49.09375	179.75	1.0	116020.0	77280
684.7573	840.5	201.5	231.75	1.0	116020.0	77280
102.1349	625.5	28.296875	163.5	1.0	116020.0	77280
128.50446	482.0	61.34375	193.375	1.0	116020.0	77280
92.43339	384.25	53.0625	126.25	1.0	116020.0	77280
173.5733	385.75	127.4375	8.015625	1.0	116020.0	77280
87.059494	333.75	61.15625	126.625	1.0	116020.0	77280
251.42603	410.0	88.3125	155.5	1.0	116020.0	77280
94.5835	486.25	101.0625	137.375	1.0	116020.0	77280
75.830124	354.0	99.9375	164.0	1.0	116020.0	77280
118.26032	365.75	93.375	23.0	1.0	116020.0	77280
161.54338	653.0	29.3125	268.5	1.0	116020.0	77280
101.36986	357.25	81.25	143.375	1.0	116020.0	77280
30.436474	476.5	197.25	205.375	1.0	116020.0	77280
301.5605	574.0	126.25	161.625	1.0	116020.0	77280
49.243385	343.5	132.25	99.4375	1.0	116020.0	77280
213.70558	354.0	55.1875	30.421875	1.0	116020.0	77280
202.70236	480.75	53.71875	146.375	1.0	116020.0	77280
331.0922	677.0	171.375	240.375	1.0	116020.0	77280
305.6419	471.25	37.3125	154.375	1.0	116020.0	77280
288.80273	548.5	30.25	159.5	1.0	116020.0	77280
93.83099	318.5	49.75	156.0	1.0	116020.0	77280
132.44295	419.5	121.75	146.625	1.0	116020.0	77280
47.55572	502.75	77.25	9.3046875	1.0	116020.0	77280
76.7465	464.5	109.125	174.0	1.0	116020.0	77280
376.21072	371.5	113.75	162.75	1.0	116020.0	77280
59.139275	477.75	53.03125	15.8359375	1.0	116020.0	77280
144.46225	679.0	30.421875	6.6953125	1.0	116020.0	77280
117.49529	345.75	73.1875	5.8359375	1.0	116020.0	77280
88.791046	359.0	126.5	83.875	1.0	116020.0	77280
82.279434	421.5	135.875	167.25	1.0	116020.0	77280
482.3191	465.25	60.0	131.875	1.0	116020.0	77280
161.94934	721.0	42.40625	102.5	1.0	116020.0	77280
337.5116	736.5	59.15625	133.5	1.0	116020.0	77280
432.7901	889.5	44.5	156.5	1.0	116020.0	77280
155.18243	420.75	118.6875	2.6054688	1.0	116020.0	77280
64.50099	426.0	112.3125	156.125	1.0	116020.0	77280
274.29648	540.5	26.046875	177.5	1.0	116020.0	77280
70.726326	577.0	30.4375	11.5625	1.0	116020.0	77280
124.07118	407.25	154.75	168.125	1.0	116020.0	77280
42.537464	413.75	47.3125	140.25	1.0	116020.0	77280
66.47445	420.75	43.5625	130.25	1.0	116020.0	77280
266.88535	465.5	41.125	171.25	1.0	116020.0	77280
270.69833	538.0	28.5	175.625	1.0	116020.0	77280
76.274155	461.5	48.59375	158.875	1.0	116020.0	77280
52.006527	506.25	231.875	20.515625	1.0	116020.0	77280
45.94932	358.0	25.0625	93.3125	1.0	116020.0	77280
141.22713	430.5	98.9375	66.5625	1.0	116020.0	77280
572.0755	497.25	161.75	184.0	1.0	116020.0	77280
84.8529	516.5	50.625	181.5	1.0	116020.0	77280
63.349068	389.25	94.625	163.0	1.0	116020.0	77280
151.78645	547.0	149.25	192.25	1.0	116020.0	77280
216.378	573.0	107.875	163.25	1.0	116020.0	77280
62.59227	452.0	25.84375	203.625	1.0	116020.0	77280
75.38141	472.25	56.0625	158.5	1.0	116020.0	77280
99.35961	387.75	165.875	182.875	1.0	116020.0	77280
802.74744	787.5	220.0	373.75	1.0	116020.0	77280
299.60245	369.0	92.4375	156.875	1.0	116020.0	77280
137.00072	561.5	116.25	14.71875	1.0	116020.0	77280
275.81754	501.75	59.53125	124.625	1.0	116020.0	77280
206.84332	430.75	42.71875	87.4375	1.0	116020.0	77280
88.11263	434.75	85.3125	89.875	1.0	116020.0	77280
165.53194	599.5	78.75	5.25	1.0	116020.0	77280
41.234653	420.75	86.5625	178.375	1.0	116020.0	77280
53.85287	459.75	91.8125	140.625	1.0	116020.0	77280
80.85889	566.5	31.578125	158.125	1.0	116020.0	77280
203.61122	644.0	99.3125	205.5	1.0	116020.0	77280
66.87942	454.25	88.875	143.75	1.0	116020.0	77280
790.27856	966.5	112.9375	172.0	1.0	116020.0	77280
103.345894	502.5	195.125	231.5	1.0	116020.0	77280
203.21924	510.0	69.25	177.375	1.0	116020.0	77280
111.39312	406.75	59.4375	13.890625	1.0	116020.0	77280
313.82837	590.0	109.1875	201.25	1.0	116020.0	77280
58.50406	470.25	109.1875	164.5	1.0	116020.0	77280
421.6652	685.0	30.796875	128.75	1.0	116020.0	77280
168.26053	626.0	233.375	260.75	1.0	116020.0	77280
157.1099	499.5	209.0	191.75	1.0	116020.0	77280
50.64204	408.75	94.0	120.9375	1.0	116020.0	77280
161.0437	591.5	150.125	139.0	1.0	116020.0	77280
215.90561	537.0	53.625	184.875	1.0	116020.0	77280
277.98438	501.25	46.5	175.5	1.0	116020.0	77280
79.23886	349.75	92.1875	112.1875	1.0	116020.0	77280
103.837234	470.0	100.375	144.25	1.0	116020.0	77280
386.82092	667.0	30.5	166.125	1.0	116020.0	77280
87.963646	425.75	121.3125	116.1875	1.0	116020.0	77280
168.4904	585.5	232.375	233.875	1.0	116020.0	77280
110.644	423.5	107.75	167.25	1.0	116020.0	77280
53.7117	340.5	27.5	137.875	1.0	116020.0	77280
63.58479	424.5	130.25	209.75	1.0	116020.0	77280
265.06357	613.0	89.5625	160.125	1.0	116020.0	77280
218.37721	512.5	25.25	205.125	1.0	116020.0	77280
224.68828	456.0	107.0	156.5	1.0	116020.0	77280
358.98227	716.5	58.96875	4.4335938	1.0	116020.0	77280
83.84502	431.25	76.8125	124.0625	1.0	116020.0	77280
166.26828	468.0	85.6875	105.9375	1.0	116020.0	77280
41.067154	565.0	25.71875	162.75	1.0	116020.0	77280
146.3614	526.0	40.59375	95.625	1.0	116020.0	77280
151.61499	355.5	67.875	124.625	1.0	116020.0	77280
143.44537	468.75	27.0	172.5	1.0	116020.0	77280
79.29728	356.75	26.453125	50.53125	1.0	116020.0	77280
183.13972	524.5	28.25	154.125	1.0	116020.0	77280
47.832275	341.75	95.5625	173.125	1.0	116020.0	77280
140.11026	442.0	86.1875	152.875	1.0	116020.0	77280
144.8256	468.0	155.875	2.2128906	1.0	116020.0	77280
132.9563	381.0	33.71875	120.0	1.0	116020.0	77280
518.5396	594.5	136.875	139.125	1.0	116020.0	77280
74.268776	496.75	73.3125	146.375	1.0	116020.0	77280
188.63371	566.0	104.625	141.0	1.0	116020.0	77280
110.076256	451.0	76.6875	100.8125	1.0	116020.0	77280
366.79904	566.0	95.3125	160.25	1.0	116020.0	77280
59.061134	363.5	43.375	94.9375	1.0	116020.0	77280
194.91255	449.75	30.8125	173.875	1.0	116020.0	77280
60.87918	421.75	100.25	9.6171875	1.0	116020.0	77280
77.878296	417.0	43.875	183.25	1.0	116020.0	77280
86.436066	445.25	115.8125	14.96875	1.0	116020.0	77280
308.61942	388.5	73.875	145.25	1.0	116020.0	77280
55.31958	589.5	182.625	173.625	1.0	116020.0	77280
723.012	766.0	43.0	142.875	1.0	116020.0	77280
46.18196	605.5	59.40625	85.0625	1.0	116020.0	77280
233.83101	627.0	114.6875	2.8886719	1.0	116020.0	77280
332.43365	353.5	72.9375	3.2011719	1.0	116020.0	77280
235.69696	708.0	30.640625	199.875	1.0	116020.0	77280
499.60544	431.0	49.84375	148.625	1.0	116020.0	77280
57.432476	401.5	175.0	31.890625	1.0	116020.0	77280
63.78636	587.0	68.9375	27.0625	1.0	116020.0	77280
206.40729	500.75	92.875	52.53125	1.0	116020.0	77280
176.84933	404.5	67.8125	15.5703125	1.0	116020.0	77280
98.44375	532.0	125.0625	2.6425781	1.0	116020.0	77280
115.714836	479.0	69.3125	182.375	1.0	116020.0	77280
305.2628	574.5	87.75	153.0	1.0	116020.0	77280
91.78842	484.25	104.9375	6.4765625	1.0	116020.0	77280
470.5649	906.5	105.3125	211.0	1.0	116020.0	77280
199.2516	452.5	106.9375	163.25	1.0	116020.0	77280
140.5254	517.0	56.6875	148.5	1.0	116020.0	77280
141.33226	434.0	52.21875	85.3125	1.0	116020.0	77280
720.3155	844.5	62.34375	54.25	1.0	116020.0	77280
487.8455	912.0	62.03125	94.25	1.0	116020.0	77280
91.939514	420.0	33.71875	133.375	1.0	116020.0	77280
139.17705	528.0	147.5	0.51416016	1.0	116020.0	77280
425.74734	421.0	66.0625	83.0	1.0	116020.0	77280
232.59114	580.5	93.75	144.875	1.0	116020.0	77280
56.028206	408.0	49.96875	142.625	1.0	116020.0	77280
58.212975	520.0	165.375	144.5	1.0	116020.0	77280
115.409935	572.0	104.5625	200.625	1.0	116020.0	77280
119.00605	451.0	138.375	3.5507812	1.0	116020.0	77280
162.94435	365.0	158.125	100.1875	1.0	116020.0	77280
104.838936	630.5	34.6875	172.5	1.0	116020.0	77280
57.26533	554.5	36.5625	16.40625	1.0	116020.0	77280
345.99106	695.5	25.1875	143.875	1.0	116020.0	77280
82.77196	423.5	139.0	108.1875	1.0	116020.0	77280
125.02403	424.75	92.75	129.5	1.0	116020.0	77280
340.88428	676.0	238.5	247.0	1.0	116020.0	77280
51.113567	457.5	28.984375	130.5	1.0	116020.0	77280
99.62256	329.75	111.1875	50.09375	1.0	116020.0	77280
178.14037	463.5	204.375	103.3125	1.0	116020.0	77280
107.41322	518.0	156.5	227.125	1.0	116020.0	77280
125.11573	404.25	38.40625	77.1875	1.0	116020.0	77280
127.98561	437.0	161.375	193.25	1.0	116020.0	77280
104.350426	503.25	61.71875	73.3125	1.0	116020.0	77280
877.2546	770.5	28.90625	203.25	1.0	116020.0	77280
85.001945	456.0	177.375	175.0	1.0	116020.0	77280
145.50342	621.5	51.5	134.0	1.0	116020.0	77280
145.1654	516.5	47.21875	0.43920898	1.0	116020.0	77280
74.97517	555.0	181.75	221.375	1.0	116020.0	77280
105.377235	528.5	175.5	213.25	1.0	116020.0	77280
69.45061	428.5	51.4375	128.875	1.0	116020.0	77280
282.18747	592.0	38.5	158.5	1.0	116020.0	77280
265.08102	535.5	35.71875	88.0625	1.0	116020.0	77280
45.20016	283.75	99.1875	107.625	1.0	116020.0	77280
223.2233	612.0	108.4375	102.125	1.0	116020.0	77280
166.55887	522.5	85.25	162.75	1.0	116020.0	77280
85.05707	563.0	142.25	2.8261719	1.0	116020.0	77280
50.570103	470.25	171.625	193.125	1.0	116020.0	77280
138.3236	420.5	40.1875	144.875	1.0	116020.0	77280
180.18547	565.0	33.65625	184.0	1.0	116020.0	77280
316.4444	552.0	128.375	134.125	1.0	116020.0	77280
46.069645	394.5	46.8125	2.1542969	1.0	116020.0	77280
44.289913	450.0	56.78125	6.6796875	1.0	116020.0	77280
88.16905	502.5	106.125	3.359375	1.0	116020.0	77280
288.21	574.0	93.5625	161.25	1.0	116020.0	77280
272.63184	551.0	70.0625	151.5	1.0	116020.0	77280
97.04028	444.0	157.875	145.5	1.0	116020.0	77280
35.63559	540.0	42.25	3.671875	1.0	116020.0	77280
81.263016	394.0	39.34375	63.03125	1.0	116020.0	77280
106.00687	456.25	116.625	172.625	1.0	116020.0	77280
59.041126	521.0	46.59375	112.625	1.0	116020.0	77280
47.970314	442.5	189.125	214.625	1.0	116020.0	77280
47.911617	476.5	47.3125	4.5234375	1.0	116020.0	77280
147.07762	709.5	42.28125	178.0	1.0	116020.0	77280
129.21951	525.5	131.75	176.875	1.0	116020.0	77280
143.49294	726.0	48.78125	177.625	1.0	116020.0	77280
230.89743	315.25	130.875	128.25	1.0	116020.0	77280
139.26189	449.75	52.71875	156.75	1.0	116020.0	77280
64.321106	318.75	28.921875	18.09375	1.0	116020.0	77280
49.138985	372.5	109.5	25.21875	1.0	116020.0	77280
116.916275	431.5	145.625	161.0	1.0	116020.0	77280
181.75012	560.5	71.3125	202.875	1.0	116020.0	77280
105.148796	580.0	88.8125	227.875	1.0	116020.0	77280
215.3901	596.5	45.71875	41.09375	1.0	116020.0	77280
284.0929	487.5	102.8125	140.25	1.0	116020.0	77280
346.88907	584.5	29.34375	145.75	1.0	116020.0	77280
85.02168	608.5	79.75	7.6992188	1.0	116020.0	77280
118.07535	518.0	122.5	189.0	1.0	116020.0	77280
56.982952	500.25	25.90625	6.9921875	1.0	116020.0	77280
318.83908	580.5	30.875	193.5	1.0	116020.0	77280
168.7023	386.25	164.625	170.875	1.0	116020.0	77280
54.765766	447.0	51.65625	1.9394531	1.0	116020.0	77280
78.847755	418.75	34.375	92.0	1.0	116020.0	77280
84.11467	495.25	78.6875	159.0	1.0	116020.0	77280
117.74123	519.5	72.5625	165.375	1.0	116020.0	77280
213.43956	495.5	26.1875	169.125	1.0	116020.0	77280
439.93866	443.0	87.75	137.0	1.0	116020.0	77280
89.49538	312.5	80.4375	41.09375	1.0	116020.0	77280
78.60456	496.5	35.59375	159.625	1.0	116020.0	77280
69.148346	415.0	130.5	153.25	1.0	116020.0	77280
215.03905	487.0	114.4375	23.90625	1.0	116020.0	77280
78.15506	401.5	152.625	171.625	1.0	116020.0	77280
225.50389	430.0	50.1875	160.875	1.0	116020.0	77280
890.29	1142.0	53.28125	204.25	1.0	116020.0	77280
533.16736	523.0	30.40625	160.25	1.0	116020.0	77280
269.11465	766.5	137.0	157.5	1.0	116020.0	77280
65.98027	342.25	78.375	6.46875	1.0	116020.0	77280
59.3089	390.0	150.75	176.75	1.0	116020.0	77280
183.7474	550.0	90.4375	199.0	1.0	116020.0	77280
50.371613	519.5	38.1875	93.5625	1.0	116020.0	77280
86.13644	300.5	88.125	137.375	1.0	116020.0	77280
116.68889	452.5	70.0625	0.09118652	1.0	116020.0	77280
82.98886	386.75	175.625	125.75	1.0	116020.0	77280
53.11353	353.25	47.15625	60.28125	1.0	116020.0	77280
62.205215	396.75	36.84375	163.125	1.0	116020.0	77280
209.52837	533.0	49.53125	155.625	1.0	116020.0	77280
72.65536	487.0	141.625	185.125	1.0	116020.0	77280
438.773	515.0	119.25	3.4902344	1.0	116020.0	77280
274.15295	679.0	190.75	242.625	1.0	116020.0	77280
40.361813	466.25	159.875	210.375	1.0	116020.0	77280
227.28476	594.0	47.8125	12.921875	1.0	116020.0	77280
42.777744	328.0	90.9375	119.875	1.0	116020.0	77280
