lep_pt	AK8_pt	AK4_pt	M_sd	genWeights	sumWeight	N_exp
99.9221	375.25	155.25	181.0	0.49554962	256276.42	35563
148.80473	507.25	132.0	207.125	0.49554962	256276.42	35563
591.0501	454.75	153.0	155.0	0.49554962	256276.42	35563
78.11612	379.5	129.125	185.25	0.49554962	256276.42	35563
305.97537	360.0	117.5625	160.0	-0.49554962	256276.42	35563
46.63729	454.0	136.5	114.375	-0.49554962	256276.42	35563
161.4157	444.0	105.25	142.0	0.49554962	256276.42	35563
226.71742	296.25	101.4375	98.375	0.49554962	256276.42	35563
310.3269	451.0	251.625	236.875	0.49554962	256276.42	35563
118.04065	346.25	120.3125	180.375	-0.49554962	256276.42	35563
217.8808	339.5	133.125	125.125	0.49554962	256276.42	35563
120.53783	524.5	143.375	162.625	0.49554962	256276.42	35563
350.28906	285.5	114.875	125.4375	-0.49554962	256276.42	35563
145.22101	313.0	139.375	134.5	-0.49554962	256276.42	35563
51.980095	181.0	122.3125	-1.0	0.49554962	256276.42	35563
323.85132	473.25	108.75	179.5	0.49554962	256276.42	35563
174.49754	354.0	104.0	109.4375	0.49554962	256276.42	35563
79.38651	342.25	120.125	110.1875	-0.49554962	256276.42	35563
179.80319	386.25	130.125	173.625	0.49554962	256276.42	35563
416.67126	405.75	189.0	178.625	0.49554962	256276.42	35563
146.6521	323.25	102.9375	148.0	0.49554962	256276.42	35563
215.70508	467.75	143.5	176.625	0.49554962	256276.42	35563
257.9368	458.0	110.0	186.375	-0.49554962	256276.42	35563
34.958572	333.5	139.0	135.25	0.49554962	256276.42	35563
105.82156	528.5	146.875	185.625	0.49554962	256276.42	35563
434.67572	598.0	138.375	132.625	0.49554962	256276.42	35563
155.79015	338.0	121.8125	143.75	0.49554962	256276.42	35563
75.67976	397.25	183.75	166.125	0.49554962	256276.42	35563
313.10858	303.0	133.5	129.5	0.49554962	256276.42	35563
559.0254	524.5	148.0	190.0	0.49554962	256276.42	35563
199.3514	393.0	150.875	141.125	-0.49554962	256276.42	35563
106.83555	652.5	157.75	201.75	0.49554962	256276.42	35563
174.67055	445.75	159.5	179.125	0.49554962	256276.42	35563
247.08759	400.25	197.875	177.0	-0.49554962	256276.42	35563
222.35522	542.0	187.25	271.5	0.49554962	256276.42	35563
100.288635	544.5	178.25	97.9375	0.49554962	256276.42	35563
345.0118	594.5	182.75	246.5	0.49554962	256276.42	35563
94.73857	312.5	162.75	127.625	0.49554962	256276.42	35563
73.55854	454.25	116.0625	193.75	-0.49554962	256276.42	35563
386.8576	178.25	143.875	-1.0	0.49554962	256276.42	35563
145.95018	417.25	105.0625	173.0	-0.49554962	256276.42	35563
95.66784	266.25	100.9375	91.4375	-0.49554962	256276.42	35563
191.96255	229.875	115.0625	113.8125	-0.49554962	256276.42	35563
252.89046	510.25	172.5	172.625	0.49554962	256276.42	35563
266.7032	240.75	114.9375	101.1875	0.49554962	256276.42	35563
214.66866	407.5	146.75	188.125	-0.49554962	256276.42	35563
356.08267	378.0	156.25	111.8125	0.49554962	256276.42	35563
117.32083	371.25	141.625	172.375	0.49554962	256276.42	35563
154.73529	433.25	168.5	107.25	-0.49554962	256276.42	35563
135.36066	712.0	258.25	250.0	0.49554962	256276.42	35563
65.05857	348.75	134.875	140.5	-0.49554962	256276.42	35563
465.6203	397.25	120.5625	151.875	0.49554962	256276.42	35563
86.453186	263.25	131.5	109.1875	0.49554962	256276.42	35563
81.48134	196.375	140.625	-1.0	0.49554962	256276.42	35563
244.25269	416.25	147.875	164.75	-0.49554962	256276.42	35563
49.28687	326.0	109.8125	140.125	-0.49554962	256276.42	35563
117.17941	361.25	167.875	166.875	0.49554962	256276.42	35563
217.57976	419.75	135.75	169.75	0.49554962	256276.42	35563
244.46693	498.75	120.125	131.25	-0.49554962	256276.42	35563
148.93652	420.0	194.75	176.875	0.49554962	256276.42	35563
168.42674	293.25	140.375	127.5625	0.49554962	256276.42	35563
362.6289	467.75	137.875	177.0	0.49554962	256276.42	35563
47.10048	489.5	173.125	194.875	0.49554962	256276.42	35563
228.72665	704.5	134.5	185.125	-0.49554962	256276.42	35563
29.758938	333.0	128.625	112.75	0.49554962	256276.42	35563
46.215282	440.0	128.125	81.0	0.49554962	256276.42	35563
273.23834	464.0	155.5	180.5	-0.49554962	256276.42	35563
252.40982	328.5	125.375	132.875	0.49554962	256276.42	35563
288.99884	452.5	133.75	208.0	-0.49554962	256276.42	35563
100.53962	383.0	113.3125	182.25	0.49554962	256276.42	35563
206.26793	335.5	106.0	179.25	0.49554962	256276.42	35563
233.65154	292.0	145.25	133.125	0.49554962	256276.42	35563
148.87286	458.25	161.75	80.875	0.49554962	256276.42	35563
49.589664	800.5	244.625	373.5	0.49554962	256276.42	35563
266.22592	671.0	125.4375	164.375	0.49554962	256276.42	35563
157.5572	253.5	139.25	8.75	-0.49554962	256276.42	35563
55.9096	466.75	154.125	167.125	-0.49554962	256276.42	35563
64.29556	484.25	236.0	193.5	0.49554962	256276.42	35563
124.93572	591.5	136.5	146.875	0.49554962	256276.42	35563
122.46824	600.5	137.75	213.125	0.49554962	256276.42	35563
111.32444	429.25	106.3125	171.125	0.49554962	256276.42	35563
334.24506	420.0	118.4375	177.375	0.49554962	256276.42	35563
116.78865	396.25	134.0	177.75	0.49554962	256276.42	35563
106.64583	375.75	154.875	185.5	-0.49554962	256276.42	35563
269.01675	410.0	133.625	205.0	0.49554962	256276.42	35563
333.57495	294.5	102.0	138.75	-0.49554962	256276.42	35563
341.32294	783.5	334.0	211.625	-0.49554962	256276.42	35563
165.89227	399.75	135.0	161.875	-0.49554962	256276.42	35563
97.92371	433.0	123.875	151.25	-0.49554962	256276.42	35563
59.009247	464.25	145.75	214.875	0.49554962	256276.42	35563
298.30804	376.75	141.125	170.625	-0.49554962	256276.42	35563
98.29446	388.75	100.6875	166.5	0.49554962	256276.42	35563
79.07279	420.25	190.125	173.375	0.49554962	256276.42	35563
89.25115	329.5	130.5	165.125	-0.49554962	256276.42	35563
195.59795	264.5	133.875	103.75	0.49554962	256276.42	35563
231.27075	471.0	195.25	233.875	0.49554962	256276.42	35563
308.26276	547.0	153.25	210.125	0.49554962	256276.42	35563
157.86957	751.5	104.375	340.25	0.49554962	256276.42	35563
194.7013	399.0	121.25	164.625	0.49554962	256276.42	35563
290.589	264.0	121.625	98.4375	0.49554962	256276.42	35563
61.657288	444.0	143.125	174.5	0.49554962	256276.42	35563
132.92145	451.75	123.0625	185.375	0.49554962	256276.42	35563
294.95795	487.5	128.625	144.125	-0.49554962	256276.42	35563
144.93536	443.75	123.125	153.0	0.49554962	256276.42	35563
176.31996	654.5	159.75	251.625	0.49554962	256276.42	35563
202.88171	405.75	110.0	176.625	0.49554962	256276.42	35563
278.51736	504.5	162.5	169.125	0.49554962	256276.42	35563
622.6115	954.0	219.5	148.75	0.49554962	256276.42	35563
547.54956	651.0	122.1875	244.625	0.49554962	256276.42	35563
117.82065	514.0	106.25	177.0	-0.49554962	256276.42	35563
51.60464	356.75	131.375	128.125	0.49554962	256276.42	35563
110.58779	379.0	75.1875	189.125	0.49554962	256276.42	35563
362.3788	709.5	137.75	194.0	0.49554962	256276.42	35563
91.601074	383.75	179.875	150.75	0.49554962	256276.42	35563
69.5251	469.75	148.125	175.75	0.49554962	256276.42	35563
496.83868	730.0	239.375	262.5	-0.49554962	256276.42	35563
245.1786	382.25	100.8125	151.375	0.49554962	256276.42	35563
267.87976	408.25	112.9375	151.125	0.49554962	256276.42	35563
52.22065	344.25	168.625	132.375	-0.49554962	256276.42	35563
253.47757	429.5	203.75	218.5	0.49554962	256276.42	35563
167.335	358.5	148.0	172.5	0.49554962	256276.42	35563
138.91298	234.25	114.6875	92.75	0.49554962	256276.42	35563
259.31613	197.25	131.25	-1.0	0.49554962	256276.42	35563
485.002	511.75	133.75	134.875	0.49554962	256276.42	35563
136.45798	418.75	129.125	179.25	-0.49554962	256276.42	35563
456.89774	263.25	177.5	93.6875	0.49554962	256276.42	35563
70.935486	424.0	157.75	179.5	0.49554962	256276.42	35563
656.5454	634.0	201.5	293.25	0.49554962	256276.42	35563
175.90155	475.5	122.0625	182.375	-0.49554962	256276.42	35563
168.14926	701.5	186.0	106.75	0.49554962	256276.42	35563
365.37296	638.0	145.375	196.125	-0.49554962	256276.42	35563
87.29471	509.75	124.5625	168.625	0.49554962	256276.42	35563
381.5924	478.25	118.625	190.25	-0.49554962	256276.42	35563
175.49043	345.5	151.375	161.875	0.49554962	256276.42	35563
212.13345	511.5	137.5	188.0	0.49554962	256276.42	35563
229.38002	238.125	139.375	82.0	0.49554962	256276.42	35563
57.989407	323.75	128.25	133.375	-0.49554962	256276.42	35563
247.75595	423.5	123.5	153.375	-0.49554962	256276.42	35563
87.359566	353.5	106.6875	119.5	0.49554962	256276.42	35563
213.19933	318.75	101.3125	127.3125	0.49554962	256276.42	35563
232.48833	344.5	127.0	109.625	0.49554962	256276.42	35563
220.93771	449.0	149.5	226.625	0.49554962	256276.42	35563
317.2039	431.75	122.3125	158.75	0.49554962	256276.42	35563
121.464165	342.5	142.75	1.1748047	-0.49554962	256276.42	35563
89.432625	287.25	129.0	123.8125	-0.49554962	256276.42	35563
267.68555	330.75	119.5	145.875	0.49554962	256276.42	35563
137.70636	391.0	177.0	123.625	0.49554962	256276.42	35563
176.86642	472.75	219.875	198.625	0.49554962	256276.42	35563
302.05884	581.5	150.375	199.25	0.49554962	256276.42	35563
215.9396	429.0	119.125	163.5	0.49554962	256276.42	35563
230.72777	449.5	105.375	175.375	-0.49554962	256276.42	35563
93.8549	239.125	101.25	89.0625	-0.49554962	256276.42	35563
158.18494	433.75	165.5	180.375	0.49554962	256276.42	35563
112.03543	394.0	150.25	164.625	0.49554962	256276.42	35563
128.70056	239.625	98.25	117.0625	-0.49554962	256276.42	35563
195.76375	531.5	174.25	202.375	-0.49554962	256276.42	35563
71.307594	337.75	134.125	112.1875	0.49554962	256276.42	35563
114.43673	653.0	144.25	182.25	0.49554962	256276.42	35563
266.9489	436.75	122.6875	141.875	0.49554962	256276.42	35563
149.9058	284.75	113.5625	121.25	0.49554962	256276.42	35563
150.9734	324.0	129.875	124.875	-0.49554962	256276.42	35563
257.20825	415.0	139.375	190.0	0.49554962	256276.42	35563
206.44504	464.75	141.5	169.125	0.49554962	256276.42	35563
139.08076	419.0	123.5	169.5	0.49554962	256276.42	35563
157.70758	562.0	146.0	167.75	0.49554962	256276.42	35563
78.60467	388.5	191.125	151.25	0.49554962	256276.42	35563
142.8065	413.5	142.5	184.25	0.49554962	256276.42	35563
319.68118	708.0	120.0	167.5	0.49554962	256276.42	35563
76.01212	474.75	174.625	211.0	0.49554962	256276.42	35563
367.98923	317.0	124.3125	119.0625	-0.49554962	256276.42	35563
209.08133	471.75	133.625	159.125	0.49554962	256276.42	35563
161.85649	220.875	115.9375	105.0	0.49554962	256276.42	35563
204.92886	456.25	106.9375	173.625	0.49554962	256276.42	35563
132.1074	540.5	104.6875	147.125	0.49554962	256276.42	35563
235.51474	554.0	128.125	180.375	0.49554962	256276.42	35563
92.96744	260.75	124.75	112.25	-0.49554962	256276.42	35563
59.897053	304.25	138.0	120.125	0.49554962	256276.42	35563
151.9372	390.25	111.25	185.875	0.49554962	256276.42	35563
66.79184	491.5	137.125	188.75	0.49554962	256276.42	35563
294.7062	561.5	124.375	208.75	0.49554962	256276.42	35563
101.600784	292.5	136.0	127.1875	0.49554962	256276.42	35563
255.47966	585.5	215.625	111.9375	0.49554962	256276.42	35563
125.10829	510.5	223.125	210.5	-0.49554962	256276.42	35563
462.9212	561.0	107.25	121.4375	-0.49554962	256276.42	35563
91.75122	321.0	100.25	157.25	-0.49554962	256276.42	35563
158.71397	211.5	128.75	93.3125	-0.49554962	256276.42	35563
165.83037	416.25	101.4375	185.25	0.49554962	256276.42	35563
64.55312	407.0	119.375	186.75	0.49554962	256276.42	35563
124.50509	414.75	143.375	189.375	0.49554962	256276.42	35563
177.09943	436.0	169.25	193.75	-0.49554962	256276.42	35563
228.72112	327.0	135.625	177.375	0.49554962	256276.42	35563
86.63011	595.5	126.1875	230.0	0.49554962	256276.42	35563
325.84317	681.5	186.875	222.125	0.49554962	256276.42	35563
150.65144	768.5	151.25	1.15625	0.49554962	256276.42	35563
84.50813	244.625	165.125	84.375	0.49554962	256276.42	35563
267.116	385.0	161.625	158.75	0.49554962	256276.42	35563
235.52306	396.25	141.125	112.8125	0.49554962	256276.42	35563
298.82367	476.25	141.5	204.375	-0.49554962	256276.42	35563
224.55649	429.5	107.0	166.25	0.49554962	256276.42	35563
87.98973	212.0	159.375	106.3125	-0.49554962	256276.42	35563
203.2832	378.75	151.375	159.25	-0.49554962	256276.42	35563
315.41623	557.0	154.875	167.375	0.49554962	256276.42	35563
207.28055	378.5	144.375	169.75	0.49554962	256276.42	35563
206.8765	477.0	114.9375	145.75	0.49554962	256276.42	35563
248.42389	619.5	103.75	190.75	-0.49554962	256276.42	35563
185.84735	359.0	91.4375	157.125	0.49554962	256276.42	35563
82.922874	311.75	119.1875	112.125	0.49554962	256276.42	35563
212.26056	271.75	128.0	137.75	0.49554962	256276.42	35563
207.3361	436.25	118.8125	195.875	0.49554962	256276.42	35563
197.56136	279.0	123.1875	117.9375	0.49554962	256276.42	35563
437.21387	419.0	123.4375	144.0	-0.49554962	256276.42	35563
127.90781	208.625	112.1875	82.6875	-0.49554962	256276.42	35563
117.88632	415.25	160.875	151.625	0.49554962	256276.42	35563
144.53067	564.5	187.375	207.5	-0.49554962	256276.42	35563
134.74745	263.75	111.625	122.625	0.49554962	256276.42	35563
306.93207	547.5	160.625	222.375	-0.49554962	256276.42	35563
68.87464	571.0	108.125	199.375	0.49554962	256276.42	35563
602.0889	669.5	220.25	256.25	0.49554962	256276.42	35563
233.53362	480.75	159.125	178.5	-0.49554962	256276.42	35563
259.3228	354.25	115.0	143.125	-0.49554962	256276.42	35563
55.30951	724.5	131.625	196.375	0.49554962	256276.42	35563
139.60675	187.375	149.625	79.125	-0.49554962	256276.42	35563
469.03397	607.0	186.375	308.0	0.49554962	256276.42	35563
50.27312	855.5	200.375	292.25	0.49554962	256276.42	35563
325.5497	235.25	142.875	44.71875	-0.49554962	256276.42	35563
70.085495	400.5	124.1875	167.75	0.49554962	256276.42	35563
176.71431	335.25	151.375	156.75	-0.49554962	256276.42	35563
42.707462	914.5	132.125	5.6640625	0.49554962	256276.42	35563
94.11747	486.75	105.125	172.5	0.49554962	256276.42	35563
188.10735	782.5	141.625	193.625	-0.49554962	256276.42	35563
50.78899	242.125	167.75	73.375	0.49554962	256276.42	35563
371.37198	433.75	114.0625	144.5	-0.49554962	256276.42	35563
71.03304	461.0	107.625	183.875	-0.49554962	256276.42	35563
247.918	241.5	145.875	95.125	0.49554962	256276.42	35563
89.73468	532.0	171.75	186.0	0.49554962	256276.42	35563
96.50041	289.5	133.75	121.375	0.49554962	256276.42	35563
71.14978	641.0	121.0625	69.125	0.49554962	256276.42	35563
126.68285	415.25	117.375	219.75	0.49554962	256276.42	35563
86.28682	177.375	99.25	-1.0	0.49554962	256276.42	35563
345.00485	419.25	127.5	167.0	-0.49554962	256276.42	35563
141.26364	278.75	215.875	86.25	0.49554962	256276.42	35563
131.33563	381.75	143.625	154.75	-0.49554962	256276.42	35563
312.5501	410.5	141.25	147.625	-0.49554962	256276.42	35563
221.0481	363.5	162.75	166.75	0.49554962	256276.42	35563
134.2175	305.5	164.375	128.375	0.49554962	256276.42	35563
103.897125	546.0	288.75	233.375	0.49554962	256276.42	35563
134.86037	361.5	150.875	163.625	0.49554962	256276.42	35563
360.17883	509.75	106.6875	187.0	-0.49554962	256276.42	35563
308.4935	457.5	165.75	171.875	0.49554962	256276.42	35563
188.84482	440.0	120.125	189.125	0.49554962	256276.42	35563
48.42684	519.0	189.875	118.0625	0.49554962	256276.42	35563
816.4969	837.0	187.625	296.5	0.49554962	256276.42	35563
177.27808	429.0	191.25	161.125	0.49554962	256276.42	35563
469.8166	702.5	136.0	338.0	-0.49554962	256276.42	35563
458.94263	593.0	107.9375	107.9375	-0.49554962	256276.42	35563
133.96245	461.25	139.75	142.125	0.49554962	256276.42	35563
79.29134	366.75	129.875	180.5	0.49554962	256276.42	35563
188.77718	421.5	131.625	175.25	-0.49554962	256276.42	35563
135.53188	283.75	118.8125	115.0625	-0.49554962	256276.42	35563
468.5893	510.5	146.75	149.625	-0.49554962	256276.42	35563
74.94874	469.25	200.375	197.5	-0.49554962	256276.42	35563
47.960228	501.75	152.375	184.75	0.49554962	256276.42	35563
227.8382	308.25	110.6875	133.5	0.49554962	256276.42	35563
246.82005	395.0	148.875	162.625	-0.49554962	256276.42	35563
292.54565	403.25	139.625	171.125	0.49554962	256276.42	35563
92.16884	456.75	121.5625	174.25	0.49554962	256276.42	35563
159.19365	574.5	164.375	177.625	0.49554962	256276.42	35563
230.67209	500.25	164.75	144.0	0.49554962	256276.42	35563
78.09859	446.5	151.75	177.25	0.49554962	256276.42	35563
101.50465	564.5	132.0	177.0	0.49554962	256276.42	35563
131.01303	342.5	150.875	148.875	-0.49554962	256276.42	35563
