lep_pt	genWeights	sumWeight	N_exp
104.53867	2.8689086	473849.0	29118
54.1552	2.8689086	473849.0	29118
127.99396	-2.8689086	473849.0	29118
82.57923	-2.8689086	473849.0	29118
40.868736	2.8689086	473849.0	29118
65.94373	2.8689086	473849.0	29118
55.84135	-2.8689086	473849.0	29118
76.90195	-2.8689086	473849.0	29118
83.1408	2.8689086	473849.0	29118
45.93924	-2.8689086	473849.0	29118
115.856415	2.8689086	473849.0	29118
62.781128	2.8689086	473849.0	29118
66.81697	2.8689086	473849.0	29118
78.494415	2.8689086	473849.0	29118
51.35979	-2.8689086	473849.0	29118
54.207886	2.8689086	473849.0	29118
60.421997	2.8689086	473849.0	29118
109.54064	2.8689086	473849.0	29118
100.82627	2.8689086	473849.0	29118
45.21046	2.8689086	473849.0	29118
87.21453	2.8689086	473849.0	29118
128.95445	2.8689086	473849.0	29118
82.252686	2.8689086	473849.0	29118
160.20312	2.8689086	473849.0	29118
114.55986	2.8689086	473849.0	29118
74.19337	-2.8689086	473849.0	29118
124.48999	2.8689086	473849.0	29118
96.9462	-2.8689086	473849.0	29118
79.868126	2.8689086	473849.0	29118
54.403492	2.8689086	473849.0	29118
81.347336	2.8689086	473849.0	29118
119.94011	-2.8689086	473849.0	29118
54.174896	2.8689086	473849.0	29118
36.58981	2.8689086	473849.0	29118
35.245926	-2.8689086	473849.0	29118
104.21623	-2.8689086	473849.0	29118
37.857525	2.8689086	473849.0	29118
73.72588	2.8689086	473849.0	29118
61.89186	-2.8689086	473849.0	29118
65.12434	2.8689086	473849.0	29118
91.207436	2.8689086	473849.0	29118
106.232704	2.8689086	473849.0	29118
63.34742	-2.8689086	473849.0	29118
33.62783	-2.8689086	473849.0	29118
48.43565	2.8689086	473849.0	29118
114.88931	2.8689086	473849.0	29118
75.51943	2.8689086	473849.0	29118
106.208916	-2.8689086	473849.0	29118
61.504414	-2.8689086	473849.0	29118
58.12567	2.8689086	473849.0	29118
116.91815	2.8689086	473849.0	29118
103.04749	-2.8689086	473849.0	29118
50.76767	2.8689086	473849.0	29118
97.060555	-2.8689086	473849.0	29118
107.25999	2.8689086	473849.0	29118
75.49588	-2.8689086	473849.0	29118
50.638477	-2.8689086	473849.0	29118
68.99222	2.8689086	473849.0	29118
52.053017	-2.8689086	473849.0	29118
72.1843	2.8689086	473849.0	29118
80.94733	2.8689086	473849.0	29118
32.55402	2.8689086	473849.0	29118
75.64204	2.8689086	473849.0	29118
62.785694	2.8689086	473849.0	29118
51.72104	2.8689086	473849.0	29118
50.812283	-2.8689086	473849.0	29118
75.31818	2.8689086	473849.0	29118
52.243496	-2.8689086	473849.0	29118
55.917423	-2.8689086	473849.0	29118
170.4108	-2.8689086	473849.0	29118
102.13793	2.8689086	473849.0	29118
61.920357	2.8689086	473849.0	29118
154.57767	2.8689086	473849.0	29118
167.49922	2.8689086	473849.0	29118
95.73108	2.8689086	473849.0	29118
62.624744	2.8689086	473849.0	29118
45.63551	2.8689086	473849.0	29118
62.802883	2.8689086	473849.0	29118
57.204723	2.8689086	473849.0	29118
65.43963	-2.8689086	473849.0	29118
69.60682	-2.8689086	473849.0	29118
183.26418	-2.8689086	473849.0	29118
90.4978	2.8689086	473849.0	29118
101.12941	2.8689086	473849.0	29118
51.997246	2.8689086	473849.0	29118
146.89061	-2.8689086	473849.0	29118
76.57447	2.8689086	473849.0	29118
123.29795	-2.8689086	473849.0	29118
54.58622	-2.8689086	473849.0	29118
61.365906	2.8689086	473849.0	29118
62.716908	2.8689086	473849.0	29118
51.71154	2.8689086	473849.0	29118
105.84241	-2.8689086	473849.0	29118
38.713875	2.8689086	473849.0	29118
80.9079	-2.8689086	473849.0	29118
92.23047	-2.8689086	473849.0	29118
160.0823	-2.8689086	473849.0	29118
52.600864	2.8689086	473849.0	29118
70.15093	2.8689086	473849.0	29118
89.46864	2.8689086	473849.0	29118
73.61254	2.8689086	473849.0	29118
58.853695	2.8689086	473849.0	29118
79.4832	2.8689086	473849.0	29118
73.40054	2.8689086	473849.0	29118
61.58687	-2.8689086	473849.0	29118
103.370056	-2.8689086	473849.0	29118
39.895016	2.8689086	473849.0	29118
76.911354	-2.8689086	473849.0	29118
36.162323	2.8689086	473849.0	29118
157.19284	-2.8689086	473849.0	29118
160.36255	2.8689086	473849.0	29118
49.757374	-2.8689086	473849.0	29118
184.26187	-2.8689086	473849.0	29118
115.114	2.8689086	473849.0	29118
78.23481	2.8689086	473849.0	29118
74.64651	2.8689086	473849.0	29118
53.701073	-2.8689086	473849.0	29118
39.30332	2.8689086	473849.0	29118
96.096405	2.8689086	473849.0	29118
85.05047	-2.8689086	473849.0	29118
18.420647	-2.8689086	473849.0	29118
71.40008	2.8689086	473849.0	29118
87.93603	2.8689086	473849.0	29118
70.909515	-2.8689086	473849.0	29118
163.15947	-2.8689086	473849.0	29118
88.60632	2.8689086	473849.0	29118
47.234676	2.8689086	473849.0	29118
101.92584	2.8689086	473849.0	29118
54.431484	2.8689086	473849.0	29118
63.062164	2.8689086	473849.0	29118
57.308895	2.8689086	473849.0	29118
62.187653	2.8689086	473849.0	29118
58.194237	2.8689086	473849.0	29118
51.31538	-2.8689086	473849.0	29118
44.880554	2.8689086	473849.0	29118
52.906303	2.8689086	473849.0	29118
53.921436	2.8689086	473849.0	29118
43.327736	-2.8689086	473849.0	29118
49.825	2.8689086	473849.0	29118
34.90998	-2.8689086	473849.0	29118
63.72518	2.8689086	473849.0	29118
56.409588	2.8689086	473849.0	29118
81.483864	2.8689086	473849.0	29118
63.20539	2.8689086	473849.0	29118
49.084084	-2.8689086	473849.0	29118
190.24509	2.8689086	473849.0	29118
72.98262	-2.8689086	473849.0	29118
95.124985	2.8689086	473849.0	29118
55.395813	-2.8689086	473849.0	29118
56.670025	2.8689086	473849.0	29118
61.130703	2.8689086	473849.0	29118
97.46214	-2.8689086	473849.0	29118
95.16883	2.8689086	473849.0	29118
100.77983	2.8689086	473849.0	29118
77.38841	2.8689086	473849.0	29118
42.61538	-2.8689086	473849.0	29118
120.71135	-2.8689086	473849.0	29118
94.8522	2.8689086	473849.0	29118
47.00912	-2.8689086	473849.0	29118
43.07669	2.8689086	473849.0	29118
87.20949	2.8689086	473849.0	29118
58.430714	2.8689086	473849.0	29118
35.385315	2.8689086	473849.0	29118
91.41078	2.8689086	473849.0	29118
79.191185	-2.8689086	473849.0	29118
73.54084	2.8689086	473849.0	29118
76.50885	2.8689086	473849.0	29118
86.50666	-2.8689086	473849.0	29118
74.511345	2.8689086	473849.0	29118
87.945076	2.8689086	473849.0	29118
51.810474	-2.8689086	473849.0	29118
47.276352	2.8689086	473849.0	29118
74.5436	2.8689086	473849.0	29118
56.049892	2.8689086	473849.0	29118
60.982445	2.8689086	473849.0	29118
40.479465	-2.8689086	473849.0	29118
63.605293	2.8689086	473849.0	29118
50.02848	2.8689086	473849.0	29118
74.40519	-2.8689086	473849.0	29118
60.871304	-2.8689086	473849.0	29118
49.908295	2.8689086	473849.0	29118
72.3598	-2.8689086	473849.0	29118
84.00277	2.8689086	473849.0	29118
64.19184	2.8689086	473849.0	29118
62.260925	2.8689086	473849.0	29118
103.25382	2.8689086	473849.0	29118
61.529545	2.8689086	473849.0	29118
53.338955	2.8689086	473849.0	29118
51.24076	-2.8689086	473849.0	29118
110.0097	2.8689086	473849.0	29118
32.526363	2.8689086	473849.0	29118
106.04926	-2.8689086	473849.0	29118
105.03453	-2.8689086	473849.0	29118
56.711647	-2.8689086	473849.0	29118
65.41429	2.8689086	473849.0	29118
113.59057	2.8689086	473849.0	29118
162.88327	-2.8689086	473849.0	29118
41.2358	2.8689086	473849.0	29118
73.676834	-2.8689086	473849.0	29118
38.892628	-2.8689086	473849.0	29118
51.847706	2.8689086	473849.0	29118
63.022503	2.8689086	473849.0	29118
112.71293	2.8689086	473849.0	29118
51.389835	2.8689086	473849.0	29118
80.84339	2.8689086	473849.0	29118
163.19144	2.8689086	473849.0	29118
58.739613	2.8689086	473849.0	29118
136.01164	-2.8689086	473849.0	29118
51.93651	-2.8689086	473849.0	29118
83.97892	2.8689086	473849.0	29118
78.01716	-2.8689086	473849.0	29118
114.125206	2.8689086	473849.0	29118
89.21763	2.8689086	473849.0	29118
46.862648	2.8689086	473849.0	29118
104.483765	2.8689086	473849.0	29118
100.14014	2.8689086	473849.0	29118
37.06354	-2.8689086	473849.0	29118
43.09943	2.8689086	473849.0	29118
92.56674	-2.8689086	473849.0	29118
117.65948	-2.8689086	473849.0	29118
40.530983	2.8689086	473849.0	29118
46.702187	-2.8689086	473849.0	29118
56.97836	2.8689086	473849.0	29118
60.793125	2.8689086	473849.0	29118
112.888596	-2.8689086	473849.0	29118
172.90448	-2.8689086	473849.0	29118
144.14975	-2.8689086	473849.0	29118
60.20157	-2.8689086	473849.0	29118
95.05991	2.8689086	473849.0	29118
74.81523	2.8689086	473849.0	29118
93.98799	2.8689086	473849.0	29118
75.63405	-2.8689086	473849.0	29118
35.713444	-2.8689086	473849.0	29118
83.74233	2.8689086	473849.0	29118
55.08799	2.8689086	473849.0	29118
96.42231	2.8689086	473849.0	29118
49.276855	-2.8689086	473849.0	29118
55.70388	2.8689086	473849.0	29118
42.76486	2.8689086	473849.0	29118
124.12059	2.8689086	473849.0	29118
176.41599	2.8689086	473849.0	29118
75.16476	2.8689086	473849.0	29118
59.21693	2.8689086	473849.0	29118
84.82159	2.8689086	473849.0	29118
34.681675	-2.8689086	473849.0	29118
50.783478	-2.8689086	473849.0	29118
111.302	2.8689086	473849.0	29118
45.823326	2.8689086	473849.0	29118
98.50187	2.8689086	473849.0	29118
70.39894	2.8689086	473849.0	29118
79.15432	2.8689086	473849.0	29118
58.90436	-2.8689086	473849.0	29118
170.94278	2.8689086	473849.0	29118
72.889435	-2.8689086	473849.0	29118
41.236202	-2.8689086	473849.0	29118
36.21023	2.8689086	473849.0	29118
95.05019	2.8689086	473849.0	29118
67.48204	-2.8689086	473849.0	29118
45.050377	2.8689086	473849.0	29118
53.2861	2.8689086	473849.0	29118
51.81968	2.8689086	473849.0	29118
157.05682	2.8689086	473849.0	29118
129.31699	-2.8689086	473849.0	29118
121.05258	-2.8689086	473849.0	29118
57.781746	-2.8689086	473849.0	29118
33.0987	2.8689086	473849.0	29118
96.26274	2.8689086	473849.0	29118
70.30548	2.8689086	473849.0	29118
100.74011	2.8689086	473849.0	29118
149.79695	2.8689086	473849.0	29118
72.54069	2.8689086	473849.0	29118
164.5459	2.8689086	473849.0	29118
55.31734	2.8689086	473849.0	29118
89.13392	2.8689086	473849.0	29118
113.35003	2.8689086	473849.0	29118
48.751995	-2.8689086	473849.0	29118
94.25733	2.8689086	473849.0	29118
48.48715	-2.8689086	473849.0	29118
302.85458	2.8689086	473849.0	29118
107.71662	-2.8689086	473849.0	29118
67.653824	2.8689086	473849.0	29118
95.681274	2.8689086	473849.0	29118
61.164253	-2.8689086	473849.0	29118
90.00688	2.8689086	473849.0	29118
150.16176	-2.8689086	473849.0	29118
27.443935	2.8689086	473849.0	29118
51.134464	2.8689086	473849.0	29118
120.08283	2.8689086	473849.0	29118
47.30316	2.8689086	473849.0	29118
151.34409	2.8689086	473849.0	29118
53.881813	2.8689086	473849.0	29118
73.81887	2.8689086	473849.0	29118
54.666588	2.8689086	473849.0	29118
83.55272	2.8689086	473849.0	29118
60.448936	2.8689086	473849.0	29118
90.84005	2.8689086	473849.0	29118
53.86075	-2.8689086	473849.0	29118
123.07559	2.8689086	473849.0	29118
53.189827	2.8689086	473849.0	29118
103.75572	-2.8689086	473849.0	29118
48.455727	-2.8689086	473849.0	29118
85.67968	-2.8689086	473849.0	29118
157.66989	2.8689086	473849.0	29118
78.6019	-2.8689086	473849.0	29118
54.88418	-2.8689086	473849.0	29118
72.84565	-2.8689086	473849.0	29118
76.17785	-2.8689086	473849.0	29118
53.62197	-2.8689086	473849.0	29118
121.56822	-2.8689086	473849.0	29118
54.824883	-2.8689086	473849.0	29118
85.58854	2.8689086	473849.0	29118
87.92427	-2.8689086	473849.0	29118
151.44897	2.8689086	473849.0	29118
61.39675	2.8689086	473849.0	29118
110.73344	2.8689086	473849.0	29118
61.787277	2.8689086	473849.0	29118
83.46696	2.8689086	473849.0	29118
49.342182	-2.8689086	473849.0	29118
150.01656	2.8689086	473849.0	29118
88.1968	-2.8689086	473849.0	29118
50.522285	2.8689086	473849.0	29118
49.596664	2.8689086	473849.0	29118
88.15286	2.8689086	473849.0	29118
70.44519	2.8689086	473849.0	29118
99.80776	-2.8689086	473849.0	29118
62.2707	2.8689086	473849.0	29118
84.70716	2.8689086	473849.0	29118
40.108994	2.8689086	473849.0	29118
91.82626	2.8689086	473849.0	29118
27.747835	-2.8689086	473849.0	29118
57.39972	-2.8689086	473849.0	29118
64.1583	2.8689086	473849.0	29118
140.66379	2.8689086	473849.0	29118
49.922108	-2.8689086	473849.0	29118
103.585945	2.8689086	473849.0	29118
52.96625	2.8689086	473849.0	29118
66.72578	2.8689086	473849.0	29118
47.429554	-2.8689086	473849.0	29118
78.732956	2.8689086	473849.0	29118
91.8512	2.8689086	473849.0	29118
187.8717	2.8689086	473849.0	29118
65.61566	2.8689086	473849.0	29118
128.6382	2.8689086	473849.0	29118
79.09028	2.8689086	473849.0	29118
125.45705	2.8689086	473849.0	29118
68.72214	2.8689086	473849.0	29118
69.81912	2.8689086	473849.0	29118
50.727604	2.8689086	473849.0	29118
47.917183	2.8689086	473849.0	29118
86.86028	2.8689086	473849.0	29118
59.778316	2.8689086	473849.0	29118
77.157845	2.8689086	473849.0	29118
58.838238	2.8689086	473849.0	29118
82.65719	2.8689086	473849.0	29118
134.85283	2.8689086	473849.0	29118
51.378292	-2.8689086	473849.0	29118
63.79312	-2.8689086	473849.0	29118
42.594894	2.8689086	473849.0	29118
90.8425	2.8689086	473849.0	29118
63.492115	2.8689086	473849.0	29118
86.3871	-2.8689086	473849.0	29118
118.25407	-2.8689086	473849.0	29118
102.25469	2.8689086	473849.0	29118
65.455826	2.8689086	473849.0	29118
96.85134	2.8689086	473849.0	29118
47.78249	2.8689086	473849.0	29118
87.48532	2.8689086	473849.0	29118
60.667316	2.8689086	473849.0	29118
91.41127	2.8689086	473849.0	29118
171.952	-2.8689086	473849.0	29118
22.586456	2.8689086	473849.0	29118
32.961136	-2.8689086	473849.0	29118
33.16472	2.8689086	473849.0	29118
152.92064	2.8689086	473849.0	29118
48.425823	2.8689086	473849.0	29118
143.1989	2.8689086	473849.0	29118
62.605427	-2.8689086	473849.0	29118
53.41924	2.8689086	473849.0	29118
140.8168	2.8689086	473849.0	29118
79.799416	-2.8689086	473849.0	29118
28.90736	2.8689086	473849.0	29118
102.42722	2.8689086	473849.0	29118
134.00342	2.8689086	473849.0	29118
78.60138	-2.8689086	473849.0	29118
76.08222	-2.8689086	473849.0	29118
129.62085	-2.8689086	473849.0	29118
51.45669	-2.8689086	473849.0	29118
64.2105	-2.8689086	473849.0	29118
74.1059	-2.8689086	473849.0	29118
64.77022	2.8689086	473849.0	29118
74.42861	-2.8689086	473849.0	29118
77.8279	2.8689086	473849.0	29118
92.289246	2.8689086	473849.0	29118
46.453922	2.8689086	473849.0	29118
129.88454	2.8689086	473849.0	29118
81.660446	2.8689086	473849.0	29118
38.270733	2.8689086	473849.0	29118
63.92173	2.8689086	473849.0	29118
36.580822	2.8689086	473849.0	29118
57.513313	-2.8689086	473849.0	29118
67.571205	2.8689086	473849.0	29118
96.94532	-2.8689086	473849.0	29118
68.28113	-2.8689086	473849.0	29118
81.19452	-2.8689086	473849.0	29118
51.665405	2.8689086	473849.0	29118
64.72977	-2.8689086	473849.0	29118
109.952965	2.8689086	473849.0	29118
69.73206	2.8689086	473849.0	29118
66.82907	2.8689086	473849.0	29118
99.94324	-2.8689086	473849.0	29118
53.46671	2.8689086	473849.0	29118
46.24505	-2.8689086	473849.0	29118
90.84316	-2.8689086	473849.0	29118
53.11853	-2.8689086	473849.0	29118
77.581924	2.8689086	473849.0	29118
67.569214	-2.8689086	473849.0	29118
101.53031	-2.8689086	473849.0	29118
135.24966	-2.8689086	473849.0	29118
32.16813	-2.8689086	473849.0	29118
91.8217	-2.8689086	473849.0	29118
161.04811	2.8689086	473849.0	29118
60.379265	-2.8689086	473849.0	29118
63.99409	2.8689086	473849.0	29118
57.517628	2.8689086	473849.0	29118
32.19619	2.8689086	473849.0	29118
137.84613	-2.8689086	473849.0	29118
39.31406	2.8689086	473849.0	29118
52.369343	2.8689086	473849.0	29118
44.44091	2.8689086	473849.0	29118
44.120457	-2.8689086	473849.0	29118
53.775917	-2.8689086	473849.0	29118
36.07636	-2.8689086	473849.0	29118
29.010485	2.8689086	473849.0	29118
76.03455	2.8689086	473849.0	29118
80.71231	2.8689086	473849.0	29118
85.57271	2.8689086	473849.0	29118
156.05054	2.8689086	473849.0	29118
79.99651	2.8689086	473849.0	29118
67.26358	-2.8689086	473849.0	29118
138.60043	2.8689086	473849.0	29118
50.877098	2.8689086	473849.0	29118
81.35622	2.8689086	473849.0	29118
96.166565	2.8689086	473849.0	29118
50.55861	2.8689086	473849.0	29118
70.49854	2.8689086	473849.0	29118
50.087543	2.8689086	473849.0	29118
107.92719	2.8689086	473849.0	29118
45.016808	2.8689086	473849.0	29118
58.653057	-2.8689086	473849.0	29118
67.02484	2.8689086	473849.0	29118
58.79479	-2.8689086	473849.0	29118
29.466911	2.8689086	473849.0	29118
101.603714	2.8689086	473849.0	29118
53.284866	2.8689086	473849.0	29118
70.60975	-2.8689086	473849.0	29118
74.837715	2.8689086	473849.0	29118
65.79318	2.8689086	473849.0	29118
65.15276	2.8689086	473849.0	29118
73.622	2.8689086	473849.0	29118
82.13278	-2.8689086	473849.0	29118
35.288467	2.8689086	473849.0	29118
80.42319	2.8689086	473849.0	29118
69.18284	2.8689086	473849.0	29118
51.469425	2.8689086	473849.0	29118
91.14679	2.8689086	473849.0	29118
83.960884	2.8689086	473849.0	29118
22.20001	-2.8689086	473849.0	29118
83.0928	-2.8689086	473849.0	29118
118.02301	-2.8689086	473849.0	29118
50.636387	2.8689086	473849.0	29118
57.897717	2.8689086	473849.0	29118
116.06682	2.8689086	473849.0	29118
66.108696	2.8689086	473849.0	29118
57.214157	2.8689086	473849.0	29118
154.84746	2.8689086	473849.0	29118
72.56612	2.8689086	473849.0	29118
47.868145	-2.8689086	473849.0	29118
59.830112	-2.8689086	473849.0	29118
60.08591	2.8689086	473849.0	29118
76.83658	2.8689086	473849.0	29118
74.06285	2.8689086	473849.0	29118
48.51763	-2.8689086	473849.0	29118
145.87743	2.8689086	473849.0	29118
71.20421	2.8689086	473849.0	29118
39.962692	2.8689086	473849.0	29118
161.48956	2.8689086	473849.0	29118
84.14956	2.8689086	473849.0	29118
88.31825	2.8689086	473849.0	29118
52.158604	2.8689086	473849.0	29118
102.705795	2.8689086	473849.0	29118
60.766155	2.8689086	473849.0	29118
28.467836	2.8689086	473849.0	29118
58.76613	2.8689086	473849.0	29118
75.6034	2.8689086	473849.0	29118
53.34321	-2.8689086	473849.0	29118
48.590946	2.8689086	473849.0	29118
129.60048	2.8689086	473849.0	29118
44.836266	-2.8689086	473849.0	29118
51.333893	2.8689086	473849.0	29118
58.80462	2.8689086	473849.0	29118
68.886215	2.8689086	473849.0	29118
96.576035	2.8689086	473849.0	29118
105.106384	-2.8689086	473849.0	29118
69.392456	2.8689086	473849.0	29118
64.40919	2.8689086	473849.0	29118
100.05348	-2.8689086	473849.0	29118
40.370598	-2.8689086	473849.0	29118
78.164894	2.8689086	473849.0	29118
81.6837	2.8689086	473849.0	29118
191.33629	2.8689086	473849.0	29118
69.17509	2.8689086	473849.0	29118
68.806244	2.8689086	473849.0	29118
60.37637	2.8689086	473849.0	29118
78.23487	2.8689086	473849.0	29118
55.78134	2.8689086	473849.0	29118
119.006584	-2.8689086	473849.0	29118
117.06508	2.8689086	473849.0	29118
59.338017	-2.8689086	473849.0	29118
104.01039	-2.8689086	473849.0	29118
85.03128	2.8689086	473849.0	29118
45.602493	2.8689086	473849.0	29118
40.849052	2.8689086	473849.0	29118
51.094276	2.8689086	473849.0	29118
50.890118	2.8689086	473849.0	29118
56.187286	-2.8689086	473849.0	29118
68.220924	2.8689086	473849.0	29118
105.133545	2.8689086	473849.0	29118
69.411446	-2.8689086	473849.0	29118
69.931404	-2.8689086	473849.0	29118
111.984474	2.8689086	473849.0	29118
80.94818	-2.8689086	473849.0	29118
65.38206	-2.8689086	473849.0	29118
78.78719	2.8689086	473849.0	29118
56.28479	-2.8689086	473849.0	29118
38.478153	2.8689086	473849.0	29118
65.999596	-2.8689086	473849.0	29118
197.50761	-2.8689086	473849.0	29118
61.884098	-2.8689086	473849.0	29118
232.45659	2.8689086	473849.0	29118
53.013367	2.8689086	473849.0	29118
34.656727	2.8689086	473849.0	29118
57.30932	2.8689086	473849.0	29118
57.818195	2.8689086	473849.0	29118
60.810757	2.8689086	473849.0	29118
142.22089	2.8689086	473849.0	29118
55.467888	-2.8689086	473849.0	29118
58.726055	2.8689086	473849.0	29118
20.83929	2.8689086	473849.0	29118
47.73786	2.8689086	473849.0	29118
68.593956	2.8689086	473849.0	29118
49.662483	2.8689086	473849.0	29118
90.00246	2.8689086	473849.0	29118
99.50974	-2.8689086	473849.0	29118
62.82804	-2.8689086	473849.0	29118
50.083862	2.8689086	473849.0	29118
52.966564	2.8689086	473849.0	29118
55.867992	2.8689086	473849.0	29118
65.124245	-2.8689086	473849.0	29118
56.481907	2.8689086	473849.0	29118
76.10961	2.8689086	473849.0	29118
104.91884	-2.8689086	473849.0	29118
83.06893	2.8689086	473849.0	29118
58.69951	2.8689086	473849.0	29118
76.57561	2.8689086	473849.0	29118
65.23875	2.8689086	473849.0	29118
41.909714	-2.8689086	473849.0	29118
66.47322	2.8689086	473849.0	29118
56.54169	-2.8689086	473849.0	29118
55.391136	2.8689086	473849.0	29118
59.08055	2.8689086	473849.0	29118
102.893814	-2.8689086	473849.0	29118
58.8769	2.8689086	473849.0	29118
57.440372	2.8689086	473849.0	29118
100.80509	2.8689086	473849.0	29118
56.213654	2.8689086	473849.0	29118
88.86311	2.8689086	473849.0	29118
61.700195	2.8689086	473849.0	29118
47.109386	2.8689086	473849.0	29118
49.518074	-2.8689086	473849.0	29118
47.474663	-2.8689086	473849.0	29118
50.546017	2.8689086	473849.0	29118
132.20503	-2.8689086	473849.0	29118
56.410137	-2.8689086	473849.0	29118
78.93033	2.8689086	473849.0	29118
65.61034	-2.8689086	473849.0	29118
93.739586	2.8689086	473849.0	29118
83.527435	2.8689086	473849.0	29118
43.29673	2.8689086	473849.0	29118
125.52492	2.8689086	473849.0	29118
34.21885	2.8689086	473849.0	29118
46.81235	-2.8689086	473849.0	29118
83.14859	2.8689086	473849.0	29118
114.940865	-2.8689086	473849.0	29118
106.006386	2.8689086	473849.0	29118
48.396492	2.8689086	473849.0	29118
48.21362	-2.8689086	473849.0	29118
203.20738	2.8689086	473849.0	29118
85.805916	2.8689086	473849.0	29118
76.74554	2.8689086	473849.0	29118
84.67222	2.8689086	473849.0	29118
92.33135	-2.8689086	473849.0	29118
73.346115	2.8689086	473849.0	29118
67.38028	2.8689086	473849.0	29118
51.43439	2.8689086	473849.0	29118
172.29494	2.8689086	473849.0	29118
79.3528	2.8689086	473849.0	29118
46.60209	2.8689086	473849.0	29118
80.44307	2.8689086	473849.0	29118
135.27304	-2.8689086	473849.0	29118
42.290333	-2.8689086	473849.0	29118
51.421707	-2.8689086	473849.0	29118
58.690495	2.8689086	473849.0	29118
95.09797	-2.8689086	473849.0	29118
54.431248	-2.8689086	473849.0	29118
116.44348	-2.8689086	473849.0	29118
98.07091	2.8689086	473849.0	29118
149.18263	2.8689086	473849.0	29118
63.432125	-2.8689086	473849.0	29118
41.00711	2.8689086	473849.0	29118
110.862595	2.8689086	473849.0	29118
101.02251	2.8689086	473849.0	29118
86.87414	2.8689086	473849.0	29118
82.30965	2.8689086	473849.0	29118
90.7299	2.8689086	473849.0	29118
43.999928	2.8689086	473849.0	29118
72.725365	-2.8689086	473849.0	29118
76.78597	2.8689086	473849.0	29118
109.98991	-2.8689086	473849.0	29118
59.069824	2.8689086	473849.0	29118
57.306374	2.8689086	473849.0	29118
112.98863	2.8689086	473849.0	29118
47.315197	2.8689086	473849.0	29118
156.47711	-2.8689086	473849.0	29118
82.78341	2.8689086	473849.0	29118
56.120865	2.8689086	473849.0	29118
47.872353	2.8689086	473849.0	29118
159.32115	2.8689086	473849.0	29118
64.125	2.8689086	473849.0	29118
67.12347	-2.8689086	473849.0	29118
89.09574	-2.8689086	473849.0	29118
46.334282	2.8689086	473849.0	29118
111.1073	2.8689086	473849.0	29118
64.535904	-2.8689086	473849.0	29118
93.77603	-2.8689086	473849.0	29118
77.93154	-2.8689086	473849.0	29118
104.693756	2.8689086	473849.0	29118
57.91447	-2.8689086	473849.0	29118
122.4507	2.8689086	473849.0	29118
78.57664	-2.8689086	473849.0	29118
77.642914	-2.8689086	473849.0	29118
95.77883	2.8689086	473849.0	29118
99.95866	-2.8689086	473849.0	29118
111.739204	-2.8689086	473849.0	29118
95.126884	-2.8689086	473849.0	29118
89.58487	2.8689086	473849.0	29118
51.314568	2.8689086	473849.0	29118
54.081696	2.8689086	473849.0	29118
123.93446	2.8689086	473849.0	29118
53.59032	2.8689086	473849.0	29118
131.49358	2.8689086	473849.0	29118
71.666626	-2.8689086	473849.0	29118
74.834984	-2.8689086	473849.0	29118
54.51888	2.8689086	473849.0	29118
51.77863	-2.8689086	473849.0	29118
116.82291	-2.8689086	473849.0	29118
104.36466	-2.8689086	473849.0	29118
91.776764	2.8689086	473849.0	29118
49.778374	2.8689086	473849.0	29118
73.736305	2.8689086	473849.0	29118
100.83714	-2.8689086	473849.0	29118
63.96478	2.8689086	473849.0	29118
73.81234	-2.8689086	473849.0	29118
100.88806	2.8689086	473849.0	29118
115.27779	2.8689086	473849.0	29118
50.169785	2.8689086	473849.0	29118
72.21903	-2.8689086	473849.0	29118
53.273052	-2.8689086	473849.0	29118
67.82108	-2.8689086	473849.0	29118
110.61864	2.8689086	473849.0	29118
62.249435	2.8689086	473849.0	29118
115.89051	2.8689086	473849.0	29118
58.417316	2.8689086	473849.0	29118
88.038704	-2.8689086	473849.0	29118
54.440754	2.8689086	473849.0	29118
53.48667	2.8689086	473849.0	29118
109.73443	-2.8689086	473849.0	29118
110.09727	2.8689086	473849.0	29118
72.48483	2.8689086	473849.0	29118
82.39543	2.8689086	473849.0	29118
197.51233	2.8689086	473849.0	29118
129.26862	-2.8689086	473849.0	29118
77.14486	2.8689086	473849.0	29118
45.1437	2.8689086	473849.0	29118
61.25057	2.8689086	473849.0	29118
150.71068	-2.8689086	473849.0	29118
143.53117	2.8689086	473849.0	29118
51.87448	2.8689086	473849.0	29118
88.75289	2.8689086	473849.0	29118
205.52214	2.8689086	473849.0	29118
72.34933	2.8689086	473849.0	29118
72.83299	2.8689086	473849.0	29118
93.55204	2.8689086	473849.0	29118
86.10732	-2.8689086	473849.0	29118
75.328865	2.8689086	473849.0	29118
52.846928	2.8689086	473849.0	29118
66.03521	-2.8689086	473849.0	29118
72.827835	2.8689086	473849.0	29118
104.09244	2.8689086	473849.0	29118
41.62962	2.8689086	473849.0	29118
94.18569	-2.8689086	473849.0	29118
72.503395	2.8689086	473849.0	29118
66.93291	-2.8689086	473849.0	29118
48.68071	2.8689086	473849.0	29118
100.47467	2.8689086	473849.0	29118
35.5558	2.8689086	473849.0	29118
52.265648	-2.8689086	473849.0	29118
51.06054	-2.8689086	473849.0	29118
93.49765	-2.8689086	473849.0	29118
79.04365	2.8689086	473849.0	29118
92.71655	-2.8689086	473849.0	29118
109.046616	2.8689086	473849.0	29118
19.202341	-2.8689086	473849.0	29118
77.06331	-2.8689086	473849.0	29118
126.117455	2.8689086	473849.0	29118
60.43107	-2.8689086	473849.0	29118
55.416996	2.8689086	473849.0	29118
84.940094	2.8689086	473849.0	29118
48.002472	2.8689086	473849.0	29118
30.396673	-2.8689086	473849.0	29118
32.841007	-2.8689086	473849.0	29118
63.25269	2.8689086	473849.0	29118
54.430916	2.8689086	473849.0	29118
103.18896	2.8689086	473849.0	29118
66.43034	2.8689086	473849.0	29118
66.89115	-2.8689086	473849.0	29118
108.27428	2.8689086	473849.0	29118
50.06358	-2.8689086	473849.0	29118
62.35703	2.8689086	473849.0	29118
71.37436	2.8689086	473849.0	29118
175.70251	-2.8689086	473849.0	29118
48.703342	2.8689086	473849.0	29118
60.855633	2.8689086	473849.0	29118
54.898956	2.8689086	473849.0	29118
68.68805	2.8689086	473849.0	29118
63.010616	-2.8689086	473849.0	29118
97.85445	2.8689086	473849.0	29118
176.16862	-2.8689086	473849.0	29118
70.50586	-2.8689086	473849.0	29118
76.644104	2.8689086	473849.0	29118
54.824627	-2.8689086	473849.0	29118
49.18887	-2.8689086	473849.0	29118
52.114147	2.8689086	473849.0	29118
100.62742	2.8689086	473849.0	29118
48.16252	-2.8689086	473849.0	29118
47.860535	-2.8689086	473849.0	29118
78.68345	2.8689086	473849.0	29118
67.17093	-2.8689086	473849.0	29118
120.73084	2.8689086	473849.0	29118
49.113426	2.8689086	473849.0	29118
35.957634	2.8689086	473849.0	29118
119.067696	2.8689086	473849.0	29118
48.098606	2.8689086	473849.0	29118
91.000885	2.8689086	473849.0	29118
62.40261	2.8689086	473849.0	29118
33.052063	2.8689086	473849.0	29118
93.98786	2.8689086	473849.0	29118
64.15832	-2.8689086	473849.0	29118
35.151936	2.8689086	473849.0	29118
33.38767	2.8689086	473849.0	29118
88.733284	2.8689086	473849.0	29118
211.7319	2.8689086	473849.0	29118
33.55518	2.8689086	473849.0	29118
59.87217	2.8689086	473849.0	29118
101.983154	2.8689086	473849.0	29118
59.78551	2.8689086	473849.0	29118
91.33926	2.8689086	473849.0	29118
146.52838	-2.8689086	473849.0	29118
126.89597	2.8689086	473849.0	29118
34.932938	2.8689086	473849.0	29118
90.98094	-2.8689086	473849.0	29118
133.89088	-2.8689086	473849.0	29118
58.182716	2.8689086	473849.0	29118
95.58439	-2.8689086	473849.0	29118
53.54913	-2.8689086	473849.0	29118
105.12164	2.8689086	473849.0	29118
35.512394	2.8689086	473849.0	29118
79.257904	2.8689086	473849.0	29118
28.264336	-2.8689086	473849.0	29118
42.992466	2.8689086	473849.0	29118
27.508167	2.8689086	473849.0	29118
56.7276	-2.8689086	473849.0	29118
62.232872	-2.8689086	473849.0	29118
86.30554	2.8689086	473849.0	29118
70.52959	2.8689086	473849.0	29118
44.919647	-2.8689086	473849.0	29118
141.7627	2.8689086	473849.0	29118
90.01214	-2.8689086	473849.0	29118
59.51321	-2.8689086	473849.0	29118
49.74586	2.8689086	473849.0	29118
46.389706	2.8689086	473849.0	29118
59.339333	-2.8689086	473849.0	29118
46.155296	2.8689086	473849.0	29118
87.42551	2.8689086	473849.0	29118
71.54487	2.8689086	473849.0	29118
48.167885	2.8689086	473849.0	29118
158.40135	2.8689086	473849.0	29118
48.602325	-2.8689086	473849.0	29118
52.573505	2.8689086	473849.0	29118
50.365856	2.8689086	473849.0	29118
127.27925	2.8689086	473849.0	29118
30.304522	2.8689086	473849.0	29118
84.2207	-2.8689086	473849.0	29118
138.39648	2.8689086	473849.0	29118
79.17261	-2.8689086	473849.0	29118
51.364555	2.8689086	473849.0	29118
24.702154	2.8689086	473849.0	29118
57.341385	2.8689086	473849.0	29118
68.08791	2.8689086	473849.0	29118
54.039066	2.8689086	473849.0	29118
69.25583	2.8689086	473849.0	29118
44.1676	2.8689086	473849.0	29118
59.654446	-2.8689086	473849.0	29118
40.279385	2.8689086	473849.0	29118
318.4712	2.8689086	473849.0	29118
64.36962	2.8689086	473849.0	29118
79.91739	2.8689086	473849.0	29118
51.924793	-2.8689086	473849.0	29118
33.95882	2.8689086	473849.0	29118
36.40843	2.8689086	473849.0	29118
47.95282	2.8689086	473849.0	29118
76.39711	2.8689086	473849.0	29118
43.63191	2.8689086	473849.0	29118
61.344727	2.8689086	473849.0	29118
37.001347	2.8689086	473849.0	29118
76.99123	2.8689086	473849.0	29118
120.380775	2.8689086	473849.0	29118
53.286983	-2.8689086	473849.0	29118
83.62491	2.8689086	473849.0	29118
49.805508	2.8689086	473849.0	29118
54.053883	2.8689086	473849.0	29118
97.89037	-2.8689086	473849.0	29118
119.14195	2.8689086	473849.0	29118
84.30384	-2.8689086	473849.0	29118
67.17998	2.8689086	473849.0	29118
90.110054	2.8689086	473849.0	29118
90.7616	-2.8689086	473849.0	29118
56.560184	2.8689086	473849.0	29118
103.0143	2.8689086	473849.0	29118
73.41388	2.8689086	473849.0	29118
119.81659	2.8689086	473849.0	29118
68.43822	-2.8689086	473849.0	29118
95.14977	2.8689086	473849.0	29118
83.11645	-2.8689086	473849.0	29118
35.02784	-2.8689086	473849.0	29118
136.14162	2.8689086	473849.0	29118
60.631992	2.8689086	473849.0	29118
133.62968	2.8689086	473849.0	29118
45.829212	-2.8689086	473849.0	29118
46.08908	-2.8689086	473849.0	29118
74.58836	2.8689086	473849.0	29118
128.7373	2.8689086	473849.0	29118
61.77057	-2.8689086	473849.0	29118
116.17173	2.8689086	473849.0	29118
59.20229	2.8689086	473849.0	29118
91.187004	2.8689086	473849.0	29118
45.527454	-2.8689086	473849.0	29118
57.685524	-2.8689086	473849.0	29118
44.58728	-2.8689086	473849.0	29118
55.551712	-2.8689086	473849.0	29118
106.24465	2.8689086	473849.0	29118
60.209587	2.8689086	473849.0	29118
55.135456	-2.8689086	473849.0	29118
94.6798	-2.8689086	473849.0	29118
53.911427	2.8689086	473849.0	29118
64.63717	-2.8689086	473849.0	29118
53.92826	-2.8689086	473849.0	29118
56.932068	-2.8689086	473849.0	29118
75.060974	-2.8689086	473849.0	29118
61.031002	2.8689086	473849.0	29118
62.31081	-2.8689086	473849.0	29118
99.58207	-2.8689086	473849.0	29118
84.10278	-2.8689086	473849.0	29118
65.67981	2.8689086	473849.0	29118
57.39964	-2.8689086	473849.0	29118
46.419743	2.8689086	473849.0	29118
42.523888	2.8689086	473849.0	29118
84.80275	2.8689086	473849.0	29118
85.407135	-2.8689086	473849.0	29118
54.363823	2.8689086	473849.0	29118
49.486317	-2.8689086	473849.0	29118
71.887314	2.8689086	473849.0	29118
89.50421	2.8689086	473849.0	29118
42.203156	2.8689086	473849.0	29118
120.34739	2.8689086	473849.0	29118
100.995476	-2.8689086	473849.0	29118
94.38143	-2.8689086	473849.0	29118
120.59108	2.8689086	473849.0	29118
72.86808	2.8689086	473849.0	29118
58.169476	2.8689086	473849.0	29118
47.521782	2.8689086	473849.0	29118
142.21353	2.8689086	473849.0	29118
108.636856	2.8689086	473849.0	29118
79.590004	2.8689086	473849.0	29118
94.416504	2.8689086	473849.0	29118
110.687675	2.8689086	473849.0	29118
41.654182	-2.8689086	473849.0	29118
86.57897	2.8689086	473849.0	29118
61.017624	-2.8689086	473849.0	29118
59.786182	-2.8689086	473849.0	29118
69.600685	2.8689086	473849.0	29118
57.433235	-2.8689086	473849.0	29118
72.35325	2.8689086	473849.0	29118
36.157196	2.8689086	473849.0	29118
114.25802	-2.8689086	473849.0	29118
61.182735	2.8689086	473849.0	29118
62.231064	2.8689086	473849.0	29118
85.054726	2.8689086	473849.0	29118
107.02597	2.8689086	473849.0	29118
65.09419	2.8689086	473849.0	29118
104.39372	-2.8689086	473849.0	29118
60.247272	2.8689086	473849.0	29118
92.52014	2.8689086	473849.0	29118
88.487045	2.8689086	473849.0	29118
119.965675	-2.8689086	473849.0	29118
62.031807	2.8689086	473849.0	29118
60.261616	2.8689086	473849.0	29118
67.051285	-2.8689086	473849.0	29118
58.68467	-2.8689086	473849.0	29118
97.897995	2.8689086	473849.0	29118
48.0204	2.8689086	473849.0	29118
52.099236	2.8689086	473849.0	29118
69.26895	2.8689086	473849.0	29118
30.377613	2.8689086	473849.0	29118
64.26129	2.8689086	473849.0	29118
72.42833	2.8689086	473849.0	29118
68.54842	2.8689086	473849.0	29118
68.10391	2.8689086	473849.0	29118
172.62091	2.8689086	473849.0	29118
54.19575	-2.8689086	473849.0	29118
46.8568	2.8689086	473849.0	29118
57.703876	2.8689086	473849.0	29118
114.98003	2.8689086	473849.0	29118
55.591457	2.8689086	473849.0	29118
69.69908	2.8689086	473849.0	29118
109.864136	2.8689086	473849.0	29118
67.31781	-2.8689086	473849.0	29118
172.52177	2.8689086	473849.0	29118
101.65417	2.8689086	473849.0	29118
63.552002	2.8689086	473849.0	29118
65.63926	2.8689086	473849.0	29118
45.285736	-2.8689086	473849.0	29118
45.87168	-2.8689086	473849.0	29118
39.62131	2.8689086	473849.0	29118
102.42638	-2.8689086	473849.0	29118
69.89869	2.8689086	473849.0	29118
47.916836	2.8689086	473849.0	29118
42.078102	-2.8689086	473849.0	29118
41.49068	-2.8689086	473849.0	29118
68.33049	2.8689086	473849.0	29118
92.50046	2.8689086	473849.0	29118
50.218414	2.8689086	473849.0	29118
138.94234	2.8689086	473849.0	29118
61.30517	-2.8689086	473849.0	29118
76.51365	2.8689086	473849.0	29118
152.35876	2.8689086	473849.0	29118
68.78831	2.8689086	473849.0	29118
169.67792	-2.8689086	473849.0	29118
85.86979	2.8689086	473849.0	29118
74.194786	2.8689086	473849.0	29118
49.399826	-2.8689086	473849.0	29118
66.603874	2.8689086	473849.0	29118
279.7761	2.8689086	473849.0	29118
41.200306	2.8689086	473849.0	29118
108.068794	-2.8689086	473849.0	29118
51.932697	2.8689086	473849.0	29118
70.364685	-2.8689086	473849.0	29118
56.127712	2.8689086	473849.0	29118
55.465298	2.8689086	473849.0	29118
57.389008	2.8689086	473849.0	29118
98.002205	2.8689086	473849.0	29118
98.88134	2.8689086	473849.0	29118
85.07105	-2.8689086	473849.0	29118
46.120785	-2.8689086	473849.0	29118
137.57776	-2.8689086	473849.0	29118
54.91652	-2.8689086	473849.0	29118
96.79682	2.8689086	473849.0	29118
81.339264	2.8689086	473849.0	29118
51.18611	2.8689086	473849.0	29118
88.99004	2.8689086	473849.0	29118
77.60855	2.8689086	473849.0	29118
85.063446	2.8689086	473849.0	29118
73.20837	2.8689086	473849.0	29118
85.02376	2.8689086	473849.0	29118
105.88013	2.8689086	473849.0	29118
89.204704	-2.8689086	473849.0	29118
69.407	2.8689086	473849.0	29118
93.629234	2.8689086	473849.0	29118
102.54869	2.8689086	473849.0	29118
21.598318	2.8689086	473849.0	29118
64.9184	2.8689086	473849.0	29118
65.96214	2.8689086	473849.0	29118
94.367905	2.8689086	473849.0	29118
166.49013	2.8689086	473849.0	29118
130.93155	2.8689086	473849.0	29118
59.885937	-2.8689086	473849.0	29118
46.557583	2.8689086	473849.0	29118
85.15524	-2.8689086	473849.0	29118
134.76794	2.8689086	473849.0	29118
94.530464	-2.8689086	473849.0	29118
41.742893	2.8689086	473849.0	29118
80.12369	2.8689086	473849.0	29118
121.56827	2.8689086	473849.0	29118
50.67103	2.8689086	473849.0	29118
38.54185	2.8689086	473849.0	29118
61.643932	-2.8689086	473849.0	29118
95.43139	2.8689086	473849.0	29118
48.365078	-2.8689086	473849.0	29118
74.00285	-2.8689086	473849.0	29118
50.29513	2.8689086	473849.0	29118
44.880936	2.8689086	473849.0	29118
70.49693	2.8689086	473849.0	29118
56.947044	2.8689086	473849.0	29118
64.716705	-2.8689086	473849.0	29118
75.4308	2.8689086	473849.0	29118
159.36836	2.8689086	473849.0	29118
97.17398	2.8689086	473849.0	29118
97.14932	2.8689086	473849.0	29118
75.813354	-2.8689086	473849.0	29118
65.65595	2.8689086	473849.0	29118
64.93169	2.8689086	473849.0	29118
77.196754	-2.8689086	473849.0	29118
26.702543	2.8689086	473849.0	29118
110.320015	-2.8689086	473849.0	29118
121.25604	2.8689086	473849.0	29118
76.9968	2.8689086	473849.0	29118
277.00482	2.8689086	473849.0	29118
36.960136	2.8689086	473849.0	29118
52.870937	2.8689086	473849.0	29118
51.45688	-2.8689086	473849.0	29118
56.37963	2.8689086	473849.0	29118
50.921055	2.8689086	473849.0	29118
140.49008	2.8689086	473849.0	29118
70.30445	-2.8689086	473849.0	29118
242.52878	2.8689086	473849.0	29118
43.621346	2.8689086	473849.0	29118
75.814064	2.8689086	473849.0	29118
79.67005	2.8689086	473849.0	29118
44.432728	2.8689086	473849.0	29118
76.88122	-2.8689086	473849.0	29118
84.822334	2.8689086	473849.0	29118
71.01136	2.8689086	473849.0	29118
120.843124	-2.8689086	473849.0	29118
75.85836	2.8689086	473849.0	29118
65.23991	2.8689086	473849.0	29118
45.403557	2.8689086	473849.0	29118
57.143837	-2.8689086	473849.0	29118
205.93024	2.8689086	473849.0	29118
114.271614	2.8689086	473849.0	29118
70.43228	2.8689086	473849.0	29118
96.94902	2.8689086	473849.0	29118
64.059654	2.8689086	473849.0	29118
196.72734	2.8689086	473849.0	29118
45.48206	2.8689086	473849.0	29118
262.4907	2.8689086	473849.0	29118
57.435043	2.8689086	473849.0	29118
128.83308	2.8689086	473849.0	29118
52.53785	2.8689086	473849.0	29118
117.99394	-2.8689086	473849.0	29118
59.933727	-2.8689086	473849.0	29118
90.704704	2.8689086	473849.0	29118
53.21087	2.8689086	473849.0	29118
160.58672	-2.8689086	473849.0	29118
52.628334	2.8689086	473849.0	29118
90.69662	-2.8689086	473849.0	29118
57.437042	2.8689086	473849.0	29118
122.8802	-2.8689086	473849.0	29118
132.98517	-2.8689086	473849.0	29118
70.02849	2.8689086	473849.0	29118
109.498604	2.8689086	473849.0	29118
65.31235	-2.8689086	473849.0	29118
27.646944	2.8689086	473849.0	29118
36.69627	2.8689086	473849.0	29118
140.54631	-2.8689086	473849.0	29118
31.832882	2.8689086	473849.0	29118
103.177765	2.8689086	473849.0	29118
68.528275	2.8689086	473849.0	29118
62.990726	2.8689086	473849.0	29118
37.58994	2.8689086	473849.0	29118
97.90515	2.8689086	473849.0	29118
59.78584	-2.8689086	473849.0	29118
63.817806	-2.8689086	473849.0	29118
90.09054	2.8689086	473849.0	29118
96.77372	2.8689086	473849.0	29118
117.54417	-2.8689086	473849.0	29118
66.249275	-2.8689086	473849.0	29118
50.096073	2.8689086	473849.0	29118
97.48038	2.8689086	473849.0	29118
36.43379	-2.8689086	473849.0	29118
85.88868	-2.8689086	473849.0	29118
63.108864	-2.8689086	473849.0	29118
59.9271	2.8689086	473849.0	29118
47.363575	2.8689086	473849.0	29118
31.595783	-2.8689086	473849.0	29118
70.363945	2.8689086	473849.0	29118
80.06808	-2.8689086	473849.0	29118
164.14575	-2.8689086	473849.0	29118
37.288177	2.8689086	473849.0	29118
82.62161	2.8689086	473849.0	29118
71.09005	-2.8689086	473849.0	29118
109.76161	-2.8689086	473849.0	29118
80.006195	2.8689086	473849.0	29118
87.985756	2.8689086	473849.0	29118
64.928024	-2.8689086	473849.0	29118
60.66987	-2.8689086	473849.0	29118
64.35122	-2.8689086	473849.0	29118
39.45704	-2.8689086	473849.0	29118
75.16702	2.8689086	473849.0	29118
47.261044	-2.8689086	473849.0	29118
163.1562	2.8689086	473849.0	29118
49.27353	2.8689086	473849.0	29118
81.170525	2.8689086	473849.0	29118
103.30557	-2.8689086	473849.0	29118
42.01158	-2.8689086	473849.0	29118
82.58554	2.8689086	473849.0	29118
50.344524	2.8689086	473849.0	29118
78.139175	2.8689086	473849.0	29118
66.83611	-2.8689086	473849.0	29118
92.423004	2.8689086	473849.0	29118
88.390564	2.8689086	473849.0	29118
75.266884	2.8689086	473849.0	29118
54.66875	-2.8689086	473849.0	29118
61.526764	-2.8689086	473849.0	29118
165.85342	-2.8689086	473849.0	29118
96.09461	2.8689086	473849.0	29118
67.04589	-2.8689086	473849.0	29118
72.54437	-2.8689086	473849.0	29118
53.994774	-2.8689086	473849.0	29118
48.035725	-2.8689086	473849.0	29118
55.444824	2.8689086	473849.0	29118
73.79256	-2.8689086	473849.0	29118
55.078037	-2.8689086	473849.0	29118
125.327255	2.8689086	473849.0	29118
197.91954	2.8689086	473849.0	29118
52.615997	-2.8689086	473849.0	29118
54.043873	-2.8689086	473849.0	29118
53.063103	2.8689086	473849.0	29118
82.03584	-2.8689086	473849.0	29118
93.09983	2.8689086	473849.0	29118
30.535799	2.8689086	473849.0	29118
29.336412	-2.8689086	473849.0	29118
25.733812	2.8689086	473849.0	29118
77.22813	2.8689086	473849.0	29118
54.518974	2.8689086	473849.0	29118
79.16442	2.8689086	473849.0	29118
69.66506	-2.8689086	473849.0	29118
129.59242	-2.8689086	473849.0	29118
125.21224	-2.8689086	473849.0	29118
58.85466	2.8689086	473849.0	29118
65.050545	-2.8689086	473849.0	29118
34.478172	2.8689086	473849.0	29118
46.215157	-2.8689086	473849.0	29118
161.02556	-2.8689086	473849.0	29118
140.94478	2.8689086	473849.0	29118
37.077618	2.8689086	473849.0	29118
50.48932	-2.8689086	473849.0	29118
151.59285	2.8689086	473849.0	29118
60.605625	2.8689086	473849.0	29118
57.581524	2.8689086	473849.0	29118
51.554157	2.8689086	473849.0	29118
94.112236	-2.8689086	473849.0	29118
50.608547	2.8689086	473849.0	29118
62.00372	-2.8689086	473849.0	29118
76.788246	2.8689086	473849.0	29118
65.12376	2.8689086	473849.0	29118
77.16416	-2.8689086	473849.0	29118
52.92923	2.8689086	473849.0	29118
47.879578	-2.8689086	473849.0	29118
75.36689	2.8689086	473849.0	29118
55.84832	2.8689086	473849.0	29118
105.632965	2.8689086	473849.0	29118
59.070225	-2.8689086	473849.0	29118
84.95386	2.8689086	473849.0	29118
56.251614	-2.8689086	473849.0	29118
44.320393	2.8689086	473849.0	29118
63.76619	-2.8689086	473849.0	29118
120.62384	2.8689086	473849.0	29118
87.413864	2.8689086	473849.0	29118
76.159	2.8689086	473849.0	29118
105.56835	2.8689086	473849.0	29118
147.56572	2.8689086	473849.0	29118
136.06885	2.8689086	473849.0	29118
76.89782	-2.8689086	473849.0	29118
50.598007	2.8689086	473849.0	29118
55.33328	2.8689086	473849.0	29118
110.43857	2.8689086	473849.0	29118
155.62825	2.8689086	473849.0	29118
62.77255	2.8689086	473849.0	29118
44.728924	-2.8689086	473849.0	29118
52.91402	2.8689086	473849.0	29118
36.776752	2.8689086	473849.0	29118
53.4106	2.8689086	473849.0	29118
160.96165	-2.8689086	473849.0	29118
81.95011	2.8689086	473849.0	29118
104.62545	-2.8689086	473849.0	29118
66.510216	-2.8689086	473849.0	29118
167.71918	-2.8689086	473849.0	29118
39.69452	-2.8689086	473849.0	29118
82.46202	-2.8689086	473849.0	29118
161.21516	2.8689086	473849.0	29118
56.022247	2.8689086	473849.0	29118
118.621284	2.8689086	473849.0	29118
79.54383	2.8689086	473849.0	29118
110.55879	2.8689086	473849.0	29118
48.918797	2.8689086	473849.0	29118
70.19456	-2.8689086	473849.0	29118
51.883507	2.8689086	473849.0	29118
66.319374	2.8689086	473849.0	29118
42.718353	-2.8689086	473849.0	29118
85.96464	2.8689086	473849.0	29118
70.1676	2.8689086	473849.0	29118
137.23827	-2.8689086	473849.0	29118
125.72965	-2.8689086	473849.0	29118
136.59402	2.8689086	473849.0	29118
92.28191	2.8689086	473849.0	29118
77.45342	2.8689086	473849.0	29118
67.68108	2.8689086	473849.0	29118
143.16278	-2.8689086	473849.0	29118
132.13394	-2.8689086	473849.0	29118
152.5752	2.8689086	473849.0	29118
35.797634	-2.8689086	473849.0	29118
54.3828	2.8689086	473849.0	29118
110.05375	2.8689086	473849.0	29118
53.00518	2.8689086	473849.0	29118
72.55655	2.8689086	473849.0	29118
60.319992	2.8689086	473849.0	29118
130.53809	2.8689086	473849.0	29118
63.060425	-2.8689086	473849.0	29118
126.8652	2.8689086	473849.0	29118
56.98533	2.8689086	473849.0	29118
44.986717	-2.8689086	473849.0	29118
49.18898	2.8689086	473849.0	29118
73.60595	2.8689086	473849.0	29118
51.08152	2.8689086	473849.0	29118
74.43234	2.8689086	473849.0	29118
60.60564	2.8689086	473849.0	29118
43.37406	2.8689086	473849.0	29118
67.86021	-2.8689086	473849.0	29118
63.85252	2.8689086	473849.0	29118
53.34382	-2.8689086	473849.0	29118
227.19423	2.8689086	473849.0	29118
46.72607	-2.8689086	473849.0	29118
48.449615	2.8689086	473849.0	29118
45.400032	2.8689086	473849.0	29118
67.5162	2.8689086	473849.0	29118
55.235706	2.8689086	473849.0	29118
74.187935	2.8689086	473849.0	29118
113.77018	2.8689086	473849.0	29118
70.84104	2.8689086	473849.0	29118
47.67969	2.8689086	473849.0	29118
55.448467	-2.8689086	473849.0	29118
69.29845	2.8689086	473849.0	29118
67.4273	2.8689086	473849.0	29118
44.782833	2.8689086	473849.0	29118
57.099792	-2.8689086	473849.0	29118
194.28302	2.8689086	473849.0	29118
85.35102	2.8689086	473849.0	29118
153.13031	2.8689086	473849.0	29118
87.36508	2.8689086	473849.0	29118
78.717514	2.8689086	473849.0	29118
76.27195	2.8689086	473849.0	29118
98.354195	2.8689086	473849.0	29118
87.57847	-2.8689086	473849.0	29118
77.979385	-2.8689086	473849.0	29118
63.346447	2.8689086	473849.0	29118
54.854866	2.8689086	473849.0	29118
102.85343	2.8689086	473849.0	29118
54.15076	2.8689086	473849.0	29118
77.77776	2.8689086	473849.0	29118
55.933098	2.8689086	473849.0	29118
91.9117	2.8689086	473849.0	29118
64.96603	2.8689086	473849.0	29118
145.69298	-2.8689086	473849.0	29118
71.70299	2.8689086	473849.0	29118
178.34154	2.8689086	473849.0	29118
74.1993	-2.8689086	473849.0	29118
72.53304	2.8689086	473849.0	29118
75.79521	2.8689086	473849.0	29118
91.73788	2.8689086	473849.0	29118
64.65525	2.8689086	473849.0	29118
110.36012	2.8689086	473849.0	29118
61.663464	2.8689086	473849.0	29118
81.78845	2.8689086	473849.0	29118
58.461212	-2.8689086	473849.0	29118
71.51653	2.8689086	473849.0	29118
83.1356	-2.8689086	473849.0	29118
46.147327	2.8689086	473849.0	29118
53.90079	-2.8689086	473849.0	29118
160.13235	2.8689086	473849.0	29118
50.13859	2.8689086	473849.0	29118
46.14749	-2.8689086	473849.0	29118
45.83157	2.8689086	473849.0	29118
52.036293	2.8689086	473849.0	29118
72.75255	2.8689086	473849.0	29118
102.0952	-2.8689086	473849.0	29118
79.86021	2.8689086	473849.0	29118
54.216923	-2.8689086	473849.0	29118
71.57049	2.8689086	473849.0	29118
243.81332	-2.8689086	473849.0	29118
45.436035	-2.8689086	473849.0	29118
160.71863	2.8689086	473849.0	29118
62.84976	2.8689086	473849.0	29118
76.80271	2.8689086	473849.0	29118
93.48558	2.8689086	473849.0	29118
45.541122	-2.8689086	473849.0	29118
86.76032	2.8689086	473849.0	29118
80.370476	-2.8689086	473849.0	29118
51.454346	2.8689086	473849.0	29118
106.15863	-2.8689086	473849.0	29118
172.98564	2.8689086	473849.0	29118
92.39652	2.8689086	473849.0	29118
82.022545	-2.8689086	473849.0	29118
45.709084	-2.8689086	473849.0	29118
77.24546	2.8689086	473849.0	29118
51.044136	-2.8689086	473849.0	29118
36.12609	2.8689086	473849.0	29118
58.524776	2.8689086	473849.0	29118
46.7201	2.8689086	473849.0	29118
63.047306	2.8689086	473849.0	29118
61.806564	2.8689086	473849.0	29118
58.071903	2.8689086	473849.0	29118
70.0296	2.8689086	473849.0	29118
63.997864	2.8689086	473849.0	29118
64.46374	2.8689086	473849.0	29118
51.446835	2.8689086	473849.0	29118
73.69342	2.8689086	473849.0	29118
68.14179	2.8689086	473849.0	29118
95.5057	2.8689086	473849.0	29118
70.952385	2.8689086	473849.0	29118
57.439384	-2.8689086	473849.0	29118
69.97065	2.8689086	473849.0	29118
70.28332	2.8689086	473849.0	29118
98.96274	2.8689086	473849.0	29118
63.468903	-2.8689086	473849.0	29118
134.3791	-2.8689086	473849.0	29118
39.72037	2.8689086	473849.0	29118
79.37149	2.8689086	473849.0	29118
80.25191	2.8689086	473849.0	29118
233.0206	2.8689086	473849.0	29118
45.546757	-2.8689086	473849.0	29118
24.50223	2.8689086	473849.0	29118
60.445683	2.8689086	473849.0	29118
371.658	-2.8689086	473849.0	29118
100.156876	-2.8689086	473849.0	29118
53.24039	2.8689086	473849.0	29118
67.68504	-2.8689086	473849.0	29118
151.12628	2.8689086	473849.0	29118
126.94486	2.8689086	473849.0	29118
76.06318	2.8689086	473849.0	29118
43.02883	2.8689086	473849.0	29118
53.37634	2.8689086	473849.0	29118
49.730892	2.8689086	473849.0	29118
67.357475	-2.8689086	473849.0	29118
86.447395	2.8689086	473849.0	29118
62.199455	-2.8689086	473849.0	29118
62.542435	-2.8689086	473849.0	29118
139.42468	2.8689086	473849.0	29118
112.89109	2.8689086	473849.0	29118
117.5849	-2.8689086	473849.0	29118
53.219814	2.8689086	473849.0	29118
49.800564	-2.8689086	473849.0	29118
57.028645	2.8689086	473849.0	29118
99.22288	2.8689086	473849.0	29118
66.52225	-2.8689086	473849.0	29118
49.066086	-2.8689086	473849.0	29118
138.37337	-2.8689086	473849.0	29118
75.517166	2.8689086	473849.0	29118
37.64661	2.8689086	473849.0	29118
52.812805	2.8689086	473849.0	29118
26.179941	2.8689086	473849.0	29118
90.38089	2.8689086	473849.0	29118
161.03146	2.8689086	473849.0	29118
74.81251	-2.8689086	473849.0	29118
29.172802	2.8689086	473849.0	29118
66.50262	-2.8689086	473849.0	29118
102.31717	2.8689086	473849.0	29118
129.21645	-2.8689086	473849.0	29118
48.866394	-2.8689086	473849.0	29118
109.92629	2.8689086	473849.0	29118
74.22482	2.8689086	473849.0	29118
71.74443	-2.8689086	473849.0	29118
85.05526	2.8689086	473849.0	29118
66.705154	2.8689086	473849.0	29118
90.39883	2.8689086	473849.0	29118
81.61795	2.8689086	473849.0	29118
56.915787	-2.8689086	473849.0	29118
97.50526	-2.8689086	473849.0	29118
224.7437	2.8689086	473849.0	29118
83.20256	-2.8689086	473849.0	29118
65.7558	2.8689086	473849.0	29118
67.30433	-2.8689086	473849.0	29118
61.865753	2.8689086	473849.0	29118
68.71785	-2.8689086	473849.0	29118
96.14197	2.8689086	473849.0	29118
105.38058	2.8689086	473849.0	29118
56.703426	-2.8689086	473849.0	29118
97.361275	2.8689086	473849.0	29118
50.578136	2.8689086	473849.0	29118
58.177845	2.8689086	473849.0	29118
64.02717	2.8689086	473849.0	29118
99.395386	2.8689086	473849.0	29118
57.423782	-2.8689086	473849.0	29118
53.702496	-2.8689086	473849.0	29118
131.19086	2.8689086	473849.0	29118
43.970093	2.8689086	473849.0	29118
40.275368	-2.8689086	473849.0	29118
51.10631	2.8689086	473849.0	29118
85.93564	2.8689086	473849.0	29118
36.527725	2.8689086	473849.0	29118
203.86043	-2.8689086	473849.0	29118
247.46756	2.8689086	473849.0	29118
70.70596	-2.8689086	473849.0	29118
68.07541	2.8689086	473849.0	29118
49.395462	-2.8689086	473849.0	29118
67.692345	2.8689086	473849.0	29118
81.4459	-2.8689086	473849.0	29118
76.42205	2.8689086	473849.0	29118
51.860615	2.8689086	473849.0	29118
96.84992	-2.8689086	473849.0	29118
86.98307	2.8689086	473849.0	29118
79.493774	2.8689086	473849.0	29118
76.93294	2.8689086	473849.0	29118
108.92693	2.8689086	473849.0	29118
64.13769	2.8689086	473849.0	29118
57.606464	2.8689086	473849.0	29118
60.20578	2.8689086	473849.0	29118
179.79167	2.8689086	473849.0	29118
71.34254	-2.8689086	473849.0	29118
58.82474	2.8689086	473849.0	29118
63.6249	2.8689086	473849.0	29118
60.94535	-2.8689086	473849.0	29118
101.39945	-2.8689086	473849.0	29118
78.5396	2.8689086	473849.0	29118
99.73162	-2.8689086	473849.0	29118
43.83444	2.8689086	473849.0	29118
40.87638	2.8689086	473849.0	29118
52.192314	2.8689086	473849.0	29118
96.95504	-2.8689086	473849.0	29118
42.431683	2.8689086	473849.0	29118
74.3448	-2.8689086	473849.0	29118
114.086075	2.8689086	473849.0	29118
57.27824	2.8689086	473849.0	29118
49.106796	2.8689086	473849.0	29118
71.83743	-2.8689086	473849.0	29118
71.82504	-2.8689086	473849.0	29118
54.567413	2.8689086	473849.0	29118
65.10213	2.8689086	473849.0	29118
107.46548	-2.8689086	473849.0	29118
77.69079	2.8689086	473849.0	29118
47.53713	-2.8689086	473849.0	29118
46.819088	-2.8689086	473849.0	29118
61.145176	2.8689086	473849.0	29118
73.05721	2.8689086	473849.0	29118
107.82311	2.8689086	473849.0	29118
85.65733	-2.8689086	473849.0	29118
141.1909	-2.8689086	473849.0	29118
70.158905	-2.8689086	473849.0	29118
69.25096	2.8689086	473849.0	29118
108.91878	-2.8689086	473849.0	29118
91.56761	2.8689086	473849.0	29118
115.897484	2.8689086	473849.0	29118
197.29175	2.8689086	473849.0	29118
177.28224	2.8689086	473849.0	29118
128.98503	2.8689086	473849.0	29118
85.22444	-2.8689086	473849.0	29118
92.22709	2.8689086	473849.0	29118
139.6023	-2.8689086	473849.0	29118
71.315674	2.8689086	473849.0	29118
85.032906	2.8689086	473849.0	29118
102.21663	2.8689086	473849.0	29118
65.68727	2.8689086	473849.0	29118
177.34422	2.8689086	473849.0	29118
70.02583	2.8689086	473849.0	29118
44.662197	2.8689086	473849.0	29118
60.592438	-2.8689086	473849.0	29118
35.904785	-2.8689086	473849.0	29118
99.826355	-2.8689086	473849.0	29118
63.19903	-2.8689086	473849.0	29118
111.768715	-2.8689086	473849.0	29118
111.244095	2.8689086	473849.0	29118
58.056152	-2.8689086	473849.0	29118
42.67999	-2.8689086	473849.0	29118
140.39981	2.8689086	473849.0	29118
69.521645	-2.8689086	473849.0	29118
40.26245	-2.8689086	473849.0	29118
30.787277	2.8689086	473849.0	29118
24.426878	2.8689086	473849.0	29118
147.13583	-2.8689086	473849.0	29118
86.988014	-2.8689086	473849.0	29118
92.72694	-2.8689086	473849.0	29118
36.953876	2.8689086	473849.0	29118
124.85776	2.8689086	473849.0	29118
65.3261	2.8689086	473849.0	29118
72.57342	-2.8689086	473849.0	29118
78.52161	2.8689086	473849.0	29118
62.367096	-2.8689086	473849.0	29118
99.59501	2.8689086	473849.0	29118
53.547733	2.8689086	473849.0	29118
53.822414	-2.8689086	473849.0	29118
48.38055	2.8689086	473849.0	29118
52.800694	2.8689086	473849.0	29118
103.91614	-2.8689086	473849.0	29118
64.532135	-2.8689086	473849.0	29118
79.171196	2.8689086	473849.0	29118
43.8592	2.8689086	473849.0	29118
29.929905	2.8689086	473849.0	29118
48.485756	-2.8689086	473849.0	29118
78.42446	-2.8689086	473849.0	29118
53.922653	2.8689086	473849.0	29118
87.20305	2.8689086	473849.0	29118
72.11734	2.8689086	473849.0	29118
55.797432	2.8689086	473849.0	29118
52.50658	2.8689086	473849.0	29118
82.09442	-2.8689086	473849.0	29118
62.246357	2.8689086	473849.0	29118
80.51256	2.8689086	473849.0	29118
80.868004	-2.8689086	473849.0	29118
100.156364	-2.8689086	473849.0	29118
19.836613	-2.8689086	473849.0	29118
79.94397	2.8689086	473849.0	29118
47.132168	-2.8689086	473849.0	29118
76.321495	2.8689086	473849.0	29118
93.04901	2.8689086	473849.0	29118
62.843174	-2.8689086	473849.0	29118
57.48211	-2.8689086	473849.0	29118
48.096783	2.8689086	473849.0	29118
110.701035	2.8689086	473849.0	29118
84.06266	2.8689086	473849.0	29118
62.47996	2.8689086	473849.0	29118
55.589046	-2.8689086	473849.0	29118
63.23354	2.8689086	473849.0	29118
41.002476	2.8689086	473849.0	29118
61.223595	2.8689086	473849.0	29118
54.104824	2.8689086	473849.0	29118
49.678055	2.8689086	473849.0	29118
65.739784	-2.8689086	473849.0	29118
130.0064	2.8689086	473849.0	29118
60.80193	2.8689086	473849.0	29118
79.83348	2.8689086	473849.0	29118
161.40308	-2.8689086	473849.0	29118
71.645454	2.8689086	473849.0	29118
81.1872	2.8689086	473849.0	29118
118.24576	2.8689086	473849.0	29118
67.360825	2.8689086	473849.0	29118
73.96487	2.8689086	473849.0	29118
87.571815	2.8689086	473849.0	29118
91.25765	2.8689086	473849.0	29118
73.612015	2.8689086	473849.0	29118
79.547104	2.8689086	473849.0	29118
51.286575	2.8689086	473849.0	29118
219.17584	2.8689086	473849.0	29118
96.44852	2.8689086	473849.0	29118
32.59257	2.8689086	473849.0	29118
62.905014	2.8689086	473849.0	29118
53.82541	2.8689086	473849.0	29118
138.19615	2.8689086	473849.0	29118
48.515793	-2.8689086	473849.0	29118
66.941345	2.8689086	473849.0	29118
75.172844	-2.8689086	473849.0	29118
89.03319	2.8689086	473849.0	29118
201.82356	2.8689086	473849.0	29118
25.046776	2.8689086	473849.0	29118
107.44347	2.8689086	473849.0	29118
113.09027	2.8689086	473849.0	29118
60.95255	-2.8689086	473849.0	29118
48.29245	2.8689086	473849.0	29118
133.25586	-2.8689086	473849.0	29118
36.393806	-2.8689086	473849.0	29118
60.836285	2.8689086	473849.0	29118
39.7849	-2.8689086	473849.0	29118
46.720573	2.8689086	473849.0	29118
49.818867	2.8689086	473849.0	29118
63.570965	-2.8689086	473849.0	29118
84.60433	2.8689086	473849.0	29118
75.78198	2.8689086	473849.0	29118
141.99191	2.8689086	473849.0	29118
63.26468	2.8689086	473849.0	29118
95.140945	-2.8689086	473849.0	29118
55.060318	2.8689086	473849.0	29118
54.324017	2.8689086	473849.0	29118
103.58382	2.8689086	473849.0	29118
34.7624	2.8689086	473849.0	29118
72.657715	2.8689086	473849.0	29118
57.498695	2.8689086	473849.0	29118
60.160934	2.8689086	473849.0	29118
212.69023	2.8689086	473849.0	29118
51.696842	2.8689086	473849.0	29118
68.124405	2.8689086	473849.0	29118
63.73352	-2.8689086	473849.0	29118
171.36516	-2.8689086	473849.0	29118
196.47963	2.8689086	473849.0	29118
157.27574	-2.8689086	473849.0	29118
86.68695	-2.8689086	473849.0	29118
128.84566	2.8689086	473849.0	29118
50.46344	-2.8689086	473849.0	29118
78.458466	2.8689086	473849.0	29118
54.146526	2.8689086	473849.0	29118
44.02665	-2.8689086	473849.0	29118
94.99557	2.8689086	473849.0	29118
65.01247	-2.8689086	473849.0	29118
42.333447	2.8689086	473849.0	29118
264.91287	2.8689086	473849.0	29118
61.336445	2.8689086	473849.0	29118
85.57545	-2.8689086	473849.0	29118
38.843952	2.8689086	473849.0	29118
66.30295	2.8689086	473849.0	29118
51.275543	2.8689086	473849.0	29118
69.10434	2.8689086	473849.0	29118
51.179928	2.8689086	473849.0	29118
104.95744	2.8689086	473849.0	29118
52.477943	-2.8689086	473849.0	29118
205.7964	2.8689086	473849.0	29118
74.09871	2.8689086	473849.0	29118
66.950325	-2.8689086	473849.0	29118
57.217762	2.8689086	473849.0	29118
98.12157	2.8689086	473849.0	29118
68.60133	2.8689086	473849.0	29118
45.854324	-2.8689086	473849.0	29118
37.109657	2.8689086	473849.0	29118
57.508785	2.8689086	473849.0	29118
59.53529	2.8689086	473849.0	29118
52.35289	2.8689086	473849.0	29118
62.31142	2.8689086	473849.0	29118
45.935596	2.8689086	473849.0	29118
84.536095	2.8689086	473849.0	29118
49.48476	-2.8689086	473849.0	29118
46.811756	-2.8689086	473849.0	29118
63.6661	2.8689086	473849.0	29118
119.29478	2.8689086	473849.0	29118
48.818398	2.8689086	473849.0	29118
73.962906	2.8689086	473849.0	29118
141.52252	-2.8689086	473849.0	29118
99.86505	-2.8689086	473849.0	29118
70.769936	2.8689086	473849.0	29118
106.85029	-2.8689086	473849.0	29118
59.642094	2.8689086	473849.0	29118
22.726366	2.8689086	473849.0	29118
43.259045	-2.8689086	473849.0	29118
40.282616	2.8689086	473849.0	29118
60.25321	2.8689086	473849.0	29118
61.308582	-2.8689086	473849.0	29118
53.121223	2.8689086	473849.0	29118
34.855534	2.8689086	473849.0	29118
81.62991	-2.8689086	473849.0	29118
46.860714	-2.8689086	473849.0	29118
56.34514	2.8689086	473849.0	29118
84.85777	-2.8689086	473849.0	29118
137.37006	-2.8689086	473849.0	29118
78.481224	2.8689086	473849.0	29118
46.305748	2.8689086	473849.0	29118
224.09659	2.8689086	473849.0	29118
78.77444	2.8689086	473849.0	29118
54.098404	2.8689086	473849.0	29118
55.37221	2.8689086	473849.0	29118
116.719574	2.8689086	473849.0	29118
60.699245	2.8689086	473849.0	29118
199.03969	2.8689086	473849.0	29118
87.32834	2.8689086	473849.0	29118
161.63118	2.8689086	473849.0	29118
98.4874	2.8689086	473849.0	29118
67.46509	-2.8689086	473849.0	29118
80.66284	-2.8689086	473849.0	29118
81.21048	2.8689086	473849.0	29118
37.001976	2.8689086	473849.0	29118
72.167725	-2.8689086	473849.0	29118
45.01525	2.8689086	473849.0	29118
121.310585	-2.8689086	473849.0	29118
103.062775	2.8689086	473849.0	29118
58.82396	-2.8689086	473849.0	29118
105.878944	-2.8689086	473849.0	29118
72.784645	-2.8689086	473849.0	29118
80.10146	-2.8689086	473849.0	29118
76.49775	2.8689086	473849.0	29118
51.433304	2.8689086	473849.0	29118
164.21338	2.8689086	473849.0	29118
37.532787	2.8689086	473849.0	29118
71.438065	-2.8689086	473849.0	29118
61.413395	2.8689086	473849.0	29118
57.371708	2.8689086	473849.0	29118
56.44334	2.8689086	473849.0	29118
48.524612	-2.8689086	473849.0	29118
60.015705	-2.8689086	473849.0	29118
104.64344	2.8689086	473849.0	29118
71.70948	2.8689086	473849.0	29118
55.51239	2.8689086	473849.0	29118
65.92406	-2.8689086	473849.0	29118
24.88469	2.8689086	473849.0	29118
127.51539	2.8689086	473849.0	29118
71.004	2.8689086	473849.0	29118
88.44878	2.8689086	473849.0	29118
58.261257	2.8689086	473849.0	29118
50.734676	-2.8689086	473849.0	29118
81.4937	2.8689086	473849.0	29118
50.927982	-2.8689086	473849.0	29118
68.260345	2.8689086	473849.0	29118
86.581436	2.8689086	473849.0	29118
41.377743	-2.8689086	473849.0	29118
100.24381	-2.8689086	473849.0	29118
118.30348	2.8689086	473849.0	29118
251.49197	2.8689086	473849.0	29118
72.14185	-2.8689086	473849.0	29118
79.05094	-2.8689086	473849.0	29118
53.790585	2.8689086	473849.0	29118
48.413662	2.8689086	473849.0	29118
63.807705	-2.8689086	473849.0	29118
73.567444	2.8689086	473849.0	29118
80.39257	-2.8689086	473849.0	29118
85.488335	-2.8689086	473849.0	29118
51.69159	2.8689086	473849.0	29118
59.86306	2.8689086	473849.0	29118
70.55588	-2.8689086	473849.0	29118
73.516365	2.8689086	473849.0	29118
58.77881	2.8689086	473849.0	29118
59.911545	-2.8689086	473849.0	29118
41.942352	2.8689086	473849.0	29118
327.45337	2.8689086	473849.0	29118
89.67664	2.8689086	473849.0	29118
70.96066	2.8689086	473849.0	29118
66.78391	-2.8689086	473849.0	29118
42.02322	2.8689086	473849.0	29118
87.077255	2.8689086	473849.0	29118
64.718834	2.8689086	473849.0	29118
28.860466	2.8689086	473849.0	29118
137.27022	2.8689086	473849.0	29118
47.495502	2.8689086	473849.0	29118
90.65071	2.8689086	473849.0	29118
201.48015	2.8689086	473849.0	29118
88.05943	-2.8689086	473849.0	29118
61.48724	2.8689086	473849.0	29118
53.01984	-2.8689086	473849.0	29118
60.83713	-2.8689086	473849.0	29118
49.070724	2.8689086	473849.0	29118
50.748383	2.8689086	473849.0	29118
107.95308	2.8689086	473849.0	29118
140.6303	-2.8689086	473849.0	29118
59.407764	2.8689086	473849.0	29118
125.41898	-2.8689086	473849.0	29118
72.45914	2.8689086	473849.0	29118
47.003414	-2.8689086	473849.0	29118
41.167213	2.8689086	473849.0	29118
329.65887	-2.8689086	473849.0	29118
79.78504	2.8689086	473849.0	29118
159.61485	2.8689086	473849.0	29118
163.77171	-2.8689086	473849.0	29118
43.379135	2.8689086	473849.0	29118
107.162186	2.8689086	473849.0	29118
57.904556	-2.8689086	473849.0	29118
34.585064	2.8689086	473849.0	29118
60.561188	-2.8689086	473849.0	29118
239.44125	2.8689086	473849.0	29118
127.438126	-2.8689086	473849.0	29118
62.149826	-2.8689086	473849.0	29118
63.98897	-2.8689086	473849.0	29118
38.836784	2.8689086	473849.0	29118
32.946148	-2.8689086	473849.0	29118
117.92427	-2.8689086	473849.0	29118
167.50278	2.8689086	473849.0	29118
42.98368	-2.8689086	473849.0	29118
58.815548	2.8689086	473849.0	29118
146.47624	2.8689086	473849.0	29118
54.987537	2.8689086	473849.0	29118
50.94908	2.8689086	473849.0	29118
92.63183	2.8689086	473849.0	29118
34.422173	-2.8689086	473849.0	29118
63.77614	2.8689086	473849.0	29118
123.3781	2.8689086	473849.0	29118
48.77767	2.8689086	473849.0	29118
40.235546	-2.8689086	473849.0	29118
51.335304	2.8689086	473849.0	29118
117.59627	2.8689086	473849.0	29118
114.1372	-2.8689086	473849.0	29118
56.426956	2.8689086	473849.0	29118
196.12802	-2.8689086	473849.0	29118
104.02482	2.8689086	473849.0	29118
76.62457	2.8689086	473849.0	29118
98.55975	2.8689086	473849.0	29118
74.72242	2.8689086	473849.0	29118
75.92592	2.8689086	473849.0	29118
100.90118	2.8689086	473849.0	29118
64.869736	2.8689086	473849.0	29118
64.75351	2.8689086	473849.0	29118
120.72856	-2.8689086	473849.0	29118
49.258224	2.8689086	473849.0	29118
68.08079	-2.8689086	473849.0	29118
29.61682	-2.8689086	473849.0	29118
114.880554	2.8689086	473849.0	29118
60.624203	2.8689086	473849.0	29118
79.332214	2.8689086	473849.0	29118
54.79159	2.8689086	473849.0	29118
36.72274	-2.8689086	473849.0	29118
111.05507	2.8689086	473849.0	29118
54.660007	2.8689086	473849.0	29118
45.92429	-2.8689086	473849.0	29118
49.814335	2.8689086	473849.0	29118
76.23663	2.8689086	473849.0	29118
66.816765	-2.8689086	473849.0	29118
123.05675	2.8689086	473849.0	29118
130.90977	2.8689086	473849.0	29118
78.63497	2.8689086	473849.0	29118
44.954742	2.8689086	473849.0	29118
76.40913	-2.8689086	473849.0	29118
40.944065	2.8689086	473849.0	29118
122.383736	2.8689086	473849.0	29118
75.912796	-2.8689086	473849.0	29118
77.98576	2.8689086	473849.0	29118
164.14948	-2.8689086	473849.0	29118
92.765335	-2.8689086	473849.0	29118
46.639988	-2.8689086	473849.0	29118
33.17089	2.8689086	473849.0	29118
123.98915	-2.8689086	473849.0	29118
54.602043	2.8689086	473849.0	29118
60.392765	2.8689086	473849.0	29118
94.74764	2.8689086	473849.0	29118
136.74144	2.8689086	473849.0	29118
55.478626	-2.8689086	473849.0	29118
48.30118	2.8689086	473849.0	29118
159.79616	2.8689086	473849.0	29118
147.69049	2.8689086	473849.0	29118
48.25386	-2.8689086	473849.0	29118
57.046364	2.8689086	473849.0	29118
163.70218	2.8689086	473849.0	29118
81.47722	2.8689086	473849.0	29118
62.77541	2.8689086	473849.0	29118
174.18343	-2.8689086	473849.0	29118
55.913044	-2.8689086	473849.0	29118
187.67162	2.8689086	473849.0	29118
48.139465	-2.8689086	473849.0	29118
123.97761	-2.8689086	473849.0	29118
91.06272	2.8689086	473849.0	29118
36.916065	2.8689086	473849.0	29118
73.01367	2.8689086	473849.0	29118
84.83118	2.8689086	473849.0	29118
66.342995	-2.8689086	473849.0	29118
49.52636	2.8689086	473849.0	29118
63.287987	2.8689086	473849.0	29118
89.34505	-2.8689086	473849.0	29118
66.75983	2.8689086	473849.0	29118
40.259148	-2.8689086	473849.0	29118
49.620007	2.8689086	473849.0	29118
127.589096	2.8689086	473849.0	29118
119.30139	-2.8689086	473849.0	29118
95.315994	-2.8689086	473849.0	29118
94.61825	-2.8689086	473849.0	29118
78.45224	2.8689086	473849.0	29118
125.69379	2.8689086	473849.0	29118
56.156742	2.8689086	473849.0	29118
40.967762	-2.8689086	473849.0	29118
77.096375	-2.8689086	473849.0	29118
43.159008	2.8689086	473849.0	29118
40.08551	2.8689086	473849.0	29118
84.46733	-2.8689086	473849.0	29118
36.669693	-2.8689086	473849.0	29118
65.35163	2.8689086	473849.0	29118
171.14116	2.8689086	473849.0	29118
65.74605	-2.8689086	473849.0	29118
69.19422	2.8689086	473849.0	29118
39.47544	2.8689086	473849.0	29118
73.48312	2.8689086	473849.0	29118
108.340164	2.8689086	473849.0	29118
52.073296	-2.8689086	473849.0	29118
45.00929	-2.8689086	473849.0	29118
74.1257	-2.8689086	473849.0	29118
71.94369	2.8689086	473849.0	29118
53.400074	2.8689086	473849.0	29118
63.32686	2.8689086	473849.0	29118
45.00673	-2.8689086	473849.0	29118
72.3936	2.8689086	473849.0	29118
41.622086	-2.8689086	473849.0	29118
44.793034	2.8689086	473849.0	29118
53.425846	-2.8689086	473849.0	29118
60.385345	2.8689086	473849.0	29118
152.31667	2.8689086	473849.0	29118
74.66379	-2.8689086	473849.0	29118
72.004776	2.8689086	473849.0	29118
59.16805	-2.8689086	473849.0	29118
44.31297	-2.8689086	473849.0	29118
71.33014	-2.8689086	473849.0	29118
94.96811	2.8689086	473849.0	29118
102.78764	-2.8689086	473849.0	29118
84.50202	-2.8689086	473849.0	29118
41.276974	2.8689086	473849.0	29118
125.101974	2.8689086	473849.0	29118
32.562737	2.8689086	473849.0	29118
93.85558	2.8689086	473849.0	29118
52.1567	2.8689086	473849.0	29118
55.2749	2.8689086	473849.0	29118
50.129677	2.8689086	473849.0	29118
168.27582	-2.8689086	473849.0	29118
86.139084	2.8689086	473849.0	29118
38.98468	-2.8689086	473849.0	29118
66.77712	2.8689086	473849.0	29118
60.562344	-2.8689086	473849.0	29118
55.24588	2.8689086	473849.0	29118
91.80828	-2.8689086	473849.0	29118
33.56931	2.8689086	473849.0	29118
105.7139	2.8689086	473849.0	29118
38.404316	-2.8689086	473849.0	29118
42.80286	2.8689086	473849.0	29118
113.399376	-2.8689086	473849.0	29118
100.12319	-2.8689086	473849.0	29118
35.721947	2.8689086	473849.0	29118
80.040886	2.8689086	473849.0	29118
28.333832	2.8689086	473849.0	29118
61.64503	2.8689086	473849.0	29118
45.781086	-2.8689086	473849.0	29118
35.394688	2.8689086	473849.0	29118
74.117805	2.8689086	473849.0	29118
61.53286	2.8689086	473849.0	29118
72.6649	-2.8689086	473849.0	29118
58.033924	2.8689086	473849.0	29118
23.162859	2.8689086	473849.0	29118
88.825645	-2.8689086	473849.0	29118
50.774868	-2.8689086	473849.0	29118
160.7498	2.8689086	473849.0	29118
51.75924	-2.8689086	473849.0	29118
191.77837	2.8689086	473849.0	29118
68.35897	-2.8689086	473849.0	29118
105.09225	-2.8689086	473849.0	29118
55.44956	2.8689086	473849.0	29118
99.10896	-2.8689086	473849.0	29118
102.19299	2.8689086	473849.0	29118
154.91193	2.8689086	473849.0	29118
59.37963	2.8689086	473849.0	29118
124.395226	2.8689086	473849.0	29118
61.95323	2.8689086	473849.0	29118
58.04963	2.8689086	473849.0	29118
57.719906	2.8689086	473849.0	29118
65.13864	2.8689086	473849.0	29118
73.39047	2.8689086	473849.0	29118
57.269268	-2.8689086	473849.0	29118
64.002045	2.8689086	473849.0	29118
66.282	2.8689086	473849.0	29118
75.0846	2.8689086	473849.0	29118
115.184906	-2.8689086	473849.0	29118
118.31018	-2.8689086	473849.0	29118
57.90313	2.8689086	473849.0	29118
48.277214	-2.8689086	473849.0	29118
102.10072	-2.8689086	473849.0	29118
33.904285	2.8689086	473849.0	29118
65.666695	2.8689086	473849.0	29118
184.3808	2.8689086	473849.0	29118
133.71529	2.8689086	473849.0	29118
93.02695	2.8689086	473849.0	29118
44.565388	2.8689086	473849.0	29118
28.65041	2.8689086	473849.0	29118
43.588005	2.8689086	473849.0	29118
71.44436	2.8689086	473849.0	29118
74.70221	-2.8689086	473849.0	29118
84.375694	2.8689086	473849.0	29118
78.96077	-2.8689086	473849.0	29118
62.40243	2.8689086	473849.0	29118
78.60466	-2.8689086	473849.0	29118
68.61956	2.8689086	473849.0	29118
66.62188	2.8689086	473849.0	29118
143.11644	2.8689086	473849.0	29118
53.953625	2.8689086	473849.0	29118
115.00884	-2.8689086	473849.0	29118
61.64454	2.8689086	473849.0	29118
65.31359	2.8689086	473849.0	29118
55.55773	2.8689086	473849.0	29118
73.726364	2.8689086	473849.0	29118
56.12485	2.8689086	473849.0	29118
111.48124	-2.8689086	473849.0	29118
108.09679	2.8689086	473849.0	29118
103.68025	2.8689086	473849.0	29118
115.77265	-2.8689086	473849.0	29118
61.96891	2.8689086	473849.0	29118
75.16646	2.8689086	473849.0	29118
83.86448	2.8689086	473849.0	29118
56.78216	2.8689086	473849.0	29118
45.18832	2.8689086	473849.0	29118
171.9006	2.8689086	473849.0	29118
80.22173	-2.8689086	473849.0	29118
73.98427	2.8689086	473849.0	29118
51.389145	2.8689086	473849.0	29118
102.532814	-2.8689086	473849.0	29118
77.32675	-2.8689086	473849.0	29118
97.71237	-2.8689086	473849.0	29118
30.485487	2.8689086	473849.0	29118
189.65009	2.8689086	473849.0	29118
74.59435	2.8689086	473849.0	29118
47.659824	-2.8689086	473849.0	29118
94.46459	-2.8689086	473849.0	29118
61.16696	2.8689086	473849.0	29118
89.414474	-2.8689086	473849.0	29118
44.69898	2.8689086	473849.0	29118
189.84799	2.8689086	473849.0	29118
47.22169	2.8689086	473849.0	29118
67.50759	2.8689086	473849.0	29118
172.72597	2.8689086	473849.0	29118
59.974655	2.8689086	473849.0	29118
70.564896	2.8689086	473849.0	29118
84.510376	2.8689086	473849.0	29118
72.758934	2.8689086	473849.0	29118
173.58873	-2.8689086	473849.0	29118
70.58679	-2.8689086	473849.0	29118
67.72973	2.8689086	473849.0	29118
103.55198	2.8689086	473849.0	29118
110.240776	2.8689086	473849.0	29118
62.4498	2.8689086	473849.0	29118
44.496155	2.8689086	473849.0	29118
91.13415	2.8689086	473849.0	29118
64.12161	2.8689086	473849.0	29118
172.18253	-2.8689086	473849.0	29118
47.12999	2.8689086	473849.0	29118
128.50406	2.8689086	473849.0	29118
39.33561	-2.8689086	473849.0	29118
73.495415	2.8689086	473849.0	29118
69.697174	2.8689086	473849.0	29118
69.83462	2.8689086	473849.0	29118
90.668816	2.8689086	473849.0	29118
39.587456	2.8689086	473849.0	29118
66.643234	-2.8689086	473849.0	29118
116.552956	2.8689086	473849.0	29118
59.024582	2.8689086	473849.0	29118
115.20184	-2.8689086	473849.0	29118
46.706715	2.8689086	473849.0	29118
63.42362	2.8689086	473849.0	29118
79.11378	2.8689086	473849.0	29118
50.34263	2.8689086	473849.0	29118
55.285	2.8689086	473849.0	29118
50.995308	-2.8689086	473849.0	29118
76.220116	2.8689086	473849.0	29118
168.06267	2.8689086	473849.0	29118
97.04543	-2.8689086	473849.0	29118
119.05939	-2.8689086	473849.0	29118
94.21845	-2.8689086	473849.0	29118
112.52712	2.8689086	473849.0	29118
60.23946	2.8689086	473849.0	29118
43.675694	-2.8689086	473849.0	29118
67.54701	-2.8689086	473849.0	29118
42.0778	-2.8689086	473849.0	29118
75.373474	-2.8689086	473849.0	29118
55.676323	2.8689086	473849.0	29118
54.710426	-2.8689086	473849.0	29118
65.98365	2.8689086	473849.0	29118
81.01767	-2.8689086	473849.0	29118
67.04884	-2.8689086	473849.0	29118
44.21236	-2.8689086	473849.0	29118
106.10767	-2.8689086	473849.0	29118
55.38564	2.8689086	473849.0	29118
58.802517	-2.8689086	473849.0	29118
87.74444	-2.8689086	473849.0	29118
74.61761	2.8689086	473849.0	29118
50.881767	-2.8689086	473849.0	29118
77.1309	2.8689086	473849.0	29118
132.04343	2.8689086	473849.0	29118
145.80617	-2.8689086	473849.0	29118
46.654774	-2.8689086	473849.0	29118
106.085464	2.8689086	473849.0	29118
85.61949	-2.8689086	473849.0	29118
43.86414	-2.8689086	473849.0	29118
40.292007	-2.8689086	473849.0	29118
149.01965	2.8689086	473849.0	29118
35.919342	2.8689086	473849.0	29118
64.5477	2.8689086	473849.0	29118
138.53227	2.8689086	473849.0	29118
70.80577	2.8689086	473849.0	29118
56.41337	-2.8689086	473849.0	29118
50.560726	2.8689086	473849.0	29118
66.64926	-2.8689086	473849.0	29118
91.57569	2.8689086	473849.0	29118
51.131645	2.8689086	473849.0	29118
37.404053	2.8689086	473849.0	29118
110.436646	-2.8689086	473849.0	29118
76.40863	-2.8689086	473849.0	29118
54.90917	-2.8689086	473849.0	29118
56.809315	-2.8689086	473849.0	29118
138.0692	2.8689086	473849.0	29118
64.028145	-2.8689086	473849.0	29118
50.726734	2.8689086	473849.0	29118
55.61682	-2.8689086	473849.0	29118
109.88741	2.8689086	473849.0	29118
59.552334	2.8689086	473849.0	29118
86.39325	2.8689086	473849.0	29118
41.251232	-2.8689086	473849.0	29118
114.6609	2.8689086	473849.0	29118
128.47307	2.8689086	473849.0	29118
68.83752	2.8689086	473849.0	29118
100.39069	2.8689086	473849.0	29118
195.11145	-2.8689086	473849.0	29118
43.21334	2.8689086	473849.0	29118
100.79241	2.8689086	473849.0	29118
48.677723	-2.8689086	473849.0	29118
118.25149	2.8689086	473849.0	29118
55.242973	2.8689086	473849.0	29118
77.806465	2.8689086	473849.0	29118
79.40572	-2.8689086	473849.0	29118
72.1331	2.8689086	473849.0	29118
63.566135	-2.8689086	473849.0	29118
62.61267	2.8689086	473849.0	29118
84.22575	-2.8689086	473849.0	29118
69.90376	-2.8689086	473849.0	29118
69.258835	-2.8689086	473849.0	29118
96.37611	-2.8689086	473849.0	29118
38.277607	2.8689086	473849.0	29118
58.85322	-2.8689086	473849.0	29118
86.78597	2.8689086	473849.0	29118
39.766808	2.8689086	473849.0	29118
63.564304	2.8689086	473849.0	29118
86.102806	2.8689086	473849.0	29118
50.620094	-2.8689086	473849.0	29118
55.019455	2.8689086	473849.0	29118
151.19362	2.8689086	473849.0	29118
146.43158	-2.8689086	473849.0	29118
163.05786	-2.8689086	473849.0	29118
61.478676	2.8689086	473849.0	29118
65.45896	2.8689086	473849.0	29118
30.281826	2.8689086	473849.0	29118
115.12043	2.8689086	473849.0	29118
42.046726	2.8689086	473849.0	29118
197.5793	2.8689086	473849.0	29118
50.77288	-2.8689086	473849.0	29118
79.82582	2.8689086	473849.0	29118
40.75709	-2.8689086	473849.0	29118
174.54863	2.8689086	473849.0	29118
288.08652	2.8689086	473849.0	29118
217.48122	-2.8689086	473849.0	29118
30.471043	-2.8689086	473849.0	29118
42.31441	2.8689086	473849.0	29118
51.61361	2.8689086	473849.0	29118
71.65624	2.8689086	473849.0	29118
141.94102	-2.8689086	473849.0	29118
53.01892	-2.8689086	473849.0	29118
53.08497	2.8689086	473849.0	29118
77.92639	2.8689086	473849.0	29118
45.437016	2.8689086	473849.0	29118
111.97669	2.8689086	473849.0	29118
46.883255	2.8689086	473849.0	29118
62.63116	2.8689086	473849.0	29118
80.12388	2.8689086	473849.0	29118
81.51301	2.8689086	473849.0	29118
99.59335	2.8689086	473849.0	29118
104.62232	-2.8689086	473849.0	29118
96.4747	2.8689086	473849.0	29118
87.98655	-2.8689086	473849.0	29118
65.58981	2.8689086	473849.0	29118
50.230263	-2.8689086	473849.0	29118
108.009636	2.8689086	473849.0	29118
107.64168	2.8689086	473849.0	29118
46.833237	2.8689086	473849.0	29118
25.428305	-2.8689086	473849.0	29118
58.883053	-2.8689086	473849.0	29118
68.646194	2.8689086	473849.0	29118
93.76604	-2.8689086	473849.0	29118
135.89493	2.8689086	473849.0	29118
117.121025	2.8689086	473849.0	29118
44.09172	2.8689086	473849.0	29118
94.06772	2.8689086	473849.0	29118
85.54979	2.8689086	473849.0	29118
34.668022	2.8689086	473849.0	29118
65.28312	2.8689086	473849.0	29118
55.18245	-2.8689086	473849.0	29118
128.82495	2.8689086	473849.0	29118
26.505875	2.8689086	473849.0	29118
87.20806	2.8689086	473849.0	29118
49.897324	-2.8689086	473849.0	29118
44.12504	2.8689086	473849.0	29118
90.10454	-2.8689086	473849.0	29118
73.09265	2.8689086	473849.0	29118
125.03594	-2.8689086	473849.0	29118
89.308586	2.8689086	473849.0	29118
70.86381	-2.8689086	473849.0	29118
54.961693	2.8689086	473849.0	29118
184.3005	-2.8689086	473849.0	29118
42.902554	2.8689086	473849.0	29118
43.731823	-2.8689086	473849.0	29118
37.873962	-2.8689086	473849.0	29118
49.439358	2.8689086	473849.0	29118
134.619	-2.8689086	473849.0	29118
63.399975	2.8689086	473849.0	29118
72.5032	-2.8689086	473849.0	29118
73.75603	2.8689086	473849.0	29118
68.54104	2.8689086	473849.0	29118
77.59769	2.8689086	473849.0	29118
63.502014	2.8689086	473849.0	29118
87.07744	2.8689086	473849.0	29118
46.643673	2.8689086	473849.0	29118
59.038345	2.8689086	473849.0	29118
53.717506	-2.8689086	473849.0	29118
45.327682	-2.8689086	473849.0	29118
148.1111	-2.8689086	473849.0	29118
57.050247	2.8689086	473849.0	29118
37.934666	2.8689086	473849.0	29118
63.438454	-2.8689086	473849.0	29118
60.081966	-2.8689086	473849.0	29118
46.313877	2.8689086	473849.0	29118
319.74435	2.8689086	473849.0	29118
92.26459	2.8689086	473849.0	29118
129.97527	2.8689086	473849.0	29118
48.535748	2.8689086	473849.0	29118
60.42822	-2.8689086	473849.0	29118
51.79853	2.8689086	473849.0	29118
96.249756	-2.8689086	473849.0	29118
103.812874	-2.8689086	473849.0	29118
83.07596	2.8689086	473849.0	29118
58.11467	2.8689086	473849.0	29118
124.43862	2.8689086	473849.0	29118
44.2023	-2.8689086	473849.0	29118
94.73798	-2.8689086	473849.0	29118
63.183243	-2.8689086	473849.0	29118
148.55432	2.8689086	473849.0	29118
54.048473	2.8689086	473849.0	29118
117.54373	-2.8689086	473849.0	29118
58.228844	-2.8689086	473849.0	29118
105.34115	2.8689086	473849.0	29118
89.18253	2.8689086	473849.0	29118
65.62647	-2.8689086	473849.0	29118
59.144238	2.8689086	473849.0	29118
62.169556	2.8689086	473849.0	29118
217.31804	2.8689086	473849.0	29118
107.480316	2.8689086	473849.0	29118
48.52959	2.8689086	473849.0	29118
132.06508	2.8689086	473849.0	29118
44.249245	2.8689086	473849.0	29118
44.065308	-2.8689086	473849.0	29118
53.434677	2.8689086	473849.0	29118
132.39609	-2.8689086	473849.0	29118
61.080975	2.8689086	473849.0	29118
127.011375	2.8689086	473849.0	29118
87.53665	-2.8689086	473849.0	29118
47.901848	2.8689086	473849.0	29118
82.15657	2.8689086	473849.0	29118
78.898636	-2.8689086	473849.0	29118
69.227036	2.8689086	473849.0	29118
39.14332	2.8689086	473849.0	29118
68.24969	2.8689086	473849.0	29118
227.9867	2.8689086	473849.0	29118
39.702053	-2.8689086	473849.0	29118
35.081795	2.8689086	473849.0	29118
92.83702	-2.8689086	473849.0	29118
87.03821	2.8689086	473849.0	29118
191.81328	2.8689086	473849.0	29118
69.88631	2.8689086	473849.0	29118
22.90024	2.8689086	473849.0	29118
33.513275	-2.8689086	473849.0	29118
89.49788	2.8689086	473849.0	29118
61.2693	2.8689086	473849.0	29118
132.3799	2.8689086	473849.0	29118
90.493645	2.8689086	473849.0	29118
72.411	-2.8689086	473849.0	29118
42.87849	2.8689086	473849.0	29118
99.209274	-2.8689086	473849.0	29118
51.77856	-2.8689086	473849.0	29118
44.005783	2.8689086	473849.0	29118
82.534645	-2.8689086	473849.0	29118
52.74517	2.8689086	473849.0	29118
94.09829	2.8689086	473849.0	29118
58.269794	2.8689086	473849.0	29118
57.994514	-2.8689086	473849.0	29118
65.87744	-2.8689086	473849.0	29118
91.47284	-2.8689086	473849.0	29118
87.80163	2.8689086	473849.0	29118
100.63269	2.8689086	473849.0	29118
47.524708	-2.8689086	473849.0	29118
104.826164	2.8689086	473849.0	29118
90.03189	2.8689086	473849.0	29118
45.511963	2.8689086	473849.0	29118
122.78951	-2.8689086	473849.0	29118
81.48722	-2.8689086	473849.0	29118
114.322586	-2.8689086	473849.0	29118
54.025932	2.8689086	473849.0	29118
51.972588	2.8689086	473849.0	29118
49.767227	-2.8689086	473849.0	29118
92.67749	2.8689086	473849.0	29118
42.771446	-2.8689086	473849.0	29118
62.44236	-2.8689086	473849.0	29118
145.21228	2.8689086	473849.0	29118
103.055275	2.8689086	473849.0	29118
61.222153	2.8689086	473849.0	29118
54.952183	-2.8689086	473849.0	29118
40.161755	2.8689086	473849.0	29118
47.827682	2.8689086	473849.0	29118
44.63525	2.8689086	473849.0	29118
65.07911	-2.8689086	473849.0	29118
47.632977	2.8689086	473849.0	29118
85.81347	-2.8689086	473849.0	29118
101.9474	-2.8689086	473849.0	29118
35.548187	2.8689086	473849.0	29118
54.68472	2.8689086	473849.0	29118
62.684223	-2.8689086	473849.0	29118
43.035736	-2.8689086	473849.0	29118
76.133484	2.8689086	473849.0	29118
145.79271	2.8689086	473849.0	29118
48.68357	-2.8689086	473849.0	29118
196.16402	-2.8689086	473849.0	29118
57.23823	2.8689086	473849.0	29118
45.53729	2.8689086	473849.0	29118
59.458916	2.8689086	473849.0	29118
99.93026	2.8689086	473849.0	29118
64.146484	-2.8689086	473849.0	29118
54.892666	2.8689086	473849.0	29118
60.842316	2.8689086	473849.0	29118
65.499084	2.8689086	473849.0	29118
85.699196	2.8689086	473849.0	29118
116.67038	2.8689086	473849.0	29118
49.22849	2.8689086	473849.0	29118
78.62825	-2.8689086	473849.0	29118
73.28898	2.8689086	473849.0	29118
89.34682	-2.8689086	473849.0	29118
98.81646	-2.8689086	473849.0	29118
98.076935	2.8689086	473849.0	29118
63.29752	-2.8689086	473849.0	29118
74.89169	2.8689086	473849.0	29118
42.905163	2.8689086	473849.0	29118
134.91205	-2.8689086	473849.0	29118
83.39834	2.8689086	473849.0	29118
103.527824	2.8689086	473849.0	29118
77.47089	2.8689086	473849.0	29118
73.380196	2.8689086	473849.0	29118
69.53171	2.8689086	473849.0	29118
51.036636	2.8689086	473849.0	29118
84.160706	-2.8689086	473849.0	29118
58.08614	-2.8689086	473849.0	29118
51.94945	2.8689086	473849.0	29118
193.47784	2.8689086	473849.0	29118
135.98978	2.8689086	473849.0	29118
226.10413	-2.8689086	473849.0	29118
97.70529	-2.8689086	473849.0	29118
99.064926	2.8689086	473849.0	29118
68.95318	2.8689086	473849.0	29118
67.75933	2.8689086	473849.0	29118
54.43554	2.8689086	473849.0	29118
174.34903	2.8689086	473849.0	29118
113.8407	2.8689086	473849.0	29118
78.24538	2.8689086	473849.0	29118
55.473995	-2.8689086	473849.0	29118
81.18904	2.8689086	473849.0	29118
73.21203	-2.8689086	473849.0	29118
48.438522	2.8689086	473849.0	29118
91.62706	2.8689086	473849.0	29118
61.70353	2.8689086	473849.0	29118
55.002457	2.8689086	473849.0	29118
137.11201	2.8689086	473849.0	29118
42.53299	-2.8689086	473849.0	29118
